Protein,Protein_definition,Disease_category,Disease,NB_individual,NB_case,HR[95%CI],P_value
FDX2,"Ferredoxin-2, mitochondrial",Chapter I Certain infectious and parasitic diseases,"Bacterial infection, other or unspecified",22711,96,1.18 [0.87-1.60],0.2848374538193802
FDX2,"Ferredoxin-2, mitochondrial",Chapter I Certain infectious and parasitic diseases,"Bacterial intestinal infections, IBD co-morbidities",23324,173,1.03 [0.80-1.32],0.8334038276448226
FDX2,"Ferredoxin-2, mitochondrial",Chapter I Certain infectious and parasitic diseases,"Bacterial, viral and other infectious agents",23098,1131,1.10 [1.00-1.21],0.0475062556102671
FDX2,"Ferredoxin-2, mitochondrial",Chapter I Certain infectious and parasitic diseases,Candidiasis,23348,407,1.01 [0.86-1.20],0.8611948515080503
FDX2,"Ferredoxin-2, mitochondrial",Chapter I Certain infectious and parasitic diseases,Certain infectious and parasitic diseases,22621,2949,1.09 [1.03-1.15],0.0049662145015234
FDX2,"Ferredoxin-2, mitochondrial",Chapter I Certain infectious and parasitic diseases,Condition for Implicit Sepsis (Organ dysfunction codes),22836,2413,1.15 [1.08-1.22],1.571765681440487e-05
FDX2,"Ferredoxin-2, mitochondrial",Chapter I Certain infectious and parasitic diseases,Diarrhoea and gastroenteritis of presumed infectious origin,23114,1143,1.12 [1.02-1.23],0.0133214945302109
FDX2,"Ferredoxin-2, mitochondrial",Chapter I Certain infectious and parasitic diseases,Enterocolitis due to Clostridium difficile,23256,76,1.05 [0.72-1.52],0.8088006127052595
FDX2,"Ferredoxin-2, mitochondrial",Chapter I Certain infectious and parasitic diseases,Explicit Sepsis,21808,671,1.16 [1.03-1.30],0.0133567778160818
FDX2,"Ferredoxin-2, mitochondrial",Chapter I Certain infectious and parasitic diseases,Implicit bacterial Sepsis,21078,775,1.22 [1.10-1.36],0.0001513123330002
FDX2,"Ferredoxin-2, mitochondrial",Chapter I Certain infectious and parasitic diseases,Implicit fungal Sepsis,21123,214,1.19 [0.97-1.46],0.0967825872139484
FDX2,"Ferredoxin-2, mitochondrial",Chapter I Certain infectious and parasitic diseases,Implicit Sepsis,16352,1382,1.19 [1.10-1.29],2.490377156359748e-05
FDX2,"Ferredoxin-2, mitochondrial",Chapter I Certain infectious and parasitic diseases,Implicit viral Sepsis,20938,315,1.29 [1.10-1.51],0.0018729037937549
FDX2,"Ferredoxin-2, mitochondrial",Chapter I Certain infectious and parasitic diseases,Intestinal infectious diseases,23296,1325,1.13 [1.04-1.23],0.0038746155069066
FDX2,"Ferredoxin-2, mitochondrial",Chapter I Certain infectious and parasitic diseases,Mycoses,23399,458,1.08 [0.93-1.25],0.3429425113593365
FDX2,"Ferredoxin-2, mitochondrial",Chapter I Certain infectious and parasitic diseases,Other bacterial agents as the cause of diseases classified to other chapters,22766,799,1.12 [1.00-1.25],0.0504990278061928
FDX2,"Ferredoxin-2, mitochondrial",Chapter I Certain infectious and parasitic diseases,Other bacterial diseases,23353,738,1.17 [1.05-1.30],0.0059862007241444
FDX2,"Ferredoxin-2, mitochondrial",Chapter I Certain infectious and parasitic diseases,Other bacterial intestinal infections,22144,173,1.04 [0.81-1.33],0.7869607156782381
FDX2,"Ferredoxin-2, mitochondrial",Chapter I Certain infectious and parasitic diseases,Other infectious diseases,23457,37,1.46 [0.98-2.17],0.0659038417779976
FDX2,"Ferredoxin-2, mitochondrial",Chapter I Certain infectious and parasitic diseases,Other septicaemia,23267,652,1.15 [1.02-1.30],0.0180309857204802
FDX2,"Ferredoxin-2, mitochondrial",Chapter I Certain infectious and parasitic diseases,Other specified/unspecified bacterial intestinal infections,23254,74,1.13 [0.80-1.61],0.4805175556463699
FDX2,"Ferredoxin-2, mitochondrial",Chapter I Certain infectious and parasitic diseases,Other viral diseases,23372,163,1.23 [0.99-1.53],0.0653899800995254
FDX2,"Ferredoxin-2, mitochondrial",Chapter I Certain infectious and parasitic diseases,"Other viral diseases, not elsewhere classified",23358,149,1.17 [0.92-1.49],0.1903205888848642
FDX2,"Ferredoxin-2, mitochondrial",Chapter I Certain infectious and parasitic diseases,Streptococcus and staphylococcus as the cause of diseases classified to other chapters,22250,283,1.22 [1.03-1.44],0.0247626725427562
FDX2,"Ferredoxin-2, mitochondrial",Chapter I Certain infectious and parasitic diseases,Viral agents as the cause of diseases classified to other chapters,22192,225,1.06 [0.85-1.31],0.6209180033794974
FDX2,"Ferredoxin-2, mitochondrial",Chapter I Certain infectious and parasitic diseases,Viral and other specified intestinal infections,22071,100,1.40 [1.08-1.81],0.0103469087892071
FDX2,"Ferredoxin-2, mitochondrial",Chapter I Certain infectious and parasitic diseases,Viral hepatitis,23434,32,1.34 [0.84-2.15],0.2175308749838347
FDX2,"Ferredoxin-2, mitochondrial",Chapter I Certain infectious and parasitic diseases,Viral infections characterized by skin and mucous membrane lesions,23390,139,1.17 [0.92-1.50],0.2075957579849189
FDX2,"Ferredoxin-2, mitochondrial",Chapter I Certain infectious and parasitic diseases,Viral warts,23290,39,1.20 [0.76-1.90],0.4346044841472765
FDX2,"Ferredoxin-2, mitochondrial",Chapter I Certain infectious and parasitic diseases,Zoster [herpes zoster],23321,70,1.12 [0.78-1.62],0.5322615918179983
FDX2,"Ferredoxin-2, mitochondrial",Chapter II Neoplasms,Benign lipomatous neoplasm,23214,200,1.02 [0.81-1.28],0.8949512573333495
FDX2,"Ferredoxin-2, mitochondrial",Chapter II Neoplasms,Benign lipomatous neoplasm of skin and subcutaneous tissue of limbs,23365,57,1.07 [0.71-1.62],0.7409926319646001
FDX2,"Ferredoxin-2, mitochondrial",Chapter II Neoplasms,Benign lipomatous neoplasm of skin and subcutaneous tissue of trunk,23358,58,1.18 [0.80-1.73],0.3978352245791556
FDX2,"Ferredoxin-2, mitochondrial",Chapter II Neoplasms,"Benign neoplasm of colon, rectum, anus and anal canal",23204,1028,1.02 [0.92-1.13],0.6856530210141839
FDX2,"Ferredoxin-2, mitochondrial",Chapter II Neoplasms,Benign neoplasm of meninges,23433,74,1.25 [0.90-1.72],0.1802730601031105
FDX2,"Ferredoxin-2, mitochondrial",Chapter II Neoplasms,Benign neoplasm of other and ill-defined parts of digestive system,23399,58,1.10 [0.73-1.65],0.6442191185400425
FDX2,"Ferredoxin-2, mitochondrial",Chapter II Neoplasms,Benign neoplasm of other and unspecified endocrine glands,23426,114,1.06 [0.78-1.44],0.7101458908133456
FDX2,"Ferredoxin-2, mitochondrial",Chapter II Neoplasms,Benign neoplasm of ovary,23387,148,0.97 [0.74-1.28],0.8302836285838652
FDX2,"Ferredoxin-2, mitochondrial",Chapter II Neoplasms,Benign neoplasm: Ascending colon,23437,230,0.99 [0.79-1.24],0.9328360196059724
FDX2,"Ferredoxin-2, mitochondrial",Chapter II Neoplasms,Benign neoplasm: Caecum,23444,212,0.94 [0.74-1.20],0.6344547499860407
FDX2,"Ferredoxin-2, mitochondrial",Chapter II Neoplasms,"Benign neoplasm: Colon, unspecified",23377,56,0.85 [0.52-1.38],0.5000111752516061
FDX2,"Ferredoxin-2, mitochondrial",Chapter II Neoplasms,Benign neoplasm: Descending colon,23442,130,0.83 [0.60-1.14],0.2451871040924382
FDX2,"Ferredoxin-2, mitochondrial",Chapter II Neoplasms,Benign neoplasm: Rectum,23403,237,0.97 [0.78-1.21],0.8152150181540341
FDX2,"Ferredoxin-2, mitochondrial",Chapter II Neoplasms,Benign neoplasm: Sigmoid colon,23357,427,1.09 [0.94-1.27],0.2486401031321705
FDX2,"Ferredoxin-2, mitochondrial",Chapter II Neoplasms,Benign neoplasm: Transverse colon,23442,244,1.11 [0.91-1.36],0.2900482752860168
FDX2,"Ferredoxin-2, mitochondrial",Chapter II Neoplasms,Carcinoma in situ of breast,19003,118,0.61 [0.42-0.88],0.0084508498690071
FDX2,"Ferredoxin-2, mitochondrial",Chapter II Neoplasms,"Carcinoma in situ of breast, intraductal",19073,136,0.91 [0.67-1.23],0.5232019549972777
FDX2,"Ferredoxin-2, mitochondrial",Chapter II Neoplasms,"Chronic lymphocytic leukaemia and small lyphocytis leukaemia, excluding all cancers (controls excluding all cancers)",19070,31,1.06 [0.60-1.89],0.8305972796850045
FDX2,"Ferredoxin-2, mitochondrial",Chapter II Neoplasms,"Diffuse large B-cell lymphoma, excluding all cancers (controls excluding all cancers)",19095,56,1.05 [0.67-1.62],0.8444499132101594
FDX2,"Ferredoxin-2, mitochondrial",Chapter II Neoplasms,"Haemangioma and lymphangioma, any site",23396,123,0.94 [0.69-1.28],0.6874644650969489
FDX2,"Ferredoxin-2, mitochondrial",Chapter II Neoplasms,"Haemangioma, any site",23397,121,0.95 [0.70-1.30],0.7537544404879254
FDX2,"Ferredoxin-2, mitochondrial",Chapter II Neoplasms,Leiomyoma of uterus,22605,487,1.07 [0.93-1.23],0.3640518366863673
FDX2,"Ferredoxin-2, mitochondrial",Chapter II Neoplasms,Lung cancer and mesothelioma,16845,271,1.07 [0.87-1.31],0.5381026477062694
FDX2,"Ferredoxin-2, mitochondrial",Chapter II Neoplasms,Lymphoid leukaemia,19072,33,0.78 [0.40-1.52],0.4723190009747846
FDX2,"Ferredoxin-2, mitochondrial",Chapter II Neoplasms,"Malignant melanoma of skin, excluding all cancers (controls excluding all cancers)",19191,152,0.92 [0.70-1.23],0.5896547850199385
FDX2,"Ferredoxin-2, mitochondrial",Chapter II Neoplasms,"Malignant neoplasm of bladder, excluding all cancers (controls excluding all cancers)",19133,94,1.08 [0.78-1.51],0.6339017220168328
FDX2,"Ferredoxin-2, mitochondrial",Chapter II Neoplasms,"Malignant neoplasm of corpus uteri, excluding all cancers (controls excluding all cancers)",19204,165,1.03 [0.79-1.33],0.8410920436050062
FDX2,"Ferredoxin-2, mitochondrial",Chapter II Neoplasms,"Malignant neoplasm of intrahepatic ducts, biliary tract and gallbladder, excluding all cancers (controls excluding all cancers)",19099,60,0.73 [0.44-1.20],0.218281974129951
FDX2,"Ferredoxin-2, mitochondrial",Chapter II Neoplasms,"Malignant neoplasm of kidney, except renal pelvis, excluding all cancers (controls excluding all cancers)",19100,61,0.73 [0.44-1.20],0.2143537399901041
FDX2,"Ferredoxin-2, mitochondrial",Chapter II Neoplasms,"Malignant neoplasm of oesophagus, excluding all cancers (controls excluding all cancers)",19088,49,0.69 [0.39-1.22],0.2000774501311379
FDX2,"Ferredoxin-2, mitochondrial",Chapter II Neoplasms,"Malignant neoplasm of ovary, excluding all cancers (controls excluding all cancers)",19161,122,1.09 [0.82-1.45],0.5650330511096858
FDX2,"Ferredoxin-2, mitochondrial",Chapter II Neoplasms,"Malignant neoplasm of pancreas, excluding all cancers (controls excluding all cancers)",19128,89,1.10 [0.79-1.55],0.5677195428919575
FDX2,"Ferredoxin-2, mitochondrial",Chapter II Neoplasms,"Malignant neoplasm of rectum, excluding all cancers (controls excluding all cancers)",19110,71,1.13 [0.78-1.63],0.5092092929056107
FDX2,"Ferredoxin-2, mitochondrial",Chapter II Neoplasms,"Malignant neoplasm of stomach, excluding all cancers (controls excluding all cancers)",19073,34,1.00 [0.56-1.79],0.9927632974215018
FDX2,"Ferredoxin-2, mitochondrial",Chapter II Neoplasms,Malignant neoplasms of independent (primary) multiple sites,19109,70,0.93 [0.61-1.41],0.7188800649230398
FDX2,"Ferredoxin-2, mitochondrial",Chapter II Neoplasms,Melanocytic naevi,23230,204,1.12 [0.91-1.38],0.303415192564221
FDX2,"Ferredoxin-2, mitochondrial",Chapter II Neoplasms,Melanocytic naevi of trunk,23421,69,1.13 [0.79-1.61],0.4999134878212388
FDX2,"Ferredoxin-2, mitochondrial",Chapter II Neoplasms,Melanoma in situ,19066,75,1.01 [0.68-1.49],0.9737454372762796
FDX2,"Ferredoxin-2, mitochondrial",Chapter II Neoplasms,"Non-follicular lymphoma, hilmo, excluding all cancers",19108,69,1.19 [0.83-1.70],0.3518453638404991
FDX2,"Ferredoxin-2, mitochondrial",Chapter II Neoplasms,"Non-Hodgkin lymphoma, all, excluding all cancers (controls excluding all cancers)",19168,129,1.29 [1.01-1.64],0.037612833709805
FDX2,"Ferredoxin-2, mitochondrial",Chapter II Neoplasms,"Non-small cell lung cancer, excluding all cancers (controls excluding all cancers)",19240,201,1.01 [0.79-1.28],0.959276472658922
FDX2,"Ferredoxin-2, mitochondrial",Chapter II Neoplasms,"Other and unspecified types of non-Hodgkin lymphoma, hilmo, excluding all cancers",19119,80,1.36 [1.02-1.81],0.0367254008154083
FDX2,"Ferredoxin-2, mitochondrial",Chapter II Neoplasms,Other benign neoplasms of skin,23264,149,0.85 [0.64-1.15],0.2938549070769757
FDX2,"Ferredoxin-2, mitochondrial",Chapter II Neoplasms,"Other malignant neoplasms of skin (=non-melanoma skin cancer), excluding all cancers (controls excluding all cancers)",19827,788,1.00 [0.89-1.13],0.9534709703299696
FDX2,"Ferredoxin-2, mitochondrial",Chapter II Neoplasms,"Squamous cell neoplasms and carcinomas of the skin, excluding all cancers (controls excluding all cancers)",19862,823,1.00 [0.89-1.13],0.9613199653849268
FDX2,"Ferredoxin-2, mitochondrial",Chapter III Diseases of the blood and blood-forming organs and certain disorders involving the immune mechanism,Agranulocytosis,23184,330,0.99 [0.82-1.19],0.9212370748872418
FDX2,"Ferredoxin-2, mitochondrial",Chapter III Diseases of the blood and blood-forming organs and certain disorders involving the immune mechanism,Anaemia in chronic diseases classified elsewhere,21758,83,1.36 [1.02-1.81],0.0332376356650565
FDX2,"Ferredoxin-2, mitochondrial",Chapter III Diseases of the blood and blood-forming organs and certain disorders involving the immune mechanism,Diseases of spleen,22922,68,1.21 [0.85-1.71],0.2964234873314364
FDX2,"Ferredoxin-2, mitochondrial",Chapter III Diseases of the blood and blood-forming organs and certain disorders involving the immune mechanism,Diseases of the blood and blood-forming organs and certain disorders involving the immune mechanism,22589,2521,1.13 [1.06-1.20],9.730742127626064e-05
FDX2,"Ferredoxin-2, mitochondrial",Chapter III Diseases of the blood and blood-forming organs and certain disorders involving the immune mechanism,Folate deficiency anaemia,22086,27,1.25 [0.73-2.17],0.4175298016548688
FDX2,"Ferredoxin-2, mitochondrial",Chapter III Diseases of the blood and blood-forming organs and certain disorders involving the immune mechanism,Idiopathic thrombocytopenic purpura,23115,43,1.63 [1.21-2.20],0.0014181100871567
FDX2,"Ferredoxin-2, mitochondrial",Chapter III Diseases of the blood and blood-forming organs and certain disorders involving the immune mechanism,Other anaemias,22956,1281,1.17 [1.08-1.27],0.0002316900581362
FDX2,"Ferredoxin-2, mitochondrial",Chapter III Diseases of the blood and blood-forming organs and certain disorders involving the immune mechanism,Other and unspecified anaemias,22956,1281,1.17 [1.08-1.27],0.0002316900581362
FDX2,"Ferredoxin-2, mitochondrial",Chapter III Diseases of the blood and blood-forming organs and certain disorders involving the immune mechanism,Other and unspecified aplastic anaemias,21741,66,1.05 [0.70-1.56],0.8214044153798762
FDX2,"Ferredoxin-2, mitochondrial",Chapter III Diseases of the blood and blood-forming organs and certain disorders involving the immune mechanism,Other and unspecified iron deficiency,23107,1048,1.19 [1.09-1.31],0.000122891927903
FDX2,"Ferredoxin-2, mitochondrial",Chapter III Diseases of the blood and blood-forming organs and certain disorders involving the immune mechanism,Other coagulation defects,23173,101,1.18 [0.88-1.58],0.2593484206961277
FDX2,"Ferredoxin-2, mitochondrial",Chapter III Diseases of the blood and blood-forming organs and certain disorders involving the immune mechanism,Other diseases of blood and blood-forming organs,22897,43,0.81 [0.46-1.43],0.4626303567251174
FDX2,"Ferredoxin-2, mitochondrial",Chapter III Diseases of the blood and blood-forming organs and certain disorders involving the immune mechanism,Other disorders of white blood cells,22906,52,1.16 [0.76-1.75],0.4914842626447144
FDX2,"Ferredoxin-2, mitochondrial",Chapter III Diseases of the blood and blood-forming organs and certain disorders involving the immune mechanism,Purpura and other haemorrhagic conditions,23270,198,1.28 [1.06-1.55],0.0107223213080859
FDX2,"Ferredoxin-2, mitochondrial",Chapter III Diseases of the blood and blood-forming organs and certain disorders involving the immune mechanism,Sarcoidosis,23362,53,1.49 [1.11-2.01],0.0082098545728282
FDX2,"Ferredoxin-2, mitochondrial",Chapter III Diseases of the blood and blood-forming organs and certain disorders involving the immune mechanism,"Thrombocytopenia, unspecified",23240,168,1.19 [0.95-1.49],0.1341628341500722
FDX2,"Ferredoxin-2, mitochondrial",Chapter III Diseases of the blood and blood-forming organs and certain disorders involving the immune mechanism,Vitamin B12 deficiency anaemia,22171,112,1.26 [0.97-1.65],0.0832770175890547
FDX2,"Ferredoxin-2, mitochondrial","Chapter IV Endocrine, nutritional and metabolic diseases",Acidosis,18899,203,1.15 [0.93-1.43],0.2063741942933336
FDX2,"Ferredoxin-2, mitochondrial","Chapter IV Endocrine, nutritional and metabolic diseases",Acute alcohol intoxication,22241,55,1.29 [0.83-2.00],0.2584558862663644
FDX2,"Ferredoxin-2, mitochondrial","Chapter IV Endocrine, nutritional and metabolic diseases",Alcohol dependence,22240,54,1.30 [0.83-2.02],0.2500205912543011
FDX2,"Ferredoxin-2, mitochondrial","Chapter IV Endocrine, nutritional and metabolic diseases",Alkalosis,18739,43,1.41 [0.98-2.04],0.0667691666742622
FDX2,"Ferredoxin-2, mitochondrial","Chapter IV Endocrine, nutritional and metabolic diseases",Bipolar affective disorders,21525,53,1.71 [1.32-2.22],4.897830650238492e-05
FDX2,"Ferredoxin-2, mitochondrial","Chapter IV Endocrine, nutritional and metabolic diseases",Deficiency of other B group vitamins,21225,210,1.04 [0.83-1.30],0.75574506738146
FDX2,"Ferredoxin-2, mitochondrial","Chapter IV Endocrine, nutritional and metabolic diseases","Delirium, not induced by alcohol and other psychoactive substances",23084,405,1.04 [0.88-1.23],0.6382739007214804
FDX2,"Ferredoxin-2, mitochondrial","Chapter IV Endocrine, nutritional and metabolic diseases",Dementia in Alzheimer disease,22931,252,1.11 [0.91-1.36],0.3161593938195894
FDX2,"Ferredoxin-2, mitochondrial","Chapter IV Endocrine, nutritional and metabolic diseases",Dementia in other diseases classified elsewhere,22737,58,1.25 [0.86-1.82],0.23579990875773
FDX2,"Ferredoxin-2, mitochondrial","Chapter IV Endocrine, nutritional and metabolic diseases",Depression,23133,1661,1.03 [0.95-1.12],0.4238469781159837
FDX2,"Ferredoxin-2, mitochondrial","Chapter IV Endocrine, nutritional and metabolic diseases",Depression or dysthymia,20803,1624,1.03 [0.95-1.12],0.5098478244135363
FDX2,"Ferredoxin-2, mitochondrial","Chapter IV Endocrine, nutritional and metabolic diseases","Disorder of lipoprotein metabolism, unspecified",18743,47,1.31 [0.87-1.96],0.1927949537535463
FDX2,"Ferredoxin-2, mitochondrial","Chapter IV Endocrine, nutritional and metabolic diseases","Disorder of thyroid, unspecified",20854,101,1.39 [1.08-1.78],0.0112431383382774
FDX2,"Ferredoxin-2, mitochondrial","Chapter IV Endocrine, nutritional and metabolic diseases",Disorders of calcium metabolism,18940,244,1.26 [1.05-1.51],0.0148683398381009
FDX2,"Ferredoxin-2, mitochondrial","Chapter IV Endocrine, nutritional and metabolic diseases",Disorders of iron metabolism,18737,41,0.91 [0.53-1.58],0.742062389668857
FDX2,"Ferredoxin-2, mitochondrial","Chapter IV Endocrine, nutritional and metabolic diseases",Disorders of lipoprotein metabolism and other lipidaemias,21378,2682,1.02 [0.96-1.09],0.5358947821477524
FDX2,"Ferredoxin-2, mitochondrial","Chapter IV Endocrine, nutritional and metabolic diseases",Disorders of magnesium metabolism,18876,180,0.95 [0.73-1.23],0.6882367037259847
FDX2,"Ferredoxin-2, mitochondrial","Chapter IV Endocrine, nutritional and metabolic diseases",Disorders of mineral metabolism,19165,469,1.12 [0.97-1.30],0.1146619428603395
FDX2,"Ferredoxin-2, mitochondrial","Chapter IV Endocrine, nutritional and metabolic diseases",Disorders of other endocrine glands,23375,306,1.14 [0.95-1.35],0.150798168086371
FDX2,"Ferredoxin-2, mitochondrial","Chapter IV Endocrine, nutritional and metabolic diseases",Disorders of parathyroid gland,23212,143,1.32 [1.06-1.65],0.0139032931813522
FDX2,"Ferredoxin-2, mitochondrial","Chapter IV Endocrine, nutritional and metabolic diseases",Disorders of phosphorus metabolism and phosphatases,18784,88,0.93 [0.64-1.35],0.7003957455616865
FDX2,"Ferredoxin-2, mitochondrial","Chapter IV Endocrine, nutritional and metabolic diseases","Disorders of plasma-protein metabolism, not elsewhere classified",18745,49,1.18 [0.77-1.81],0.4518682228322314
FDX2,"Ferredoxin-2, mitochondrial","Chapter IV Endocrine, nutritional and metabolic diseases",Disorders of the thyroid gland,22710,1957,1.06 [0.98-1.14],0.1490805748646302
FDX2,"Ferredoxin-2, mitochondrial","Chapter IV Endocrine, nutritional and metabolic diseases",Fluid overload,18867,171,1.28 [1.03-1.59],0.023213019211379
FDX2,"Ferredoxin-2, mitochondrial","Chapter IV Endocrine, nutritional and metabolic diseases",Hyperkalaemia,18864,168,1.43 [1.18-1.74],0.0002775287171977
FDX2,"Ferredoxin-2, mitochondrial","Chapter IV Endocrine, nutritional and metabolic diseases","Hyperlipidaemia, other/unspecified",19153,457,1.09 [0.94-1.27],0.2608621943483319
FDX2,"Ferredoxin-2, mitochondrial","Chapter IV Endocrine, nutritional and metabolic diseases",Hyperosmolality and hypernatraemia,18764,68,1.00 [0.67-1.51],0.9977524607562476
FDX2,"Ferredoxin-2, mitochondrial","Chapter IV Endocrine, nutritional and metabolic diseases",Hyperparathyroidism,23206,137,1.27 [1.00-1.61],0.0481197497898698
FDX2,"Ferredoxin-2, mitochondrial","Chapter IV Endocrine, nutritional and metabolic diseases",Hypo-osmolality and hyponatraemia,19220,524,1.13 [0.98-1.29],0.0878366216554514
FDX2,"Ferredoxin-2, mitochondrial","Chapter IV Endocrine, nutritional and metabolic diseases",Hypokalaemia,19169,473,1.15 [1.00-1.32],0.0540074345991181
FDX2,"Ferredoxin-2, mitochondrial","Chapter IV Endocrine, nutritional and metabolic diseases",Iron deficiency,21077,62,0.82 [0.51-1.31],0.4068905653703293
FDX2,"Ferredoxin-2, mitochondrial","Chapter IV Endocrine, nutritional and metabolic diseases",Metabolic disorders,22707,4011,1.05 [1.00-1.11],0.0700885703100771
FDX2,"Ferredoxin-2, mitochondrial","Chapter IV Endocrine, nutritional and metabolic diseases",Nontoxic multinodular goitre,20815,62,0.73 [0.44-1.19],0.2008821986283606
FDX2,"Ferredoxin-2, mitochondrial","Chapter IV Endocrine, nutritional and metabolic diseases",Nontoxic single thyroid nodule,20830,77,1.23 [0.89-1.69],0.2036872213376676
FDX2,"Ferredoxin-2, mitochondrial","Chapter IV Endocrine, nutritional and metabolic diseases",Obesity,23294,1758,1.05 [0.97-1.13],0.2069396773971952
FDX2,"Ferredoxin-2, mitochondrial","Chapter IV Endocrine, nutritional and metabolic diseases","Obesity, other/unspecified",23298,1757,1.05 [0.97-1.13],0.2100816476689512
FDX2,"Ferredoxin-2, mitochondrial","Chapter IV Endocrine, nutritional and metabolic diseases",Other and/or unspecified nontoxic goitre,20824,71,1.28 [0.93-1.78],0.1323830596578905
FDX2,"Ferredoxin-2, mitochondrial","Chapter IV Endocrine, nutritional and metabolic diseases",Other anxiety disorders,23104,1348,1.03 [0.94-1.12],0.585078920951363
FDX2,"Ferredoxin-2, mitochondrial","Chapter IV Endocrine, nutritional and metabolic diseases","Other disorders of fluid, electrolyte and acid-base balance",19971,1275,1.17 [1.08-1.27],0.0002308961490437
FDX2,"Ferredoxin-2, mitochondrial","Chapter IV Endocrine, nutritional and metabolic diseases",Other disorders of glucose regulation and pancreatic internal secretion,23448,152,1.26 [0.99-1.59],0.0584632403494193
FDX2,"Ferredoxin-2, mitochondrial","Chapter IV Endocrine, nutritional and metabolic diseases",Other mental disorders due to brain damage and dysfunction and to physical disease,22720,41,1.36 [0.91-2.04],0.1297848548590138
FDX2,"Ferredoxin-2, mitochondrial","Chapter IV Endocrine, nutritional and metabolic diseases",Panic disorder,21871,115,1.04 [0.77-1.41],0.797185111560871
FDX2,"Ferredoxin-2, mitochondrial","Chapter IV Endocrine, nutritional and metabolic diseases",Phobic anxiety disorders,21924,168,1.21 [0.96-1.51],0.0997451200599683
FDX2,"Ferredoxin-2, mitochondrial","Chapter IV Endocrine, nutritional and metabolic diseases","Postprocedural endocrine and metabolic disorders, not elsewhere classified",18910,214,1.15 [0.93-1.41],0.1939428602714688
FDX2,"Ferredoxin-2, mitochondrial","Chapter IV Endocrine, nutritional and metabolic diseases",Type 1 diabetes without complications,21901,118,1.10 [0.82-1.46],0.5275814374867236
FDX2,"Ferredoxin-2, mitochondrial","Chapter IV Endocrine, nutritional and metabolic diseases",Type 2 diabetes with neurological complications,1448,37,1.40 [0.83-2.37],0.2073620329881377
FDX2,"Ferredoxin-2, mitochondrial","Chapter IV Endocrine, nutritional and metabolic diseases",Type 2 diabetes with ophthalmic complications,1541,149,1.15 [0.86-1.52],0.3441029143504357
FDX2,"Ferredoxin-2, mitochondrial","Chapter IV Endocrine, nutritional and metabolic diseases",Type 2 diabetes with peripheral circulatory complications,21807,24,1.69 [1.08-2.66],0.0223162564574906
FDX2,"Ferredoxin-2, mitochondrial","Chapter IV Endocrine, nutritional and metabolic diseases",Type 2 diabetes with renal complications,1432,22,0.99 [0.46-2.13],0.9767941408121033
FDX2,"Ferredoxin-2, mitochondrial","Chapter IV Endocrine, nutritional and metabolic diseases",Type 2 diabetes without complications,23053,1270,1.08 [0.98-1.18],0.1038349357803172
FDX2,"Ferredoxin-2, mitochondrial","Chapter IV Endocrine, nutritional and metabolic diseases",Unspecified dementia,22964,285,1.07 [0.89-1.30],0.4666964653026922
FDX2,"Ferredoxin-2, mitochondrial","Chapter IV Endocrine, nutritional and metabolic diseases",Vitamin D deficiency,21427,412,1.06 [0.90-1.24],0.4837666229940135
FDX2,"Ferredoxin-2, mitochondrial","Chapter IV Endocrine, nutritional and metabolic diseases",Volume depletion,19302,606,1.13 [0.99-1.28],0.0622994776928666
FDX2,"Ferredoxin-2, mitochondrial",Chapter IX Diseases of the circulatory system,"!Phlebitis/thrombophlebitis venae iliacae [externae/internae/communis], drug-induced",23371,206,1.22 [1.00-1.49],0.0514649072897481
FDX2,"Ferredoxin-2, mitochondrial",Chapter IX Diseases of the circulatory system,Abdominal aortic aneurysm (AAA),22573,45,1.25 [0.81-1.92],0.3190939139726603
FDX2,"Ferredoxin-2, mitochondrial",Chapter IX Diseases of the circulatory system,Angina pectoris,22158,729,0.98 [0.86-1.11],0.7392350462378157
FDX2,"Ferredoxin-2, mitochondrial",Chapter IX Diseases of the circulatory system,Aortic aneurysm,22609,81,1.07 [0.75-1.53],0.7168498650660245
FDX2,"Ferredoxin-2, mitochondrial",Chapter IX Diseases of the circulatory system,Arterial embolism and thrombosis of lower extremity artery,22558,30,1.14 [0.64-2.04],0.6575300754352196
FDX2,"Ferredoxin-2, mitochondrial",Chapter IX Diseases of the circulatory system,"Atherosclerosis, excluding cerebral and coronary sclerosis",22666,138,0.99 [0.74-1.32],0.938131888791508
FDX2,"Ferredoxin-2, mitochondrial",Chapter IX Diseases of the circulatory system,Atrial fibrillation and flutter,15241,1238,1.06 [0.96-1.16],0.226463831254663
FDX2,"Ferredoxin-2, mitochondrial",Chapter IX Diseases of the circulatory system,AV-block,20580,205,0.99 [0.78-1.26],0.962249076376074
FDX2,"Ferredoxin-2, mitochondrial",Chapter IX Diseases of the circulatory system,"Bradycardia, unspecified, drug-induced",23415,260,1.12 [0.92-1.35],0.2552893834162675
FDX2,"Ferredoxin-2, mitochondrial",Chapter IX Diseases of the circulatory system,Cardiac arrest,14109,106,1.25 [0.94-1.66],0.1224206031155439
FDX2,"Ferredoxin-2, mitochondrial",Chapter IX Diseases of the circulatory system,Cardiomyopathy,20495,120,1.12 [0.84-1.49],0.45254944447159
FDX2,"Ferredoxin-2, mitochondrial",Chapter IX Diseases of the circulatory system,"Cardiomyopathy, other and unspecified",20448,73,1.36 [1.01-1.84],0.0418648305464127
FDX2,"Ferredoxin-2, mitochondrial",Chapter IX Diseases of the circulatory system,Cerebral atherosclerosis,23454,26,1.29 [0.76-2.18],0.3510570803436439
FDX2,"Ferredoxin-2, mitochondrial",Chapter IX Diseases of the circulatory system,Conduction disorders,20994,619,1.13 [1.00-1.28],0.0574927672002366
FDX2,"Ferredoxin-2, mitochondrial",Chapter IX Diseases of the circulatory system,Coronary atherosclerosis,22681,1261,1.07 [0.97-1.17],0.1749016764287065
FDX2,"Ferredoxin-2, mitochondrial",Chapter IX Diseases of the circulatory system,Death due to cardiac causes,21106,6213,1.06 [1.02-1.11],0.0057967526484667
FDX2,"Ferredoxin-2, mitochondrial",Chapter IX Diseases of the circulatory system,DVT of lower extremities,22181,219,1.24 [1.02-1.50],0.0298009489310661
FDX2,"Ferredoxin-2, mitochondrial",Chapter IX Diseases of the circulatory system,Endocarditis,20420,45,1.33 [0.90-1.96],0.1573090533728153
FDX2,"Ferredoxin-2, mitochondrial",Chapter IX Diseases of the circulatory system,"Heart failure, strict",23375,706,1.19 [1.06-1.33],0.0024297510673217
FDX2,"Ferredoxin-2, mitochondrial",Chapter IX Diseases of the circulatory system,Hypertension,21636,5222,1.08 [1.03-1.13],0.0007646720885108
FDX2,"Ferredoxin-2, mitochondrial",Chapter IX Diseases of the circulatory system,"Hypertension, essential",21644,5230,1.08 [1.03-1.13],0.0006971769394807
FDX2,"Ferredoxin-2, mitochondrial",Chapter IX Diseases of the circulatory system,"Hypertension, portal",23359,34,1.49 [1.00-2.22],0.0503864627955163
FDX2,"Ferredoxin-2, mitochondrial",Chapter IX Diseases of the circulatory system,"Hypertension, Pulmonary Arterial",16562,148,1.35 [1.08-1.70],0.0097581422683138
FDX2,"Ferredoxin-2, mitochondrial",Chapter IX Diseases of the circulatory system,Hypertensive Renal Disease,16479,65,1.66 [1.26-2.18],0.0002787210375628
FDX2,"Ferredoxin-2, mitochondrial",Chapter IX Diseases of the circulatory system,Hypotension,23342,907,1.14 [1.03-1.26],0.0100201649530608
FDX2,"Ferredoxin-2, mitochondrial",Chapter IX Diseases of the circulatory system,Intracerebral haemorrhage,22820,81,1.33 [0.98-1.80],0.063520623167496
FDX2,"Ferredoxin-2, mitochondrial",Chapter IX Diseases of the circulatory system,"Ischaemic heart disease, wide definition",22855,1426,1.05 [0.97-1.15],0.2396788551961082
FDX2,"Ferredoxin-2, mitochondrial",Chapter IX Diseases of the circulatory system,"Ischaemic Stroke, excluding all haemorrhages",23192,382,1.16 [0.99-1.35],0.0685418019998842
FDX2,"Ferredoxin-2, mitochondrial",Chapter IX Diseases of the circulatory system,Left bundle-branch block,20637,262,1.07 [0.88-1.31],0.5012055100869031
FDX2,"Ferredoxin-2, mitochondrial",Chapter IX Diseases of the circulatory system,Major coronary heart disease event,23271,517,1.14 [1.00-1.31],0.056420229049169
FDX2,"Ferredoxin-2, mitochondrial",Chapter IX Diseases of the circulatory system,"Myocardial infarction, strict",21846,417,1.23 [1.07-1.42],0.0034402208215596
FDX2,"Ferredoxin-2, mitochondrial",Chapter IX Diseases of the circulatory system,"Myocardial infarction, with ST-elevation",23433,76,1.24 [0.90-1.72],0.1888871912396722
FDX2,"Ferredoxin-2, mitochondrial",Chapter IX Diseases of the circulatory system,"Myocardial infarction, without ST-elevation",23449,209,1.28 [1.05-1.55],0.0126350927730621
FDX2,"Ferredoxin-2, mitochondrial",Chapter IX Diseases of the circulatory system,Oesophageal varices,21995,33,1.30 [0.81-2.11],0.2772417446722492
FDX2,"Ferredoxin-2, mitochondrial",Chapter IX Diseases of the circulatory system,Other aneurysm,22578,50,0.85 [0.51-1.42],0.525177498601144
FDX2,"Ferredoxin-2, mitochondrial",Chapter IX Diseases of the circulatory system,Other arrhythmias,20680,305,1.17 [0.99-1.39],0.0673643580576
FDX2,"Ferredoxin-2, mitochondrial",Chapter IX Diseases of the circulatory system,Other arterial embolism and thrombosis,22589,61,1.23 [0.84-1.80],0.2937310823607222
FDX2,"Ferredoxin-2, mitochondrial",Chapter IX Diseases of the circulatory system,Other diseases of arteries and capillaries,22701,173,1.22 [0.98-1.52],0.0727328869670355
FDX2,"Ferredoxin-2, mitochondrial",Chapter IX Diseases of the circulatory system,Other diseases of pericardium,20521,146,1.10 [0.85-1.43],0.4755612044379059
FDX2,"Ferredoxin-2, mitochondrial",Chapter IX Diseases of the circulatory system,Other disorders of veins,22037,75,1.28 [0.93-1.76],0.1266004267595288
FDX2,"Ferredoxin-2, mitochondrial",Chapter IX Diseases of the circulatory system,Other embolism and thrombosis,22003,41,0.80 [0.45-1.43],0.44644756614761
FDX2,"Ferredoxin-2, mitochondrial",Chapter IX Diseases of the circulatory system,Other intracranial haemorrhages,22403,32,0.92 [0.49-1.73],0.8061986044503584
FDX2,"Ferredoxin-2, mitochondrial",Chapter IX Diseases of the circulatory system,Other noninfective disorders of lymphatic vessels and lymph nodes,22092,130,1.04 [0.78-1.39],0.8013106232527718
FDX2,"Ferredoxin-2, mitochondrial",Chapter IX Diseases of the circulatory system,Other or ill-defined heart diseases,21040,665,1.11 [0.98-1.26],0.0905546567993791
FDX2,"Ferredoxin-2, mitochondrial",Chapter IX Diseases of the circulatory system,Other other unspecified disorders of the circulatory system,22472,37,1.00 [0.57-1.74],0.9938587391760584
FDX2,"Ferredoxin-2, mitochondrial",Chapter IX Diseases of the circulatory system,Other peripheral vascular diseases,22968,440,1.04 [0.89-1.22],0.6171465934480002
FDX2,"Ferredoxin-2, mitochondrial",Chapter IX Diseases of the circulatory system,Other pulmonary heart/vessel disease,22957,278,1.23 [1.04-1.47],0.0176654964730743
FDX2,"Ferredoxin-2, mitochondrial",Chapter IX Diseases of the circulatory system,"Other specified cerebrovascular diseases, other cerebrovascular disorders in diseases classified elsewhere",22824,453,1.07 [0.91-1.24],0.4197970342763824
FDX2,"Ferredoxin-2, mitochondrial",Chapter IX Diseases of the circulatory system,Paroxysmal tachycardia,14251,248,1.29 [1.08-1.54],0.0050349192254298
FDX2,"Ferredoxin-2, mitochondrial",Chapter IX Diseases of the circulatory system,Peripheral artery disease,22761,243,1.06 [0.86-1.31],0.5913265669500907
FDX2,"Ferredoxin-2, mitochondrial",Chapter IX Diseases of the circulatory system,Phlebitis and thrombophlebitis (not including DVT),22246,284,1.20 [1.01-1.43],0.0371372512337338
FDX2,"Ferredoxin-2, mitochondrial",Chapter IX Diseases of the circulatory system,Pulmonary embolism,23056,377,1.03 [0.87-1.22],0.7508431434074677
FDX2,"Ferredoxin-2, mitochondrial",Chapter IX Diseases of the circulatory system,Rheumatic valve diseases,23387,491,1.15 [1.00-1.32],0.0536013747284165
FDX2,"Ferredoxin-2, mitochondrial",Chapter IX Diseases of the circulatory system,Right bundle-branch block,20557,182,1.33 [1.09-1.61],0.004498494209152
FDX2,"Ferredoxin-2, mitochondrial",Chapter IX Diseases of the circulatory system,Secondary right heart disease,22951,272,1.25 [1.05-1.49],0.0122012231879831
FDX2,"Ferredoxin-2, mitochondrial",Chapter IX Diseases of the circulatory system,Sequelae of cerebrovascular disease,22501,130,1.08 [0.81-1.43],0.6042938709564497
FDX2,"Ferredoxin-2, mitochondrial",Chapter IX Diseases of the circulatory system,"Stroke, excluding SAH",23183,444,1.16 [1.01-1.35],0.0395365472962314
FDX2,"Ferredoxin-2, mitochondrial",Chapter IX Diseases of the circulatory system,"Stroke, including SAH",23161,484,1.15 [1.00-1.33],0.044958491234829
FDX2,"Ferredoxin-2, mitochondrial",Chapter IX Diseases of the circulatory system,Subarachnoid haemorrhage,22793,61,1.07 [0.70-1.62],0.760653818906468
FDX2,"Ferredoxin-2, mitochondrial",Chapter IX Diseases of the circulatory system,Thoracic aortic aneurysm,22564,36,1.07 [0.63-1.84],0.7968842634972058
FDX2,"Ferredoxin-2, mitochondrial",Chapter IX Diseases of the circulatory system,Transient ischemic attack,22987,177,1.24 [1.00-1.54],0.0466600895907597
FDX2,"Ferredoxin-2, mitochondrial",Chapter IX Diseases of the circulatory system,Unstable angina pectoris,22925,171,1.04 [0.80-1.34],0.7691703498328243
FDX2,"Ferredoxin-2, mitochondrial",Chapter IX Diseases of the circulatory system,Varicose veins,22335,373,1.02 [0.86-1.21],0.8132295095599817
FDX2,"Ferredoxin-2, mitochondrial",Chapter IX Diseases of the circulatory system,Vascular diseases of the intestine,22538,82,0.97 [0.67-1.42],0.8924828752882057
FDX2,"Ferredoxin-2, mitochondrial",Chapter IX Diseases of the circulatory system,Venous thromboembolism,23273,599,1.10 [0.97-1.25],0.1382199718200607
FDX2,"Ferredoxin-2, mitochondrial",Chapter V Mental and behavioural disorders,"Alcohol use disorder, ICD-based",23420,192,1.18 [0.96-1.46],0.1247619030994261
FDX2,"Ferredoxin-2, mitochondrial",Chapter V Mental and behavioural disorders,"Anxiety disorders, excluding more controls",20862,1575,1.06 [0.97-1.15],0.1899042685096476
FDX2,"Ferredoxin-2, mitochondrial",Chapter V Mental and behavioural disorders,Any mental disorder,22951,3664,1.05 [1.00-1.11],0.0559669634042275
FDX2,"Ferredoxin-2, mitochondrial",Chapter V Mental and behavioural disorders,"Mental and behavioural disorders due to alcohol, excluding acute intoxication",23394,224,1.16 [0.95-1.41],0.1561171047112831
FDX2,"Ferredoxin-2, mitochondrial",Chapter V Mental and behavioural disorders,"Mood disorders, excluding more controls",20964,1677,1.05 [0.97-1.14],0.2300526837455549
FDX2,"Ferredoxin-2, mitochondrial",Chapter V Mental and behavioural disorders,"Schizophrenia or delusion, excluding more controls",19364,77,1.04 [0.71-1.51],0.8485173106016635
FDX2,"Ferredoxin-2, mitochondrial",Chapter V Mental and behavioural disorders,Smoking dependency,23110,1015,1.06 [0.95-1.19],0.2849190119956028
FDX2,"Ferredoxin-2, mitochondrial",Chapter V Mental and behavioural disorders,"Substance abuse, excluding more controls",20461,1174,1.04 [0.94-1.15],0.4244109265063984
FDX2,"Ferredoxin-2, mitochondrial",Chapter V Mental and behavioural disorders,Vascular dementia,23043,91,1.25 [0.93-1.68],0.1401581128658089
FDX2,"Ferredoxin-2, mitochondrial",Chapter VI Diseases of the nervous system,Alzheimer disease,23455,313,1.13 [0.94-1.34],0.1875716365870636
FDX2,"Ferredoxin-2, mitochondrial",Chapter VI Diseases of the nervous system,"AlzheimerÕs disease (Atypical or mixed), excluding more controls",16087,51,0.98 [0.59-1.62],0.9238921356450774
FDX2,"Ferredoxin-2, mitochondrial",Chapter VI Diseases of the nervous system,Bell's palsy,21631,72,0.90 [0.59-1.37],0.6210797744326572
FDX2,"Ferredoxin-2, mitochondrial",Chapter VI Diseases of the nervous system,Carpal tunnel syndrome,22097,538,1.03 [0.89-1.19],0.6825216924825592
FDX2,"Ferredoxin-2, mitochondrial",Chapter VI Diseases of the nervous system,Cerebral cysts,23111,187,1.11 [0.89-1.39],0.3673073432587607
FDX2,"Ferredoxin-2, mitochondrial",Chapter VI Diseases of the nervous system,Cerebral palsy and other paralytic syndromes,23393,229,1.15 [0.94-1.40],0.1860198818948025
FDX2,"Ferredoxin-2, mitochondrial",Chapter VI Diseases of the nervous system,Circumscribed brain atrophy,23046,36,1.34 [0.87-2.06],0.1836457528557348
FDX2,"Ferredoxin-2, mitochondrial",Chapter VI Diseases of the nervous system,Diseases of the myoneural junction and muscle,23444,43,1.36 [0.93-2.00],0.1147131470938348
FDX2,"Ferredoxin-2, mitochondrial",Chapter VI Diseases of the nervous system,"Disorders of brain, other and unspecified",22969,45,0.89 [0.53-1.52],0.6755965306708351
FDX2,"Ferredoxin-2, mitochondrial",Chapter VI Diseases of the nervous system,Epilepsy,22212,236,1.08 [0.87-1.32],0.4894254053222358
FDX2,"Ferredoxin-2, mitochondrial",Chapter VI Diseases of the nervous system,Episodal and paroxysmal disorders,23095,1119,1.06 [0.96-1.17],0.2316363389559345
FDX2,"Ferredoxin-2, mitochondrial",Chapter VI Diseases of the nervous system,Extrapyramidal and movement disorders,23412,300,1.13 [0.94-1.35],0.1958838464571963
FDX2,"Ferredoxin-2, mitochondrial",Chapter VI Diseases of the nervous system,Falls/tendency to fall,22923,2449,1.01 [0.94-1.08],0.8136792009535495
FDX2,"Ferredoxin-2, mitochondrial",Chapter VI Diseases of the nervous system,Generalized epilepsy,23147,40,1.56 [1.11-2.19],0.0102839818291226
FDX2,"Ferredoxin-2, mitochondrial",Chapter VI Diseases of the nervous system,Hemiplegia,23346,182,1.32 [1.09-1.62],0.0056488540122713
FDX2,"Ferredoxin-2, mitochondrial",Chapter VI Diseases of the nervous system,Hydrocephalus,22980,56,0.70 [0.41-1.18],0.1813320011734305
FDX2,"Ferredoxin-2, mitochondrial",Chapter VI Diseases of the nervous system,Inflammatory diseases of the central nervous system,23438,67,1.14 [0.79-1.65],0.4938313354764744
FDX2,"Ferredoxin-2, mitochondrial",Chapter VI Diseases of the nervous system,Lesion of plantar nerve,21665,106,0.92 [0.66-1.30],0.6427301421216491
FDX2,"Ferredoxin-2, mitochondrial",Chapter VI Diseases of the nervous system,Lesion of ulnar nerve,21614,55,1.48 [1.08-2.03],0.0148537007449265
FDX2,"Ferredoxin-2, mitochondrial",Chapter VI Diseases of the nervous system,Memory loss,22935,92,0.97 [0.68-1.39],0.8636294206600869
FDX2,"Ferredoxin-2, mitochondrial",Chapter VI Diseases of the nervous system,Migraine,22409,433,0.97 [0.82-1.14],0.6864278895110233
FDX2,"Ferredoxin-2, mitochondrial",Chapter VI Diseases of the nervous system,"Migraine, unspecified, drug-induced",23359,393,0.95 [0.80-1.13],0.5794969280289546
FDX2,"Ferredoxin-2, mitochondrial",Chapter VI Diseases of the nervous system,Motor neuron disease,16172,112,0.91 [0.65-1.28],0.5929620850510817
FDX2,"Ferredoxin-2, mitochondrial",Chapter VI Diseases of the nervous system,MS-disease / Multiple Sclerosis,23264,121,0.99 [0.73-1.34],0.9377493420648808
FDX2,"Ferredoxin-2, mitochondrial",Chapter VI Diseases of the nervous system,"Nerve, nerve root and plexus disorders",22743,1184,1.04 [0.95-1.14],0.4123683190031094
FDX2,"Ferredoxin-2, mitochondrial",Chapter VI Diseases of the nervous system,Neurological diseases,22071,3143,1.04 [0.98-1.10],0.1714892471996516
FDX2,"Ferredoxin-2, mitochondrial",Chapter VI Diseases of the nervous system,Other and unspecified degenerative diseases of nervous system,23132,122,1.07 [0.80-1.44],0.6326416686046145
FDX2,"Ferredoxin-2, mitochondrial",Chapter VI Diseases of the nervous system,"Other and unspecified nerve root and plexus disorders, also in other diseases",21920,361,1.14 [0.97-1.34],0.1019976703414299
FDX2,"Ferredoxin-2, mitochondrial",Chapter VI Diseases of the nervous system,"Other and unspecified polyneuropathies, also in other diseases",23408,196,1.34 [1.12-1.62],0.0018302620144012
FDX2,"Ferredoxin-2, mitochondrial",Chapter VI Diseases of the nervous system,Other degenerative diseases of the nervous system,18981,558,1.14 [1.00-1.30],0.0548292113583458
FDX2,"Ferredoxin-2, mitochondrial",Chapter VI Diseases of the nervous system,Other diseases of spinal cord,22981,57,0.82 [0.50-1.34],0.4267089377490418
FDX2,"Ferredoxin-2, mitochondrial",Chapter VI Diseases of the nervous system,Other disorders of nervous system,23032,108,1.05 [0.77-1.44],0.7531976721203157
FDX2,"Ferredoxin-2, mitochondrial",Chapter VI Diseases of the nervous system,Other extrapyramidal and movement disorders in other diseases,23251,139,1.21 [0.94-1.55],0.1409946308543705
FDX2,"Ferredoxin-2, mitochondrial",Chapter VI Diseases of the nervous system,Other facial nerve disorders,21639,80,0.85 [0.56-1.27],0.4256630433793577
FDX2,"Ferredoxin-2, mitochondrial",Chapter VI Diseases of the nervous system,Other headache syndromes,22045,69,1.35 [0.99-1.84],0.0560847905216749
FDX2,"Ferredoxin-2, mitochondrial",Chapter VI Diseases of the nervous system,Other neurological diseases,23353,429,1.10 [0.95-1.28],0.2004762574234795
FDX2,"Ferredoxin-2, mitochondrial",Chapter VI Diseases of the nervous system,Other sleep disorders,22312,336,1.06 [0.89-1.26],0.5455962293995168
FDX2,"Ferredoxin-2, mitochondrial",Chapter VI Diseases of the nervous system,Parkinson's disease,23433,141,1.06 [0.80-1.40],0.6791923795114401
FDX2,"Ferredoxin-2, mitochondrial",Chapter VI Diseases of the nervous system,Postviral fatigue syndrome,22995,71,1.20 [0.86-1.69],0.2774716796996527
FDX2,"Ferredoxin-2, mitochondrial",Chapter VI Diseases of the nervous system,Restless leg syndrome,23454,75,1.00 [0.67-1.47],0.9808380409904496
FDX2,"Ferredoxin-2, mitochondrial",Chapter VI Diseases of the nervous system,Sleep apnoea,23306,272,1.04 [0.86-1.27],0.6872370972978523
FDX2,"Ferredoxin-2, mitochondrial",Chapter VI Diseases of the nervous system,Small fibre neuropathy,23245,33,1.22 [0.74-2.01],0.4361728611074364
FDX2,"Ferredoxin-2, mitochondrial",Chapter VI Diseases of the nervous system,Systemic atrophies primarily affecting the central nervous system,23445,136,0.87 [0.64-1.19],0.376371501684784
FDX2,"Ferredoxin-2, mitochondrial",Chapter VI Diseases of the nervous system,Trigeminal neuralgia,21616,57,0.69 [0.41-1.16],0.1645648114241187
FDX2,"Ferredoxin-2, mitochondrial",Chapter VI Diseases of the nervous system,Unspecific neurodegenerative disorder,23455,316,1.12 [0.94-1.34],0.2107251615289229
FDX2,"Ferredoxin-2, mitochondrial",Chapter VI Diseases of the nervous system,Vascular dementia (undefined),23004,88,1.24 [0.92-1.69],0.1596241993400834
FDX2,"Ferredoxin-2, mitochondrial","Chapter VII Diseases of the eye, adnexa, ear and mastoid process",Amblyopia ex anopsia,22943,93,1.00 [0.70-1.42],0.9969926246474722
FDX2,"Ferredoxin-2, mitochondrial","Chapter VII Diseases of the eye, adnexa, ear and mastoid process",Astigmatism,23064,423,0.95 [0.80-1.12],0.5275491469585076
FDX2,"Ferredoxin-2, mitochondrial","Chapter VII Diseases of the eye, adnexa, ear and mastoid process",Background diabetic retinopathy,23331,141,1.14 [0.87-1.48],0.3477274174739134
FDX2,"Ferredoxin-2, mitochondrial","Chapter VII Diseases of the eye, adnexa, ear and mastoid process",Blepharochalasis,22502,51,0.50 [0.28-0.90],0.0204841494700788
FDX2,"Ferredoxin-2, mitochondrial","Chapter VII Diseases of the eye, adnexa, ear and mastoid process",Chalazion,22498,47,0.99 [0.61-1.61],0.9618419567248538
FDX2,"Ferredoxin-2, mitochondrial","Chapter VII Diseases of the eye, adnexa, ear and mastoid process","Conjunctivitis (acute, non atopic)",23344,55,0.83 [0.50-1.37],0.4600131096912635
FDX2,"Ferredoxin-2, mitochondrial","Chapter VII Diseases of the eye, adnexa, ear and mastoid process",Corneal degeneration,23214,148,1.03 [0.78-1.35],0.8564237526854686
FDX2,"Ferredoxin-2, mitochondrial","Chapter VII Diseases of the eye, adnexa, ear and mastoid process","Diabetic nephropathy, excluding more controls",1439,28,1.33 [0.73-2.44],0.3531108051226378
FDX2,"Ferredoxin-2, mitochondrial","Chapter VII Diseases of the eye, adnexa, ear and mastoid process",Diabetic neuropathy,1727,54,1.18 [0.75-1.86],0.4828964676023318
FDX2,"Ferredoxin-2, mitochondrial","Chapter VII Diseases of the eye, adnexa, ear and mastoid process",Diplopia,22934,84,0.93 [0.64-1.36],0.70648336684369
FDX2,"Ferredoxin-2, mitochondrial","Chapter VII Diseases of the eye, adnexa, ear and mastoid process",Disorders of choroid and retina,23307,896,1.08 [0.97-1.20],0.1428826507074929
FDX2,"Ferredoxin-2, mitochondrial","Chapter VII Diseases of the eye, adnexa, ear and mastoid process","Disorders of eyelid, lacrimal system and orbit",23093,642,1.07 [0.94-1.21],0.31110020506912
FDX2,"Ferredoxin-2, mitochondrial","Chapter VII Diseases of the eye, adnexa, ear and mastoid process",Disorders of lacrimal system,22709,258,1.19 [0.99-1.44],0.0578387133908654
FDX2,"Ferredoxin-2, mitochondrial","Chapter VII Diseases of the eye, adnexa, ear and mastoid process","Disorders of ocular muscles, binocular movement, accommodation and refraction",23380,739,1.01 [0.89-1.14],0.8744436126443217
FDX2,"Ferredoxin-2, mitochondrial","Chapter VII Diseases of the eye, adnexa, ear and mastoid process",Disorders of optic nerve and visual pathways,23443,62,1.38 [1.01-1.88],0.0441436685738637
FDX2,"Ferredoxin-2, mitochondrial","Chapter VII Diseases of the eye, adnexa, ear and mastoid process",Disorders of refraction and accommodation,23317,676,1.01 [0.89-1.15],0.878462933752999
FDX2,"Ferredoxin-2, mitochondrial","Chapter VII Diseases of the eye, adnexa, ear and mastoid process","Disorders of sclera, cornea, iris and ciliary body",23417,351,1.08 [0.91-1.28],0.3609537402787616
FDX2,"Ferredoxin-2, mitochondrial","Chapter VII Diseases of the eye, adnexa, ear and mastoid process",Disorders of vitreous body,23376,180,0.78 [0.59-1.04],0.0864890974231614
FDX2,"Ferredoxin-2, mitochondrial","Chapter VII Diseases of the eye, adnexa, ear and mastoid process",Ectropion of eyelid,22489,38,0.83 [0.46-1.53],0.5585192264876948
FDX2,"Ferredoxin-2, mitochondrial","Chapter VII Diseases of the eye, adnexa, ear and mastoid process",Entropion and trichiasis of eyelid,22492,41,1.33 [0.88-2.00],0.1787042433496007
FDX2,"Ferredoxin-2, mitochondrial","Chapter VII Diseases of the eye, adnexa, ear and mastoid process",Epiphora,22512,61,0.78 [0.48-1.27],0.3149570581559229
FDX2,"Ferredoxin-2, mitochondrial","Chapter VII Diseases of the eye, adnexa, ear and mastoid process",Glaucoma,23381,609,0.96 [0.83-1.10],0.5635458042848378
FDX2,"Ferredoxin-2, mitochondrial","Chapter VII Diseases of the eye, adnexa, ear and mastoid process",Glaucoma suspect,22923,151,0.85 [0.63-1.14],0.2805692820371003
FDX2,"Ferredoxin-2, mitochondrial","Chapter VII Diseases of the eye, adnexa, ear and mastoid process",Hypermetropia,22694,53,1.18 [0.79-1.78],0.4217491512997164
FDX2,"Ferredoxin-2, mitochondrial","Chapter VII Diseases of the eye, adnexa, ear and mastoid process",Iridocyclitis,23150,84,1.06 [0.74-1.51],0.7641715383543219
FDX2,"Ferredoxin-2, mitochondrial","Chapter VII Diseases of the eye, adnexa, ear and mastoid process",Keratitis,23342,276,1.15 [0.95-1.38],0.1422156068104718
FDX2,"Ferredoxin-2, mitochondrial","Chapter VII Diseases of the eye, adnexa, ear and mastoid process",Myopia,22824,183,1.03 [0.81-1.31],0.8234533238881482
FDX2,"Ferredoxin-2, mitochondrial","Chapter VII Diseases of the eye, adnexa, ear and mastoid process",Other and unspecified disorders of vitreous body,23312,116,0.74 [0.52-1.06],0.1018458987619383
FDX2,"Ferredoxin-2, mitochondrial","Chapter VII Diseases of the eye, adnexa, ear and mastoid process",Other and unspecified glaucoma,23169,397,1.06 [0.90-1.25],0.4675683698655186
FDX2,"Ferredoxin-2, mitochondrial","Chapter VII Diseases of the eye, adnexa, ear and mastoid process",Other and unspecified visual disturbances,22985,135,0.99 [0.74-1.32],0.945371260774549
FDX2,"Ferredoxin-2, mitochondrial","Chapter VII Diseases of the eye, adnexa, ear and mastoid process",Other cataract,21921,2165,1.08 [1.01-1.16],0.0301469122657551
FDX2,"Ferredoxin-2, mitochondrial","Chapter VII Diseases of the eye, adnexa, ear and mastoid process",Other disorders of cornea,23308,242,1.11 [0.91-1.36],0.3082326475948825
FDX2,"Ferredoxin-2, mitochondrial","Chapter VII Diseases of the eye, adnexa, ear and mastoid process",Other disorders of eye and adnexa,23433,139,1.18 [0.92-1.52],0.1869302662248326
FDX2,"Ferredoxin-2, mitochondrial","Chapter VII Diseases of the eye, adnexa, ear and mastoid process",Other disorders of eyelid,22785,334,0.96 [0.79-1.16],0.6405260555106141
FDX2,"Ferredoxin-2, mitochondrial","Chapter VII Diseases of the eye, adnexa, ear and mastoid process",Other disorders of iris and ciliary body,23121,55,0.99 [0.63-1.57],0.980292270400778
FDX2,"Ferredoxin-2, mitochondrial","Chapter VII Diseases of the eye, adnexa, ear and mastoid process",Other disorders of optic [2nd] nerve and visual pathways,23430,49,1.29 [0.88-1.88],0.1944344264709047
FDX2,"Ferredoxin-2, mitochondrial","Chapter VII Diseases of the eye, adnexa, ear and mastoid process",Other inflammation of eyelid,22532,81,1.31 [0.97-1.76],0.0779907416190085
FDX2,"Ferredoxin-2, mitochondrial","Chapter VII Diseases of the eye, adnexa, ear and mastoid process",Other specified and unspecified  disorders of eyelid,22579,128,0.93 [0.68-1.27],0.6625936516065561
FDX2,"Ferredoxin-2, mitochondrial","Chapter VII Diseases of the eye, adnexa, ear and mastoid process",Other specified and unspecified retinal disorders,22498,87,1.11 [0.80-1.56],0.5240918066373126
FDX2,"Ferredoxin-2, mitochondrial","Chapter VII Diseases of the eye, adnexa, ear and mastoid process",Other strabismus,22695,54,1.07 [0.69-1.64],0.7683005560144838
FDX2,"Ferredoxin-2, mitochondrial","Chapter VII Diseases of the eye, adnexa, ear and mastoid process","Other, unspecified and serous retinal detachments",22465,54,0.97 [0.61-1.53],0.8917446501907729
FDX2,"Ferredoxin-2, mitochondrial","Chapter VII Diseases of the eye, adnexa, ear and mastoid process",Primary angle-closure glaucoma,22872,100,0.69 [0.47-1.03],0.0708014471211247
FDX2,"Ferredoxin-2, mitochondrial","Chapter VII Diseases of the eye, adnexa, ear and mastoid process","Primary open-angle glaucoma, strict",22928,156,0.92 [0.69-1.22],0.5682579623562363
FDX2,"Ferredoxin-2, mitochondrial","Chapter VII Diseases of the eye, adnexa, ear and mastoid process",Ptosis of eyelid,22562,111,0.99 [0.72-1.36],0.941809828891
FDX2,"Ferredoxin-2, mitochondrial","Chapter VII Diseases of the eye, adnexa, ear and mastoid process",Retinal detachment with retinal break,22491,80,1.12 [0.80-1.56],0.5063287668299827
FDX2,"Ferredoxin-2, mitochondrial","Chapter VII Diseases of the eye, adnexa, ear and mastoid process",Retinal vascular occlusion,22467,56,1.25 [0.86-1.82],0.236639308935123
FDX2,"Ferredoxin-2, mitochondrial","Chapter VII Diseases of the eye, adnexa, ear and mastoid process",Senile cataract,21539,1783,1.02 [0.94-1.11],0.5976229822249657
FDX2,"Ferredoxin-2, mitochondrial","Chapter VII Diseases of the eye, adnexa, ear and mastoid process",Stenosis and insufficiency of lacrimal passages,22528,77,1.36 [1.03-1.81],0.0325671698754097
FDX2,"Ferredoxin-2, mitochondrial","Chapter VII Diseases of the eye, adnexa, ear and mastoid process",Visual disturbances,23225,375,0.98 [0.82-1.16],0.7918817927017545
FDX2,"Ferredoxin-2, mitochondrial","Chapter VII Diseases of the eye, adnexa, ear and mastoid process",Visual field defects,22889,39,0.92 [0.52-1.62],0.7612912843727232
FDX2,"Ferredoxin-2, mitochondrial","Chapter VII Diseases of the eye, adnexa, ear and mastoid process",Visual impairment including blindness (binocular or monocular),22998,148,1.08 [0.83-1.40],0.5575271421409448
FDX2,"Ferredoxin-2, mitochondrial",Chapter VIII Diseases of the ear and mastoid process,Benign paroxysmal vertigo,23237,99,0.87 [0.60-1.25],0.4464611452179277
FDX2,"Ferredoxin-2, mitochondrial",Chapter VIII Diseases of the ear and mastoid process,Diseases of external ear,23415,94,0.75 [0.50-1.11],0.1458514655722504
FDX2,"Ferredoxin-2, mitochondrial",Chapter VIII Diseases of the ear and mastoid process,Diseases of middle ear and mastoid,23351,122,1.15 [0.87-1.50],0.3226561283898532
FDX2,"Ferredoxin-2, mitochondrial",Chapter VIII Diseases of the ear and mastoid process,Labyrinthitis,23200,62,1.18 [0.81-1.71],0.3885094004833583
FDX2,"Ferredoxin-2, mitochondrial",Chapter VIII Diseases of the ear and mastoid process,Mnire disease,23203,65,1.09 [0.74-1.60],0.6754672640900803
FDX2,"Ferredoxin-2, mitochondrial",Chapter VIII Diseases of the ear and mastoid process,Other disorders of ear,23364,680,0.94 [0.82-1.07],0.3520996152204677
FDX2,"Ferredoxin-2, mitochondrial",Chapter VIII Diseases of the ear and mastoid process,Other specified/unspecified hearing loss,23150,466,0.91 [0.77-1.07],0.2555431953786503
FDX2,"Ferredoxin-2, mitochondrial",Chapter VIII Diseases of the ear and mastoid process,Sensorineural hearing loss,22784,100,0.96 [0.68-1.36],0.8292030569198852
FDX2,"Ferredoxin-2, mitochondrial",Chapter VIII Diseases of the ear and mastoid process,Tinnitus,22756,72,1.27 [0.93-1.75],0.1371273631877675
FDX2,"Ferredoxin-2, mitochondrial",Chapter X Diseases of the respiratory system,Acute pharyngitis,23212,75,0.83 [0.55-1.27],0.3906821199544709
FDX2,"Ferredoxin-2, mitochondrial",Chapter X Diseases of the respiratory system,Acute upper respiratory infections,23343,206,1.01 [0.80-1.27],0.9440897763428228
FDX2,"Ferredoxin-2, mitochondrial",Chapter X Diseases of the respiratory system,Acute upper respiratory infections of multiple and unspecified sites,23192,55,1.35 [0.97-1.90],0.0771528304826215
FDX2,"Ferredoxin-2, mitochondrial",Chapter X Diseases of the respiratory system,All influenza,22017,108,1.45 [1.15-1.83],0.0016396325772966
FDX2,"Ferredoxin-2, mitochondrial",Chapter X Diseases of the respiratory system,All influenza (not pneumonia),22016,107,1.46 [1.16-1.84],0.0014449121195286
FDX2,"Ferredoxin-2, mitochondrial",Chapter X Diseases of the respiratory system,Allergic asthma (mode),16685,111,0.94 [0.67-1.31],0.7042043353652869
FDX2,"Ferredoxin-2, mitochondrial",Chapter X Diseases of the respiratory system,Allergic rhinitis,23331,242,1.05 [0.85-1.28],0.6615156425542698
FDX2,"Ferredoxin-2, mitochondrial",Chapter X Diseases of the respiratory system,"Asthma, excluding more controls",18210,1792,1.02 [0.95-1.11],0.5752009674923644
FDX2,"Ferredoxin-2, mitochondrial",Chapter X Diseases of the respiratory system,"Asthma, unspecified (mode)",18345,1771,1.02 [0.94-1.10],0.6584034235386289
FDX2,"Ferredoxin-2, mitochondrial",Chapter X Diseases of the respiratory system,Bacterial pneumonia (organism specified),23107,114,1.24 [0.95-1.62],0.1120517032896386
FDX2,"Ferredoxin-2, mitochondrial",Chapter X Diseases of the respiratory system,"Bacterial pneumonia, not elsewhere classified",21970,61,1.23 [0.85-1.78],0.2800578381887038
FDX2,"Ferredoxin-2, mitochondrial",Chapter X Diseases of the respiratory system,Bronchiectasis,20256,345,1.09 [0.92-1.29],0.3131246103172586
FDX2,"Ferredoxin-2, mitochondrial",Chapter X Diseases of the respiratory system,"Bronchitis, not specified as acute or chronic",19968,57,1.16 [0.78-1.73],0.4730516595007434
FDX2,"Ferredoxin-2, mitochondrial",Chapter X Diseases of the respiratory system,Chronic lower respiratory diseases,22470,2559,1.05 [0.99-1.12],0.1321644718369534
FDX2,"Ferredoxin-2, mitochondrial",Chapter X Diseases of the respiratory system,"Chronic rhinitis, nasopharyngitis and pharyngitis",22359,56,0.88 [0.54-1.42],0.5925387540578613
FDX2,"Ferredoxin-2, mitochondrial",Chapter X Diseases of the respiratory system,Chronic sinusitis,22426,123,1.32 [1.04-1.66],0.0205720098071325
FDX2,"Ferredoxin-2, mitochondrial",Chapter X Diseases of the respiratory system,"COPD, hospital admissions 1, only main diagnosis",23306,886,1.17 [1.05-1.30],0.00322840994898
FDX2,"Ferredoxin-2, mitochondrial",Chapter X Diseases of the respiratory system,Deviated nasal septum,22368,65,1.19 [0.83-1.70],0.3484361691615679
FDX2,"Ferredoxin-2, mitochondrial",Chapter X Diseases of the respiratory system,Diseases of the respiratory system,21658,4386,1.05 [1.00-1.11],0.0392240761915883
FDX2,"Ferredoxin-2, mitochondrial",Chapter X Diseases of the respiratory system,"Diseases of vocal cords and larynx+other diseases of upper respiratory tract, no elsewhere classified",22596,293,0.96 [0.79-1.17],0.6917528033927627
FDX2,"Ferredoxin-2, mitochondrial",Chapter X Diseases of the respiratory system,Early onset COPD,22692,272,1.22 [1.02-1.46],0.0302644650867981
FDX2,"Ferredoxin-2, mitochondrial",Chapter X Diseases of the respiratory system,Emphysema,20139,228,1.38 [1.14-1.67],0.0010580043867112
FDX2,"Ferredoxin-2, mitochondrial",Chapter X Diseases of the respiratory system,Idiopathic pulmonary fibrosis,22017,197,1.17 [0.94-1.46],0.1484951613456142
FDX2,"Ferredoxin-2, mitochondrial",Chapter X Diseases of the respiratory system,Influenza and pneumonia,23284,1375,1.15 [1.06-1.25],0.0007610597998652
FDX2,"Ferredoxin-2, mitochondrial",Chapter X Diseases of the respiratory system,Interstitial lung disease,22051,231,1.22 [1.01-1.48],0.0406093173649987
FDX2,"Ferredoxin-2, mitochondrial",Chapter X Diseases of the respiratory system,Later onset COPD,22664,614,1.15 [1.01-1.30],0.0337217849759241
FDX2,"Ferredoxin-2, mitochondrial",Chapter X Diseases of the respiratory system,Lung diseases due to external agents,23449,180,1.06 [0.83-1.35],0.6202359458564721
FDX2,"Ferredoxin-2, mitochondrial",Chapter X Diseases of the respiratory system,Nasal polyp,22361,58,1.08 [0.72-1.63],0.7107642059759511
FDX2,"Ferredoxin-2, mitochondrial",Chapter X Diseases of the respiratory system,Other acute lower respiratory infections,23255,793,1.09 [0.98-1.22],0.1264191820594708
FDX2,"Ferredoxin-2, mitochondrial",Chapter X Diseases of the respiratory system,Other diseases of pleura,23294,1479,1.11 [1.02-1.21],0.0110371619748211
FDX2,"Ferredoxin-2, mitochondrial",Chapter X Diseases of the respiratory system,Other diseases of upper respiratory tract,22976,673,1.01 [0.89-1.15],0.865686663347756
FDX2,"Ferredoxin-2, mitochondrial",Chapter X Diseases of the respiratory system,Other pleural conditions,21849,34,0.90 [0.49-1.66],0.7436315340480599
FDX2,"Ferredoxin-2, mitochondrial",Chapter X Diseases of the respiratory system,Other respiratory diseases principally affecting the interstitium,23381,293,1.17 [0.98-1.39],0.0813565940886507
FDX2,"Ferredoxin-2, mitochondrial",Chapter X Diseases of the respiratory system,Other respiratory disorders and diseases,23379,1005,1.13 [1.03-1.25],0.0106723342253496
FDX2,"Ferredoxin-2, mitochondrial",Chapter X Diseases of the respiratory system,Pleural effusion,22518,703,1.12 [0.99-1.25],0.0665151427928985
FDX2,"Ferredoxin-2, mitochondrial",Chapter X Diseases of the respiratory system,Pleural plaque,21856,41,1.04 [0.63-1.72],0.8737234563956292
FDX2,"Ferredoxin-2, mitochondrial",Chapter X Diseases of the respiratory system,"Pneumonia, organism unspecified",23076,1167,1.14 [1.05-1.25],0.0034155969966053
FDX2,"Ferredoxin-2, mitochondrial",Chapter X Diseases of the respiratory system,Pneumonitis due to solids and liquids,23424,155,1.12 [0.87-1.44],0.3645287487926385
FDX2,"Ferredoxin-2, mitochondrial",Chapter X Diseases of the respiratory system,Pneumothorax,21901,86,1.07 [0.75-1.51],0.7162676948836704
FDX2,"Ferredoxin-2, mitochondrial",Chapter X Diseases of the respiratory system,Pollen allergy,23430,203,1.11 [0.90-1.37],0.3381853568444526
FDX2,"Ferredoxin-2, mitochondrial",Chapter X Diseases of the respiratory system,Pulmonary oedema,23142,54,0.92 [0.57-1.49],0.7416885006466744
FDX2,"Ferredoxin-2, mitochondrial",Chapter X Diseases of the respiratory system,Respiratory insufficiency,16618,44,1.32 [0.86-2.03],0.205611383889174
FDX2,"Ferredoxin-2, mitochondrial",Chapter X Diseases of the respiratory system,Unspecified acute lower respiratory infection,23236,774,1.09 [0.97-1.22],0.1513634511925644
FDX2,"Ferredoxin-2, mitochondrial",Chapter X Diseases of the respiratory system,Vasomotor and allergic rhinitis,22545,242,1.05 [0.85-1.29],0.6521184542660756
FDX2,"Ferredoxin-2, mitochondrial",Chapter X Diseases of the respiratory system,Viral pneumonia,22091,182,1.14 [0.90-1.43],0.2707505426929519
FDX2,"Ferredoxin-2, mitochondrial",Chapter X Diseases of the respiratory system,"Viral pneumonia (unknown virus, not influenza)",23116,145,1.13 [0.87-1.46],0.3620488300517488
FDX2,"Ferredoxin-2, mitochondrial",Chapter X Diseases of the respiratory system,Vocal cord dysfunction,11308,89,1.01 [0.70-1.48],0.9418413411257897
FDX2,"Ferredoxin-2, mitochondrial",Chapter XI Diseases of the digestive system,Abscess of anal and rectal regions,16779,36,1.10 [0.65-1.85],0.7297491299289429
FDX2,"Ferredoxin-2, mitochondrial",Chapter XI Diseases of the digestive system,Acute appendicitis,23289,120,0.83 [0.60-1.16],0.2818338786381794
FDX2,"Ferredoxin-2, mitochondrial",Chapter XI Diseases of the digestive system,Acute gastritis,17614,72,0.98 [0.66-1.46],0.9315843184926016
FDX2,"Ferredoxin-2, mitochondrial",Chapter XI Diseases of the digestive system,Acute pancreatitis,21502,140,1.01 [0.76-1.34],0.9612554291730486
FDX2,"Ferredoxin-2, mitochondrial",Chapter XI Diseases of the digestive system,Acute peritonitis,22973,73,1.30 [0.95-1.78],0.0982856330970529
FDX2,"Ferredoxin-2, mitochondrial",Chapter XI Diseases of the digestive system,Alcoholic liver disease,22714,30,1.29 [0.78-2.13],0.3227393142346101
FDX2,"Ferredoxin-2, mitochondrial",Chapter XI Diseases of the digestive system,Barrett oesophagus,17839,297,1.04 [0.86-1.26],0.6587516527899323
FDX2,"Ferredoxin-2, mitochondrial",Chapter XI Diseases of the digestive system,"Cholangitis (primary sclerosing, PSC)",21430,68,1.37 [1.00-1.89],0.0517316177881412
FDX2,"Ferredoxin-2, mitochondrial",Chapter XI Diseases of the digestive system,"Cholangitis (primary sclerosing, PSC), with reimbursement 202",23104,68,1.36 [0.99-1.87],0.0569049169751689
FDX2,"Ferredoxin-2, mitochondrial",Chapter XI Diseases of the digestive system,Cholecystitis,21515,153,1.26 [1.01-1.58],0.0437025649411999
FDX2,"Ferredoxin-2, mitochondrial",Chapter XI Diseases of the digestive system,Cholelithiasis,22385,1023,1.05 [0.95-1.16],0.3360425925589203
FDX2,"Ferredoxin-2, mitochondrial",Chapter XI Diseases of the digestive system,Chronic gastritis,17831,289,1.37 [1.18-1.59],3.891105081683467e-05
FDX2,"Ferredoxin-2, mitochondrial",Chapter XI Diseases of the digestive system,Chronic pancreatitis,21395,33,1.02 [0.57-1.82],0.9496846898314132
FDX2,"Ferredoxin-2, mitochondrial",Chapter XI Diseases of the digestive system,"Cirrhosis of liver, NAS",23388,63,1.44 [1.06-1.96],0.0190503372625569
FDX2,"Ferredoxin-2, mitochondrial",Chapter XI Diseases of the digestive system,Coeliac disease,22144,128,1.17 [0.91-1.52],0.2185923383085013
FDX2,"Ferredoxin-2, mitochondrial",Chapter XI Diseases of the digestive system,Collagenous colitis,21838,95,0.88 [0.60-1.27],0.4918925917753183
FDX2,"Ferredoxin-2, mitochondrial",Chapter XI Diseases of the digestive system,Colonic or urogenital fistula,23333,134,0.88 [0.65-1.20],0.4183652736856648
FDX2,"Ferredoxin-2, mitochondrial",Chapter XI Diseases of the digestive system,Constipation,23166,1453,1.07 [0.99-1.17],0.1024862310438945
FDX2,"Ferredoxin-2, mitochondrial",Chapter XI Diseases of the digestive system,Crohn disease,21812,69,1.31 [0.96-1.78],0.0937868447727469
FDX2,"Ferredoxin-2, mitochondrial",Chapter XI Diseases of the digestive system,"Crohn disease (strict definition, all UC cases excluded)",23154,49,1.22 [0.81-1.82],0.3392228776866376
FDX2,"Ferredoxin-2, mitochondrial",Chapter XI Diseases of the digestive system,Crohn's disease NAS,21816,73,1.33 [0.99-1.79],0.0618166818061104
FDX2,"Ferredoxin-2, mitochondrial",Chapter XI Diseases of the digestive system,Dental caries,22750,202,0.93 [0.73-1.19],0.5657302262430621
FDX2,"Ferredoxin-2, mitochondrial",Chapter XI Diseases of the digestive system,Diaphragmatic hernia,22058,2092,0.96 [0.89-1.04],0.3318271491207435
FDX2,"Ferredoxin-2, mitochondrial",Chapter XI Diseases of the digestive system,Diseases of appendix,23327,158,0.87 [0.65-1.15],0.3227681488161965
FDX2,"Ferredoxin-2, mitochondrial",Chapter XI Diseases of the digestive system,Diseases of liver,23372,688,1.13 [1.01-1.27],0.0369119605350501
FDX2,"Ferredoxin-2, mitochondrial",Chapter XI Diseases of the digestive system,"Diseases of oesophagus, stomach and duodenum",21490,3948,0.99 [0.94-1.04],0.6424832368326748
FDX2,"Ferredoxin-2, mitochondrial",Chapter XI Diseases of the digestive system,"Diseases of oral cavity, salivary glands and jaws",23060,512,1.04 [0.90-1.20],0.612431965699276
FDX2,"Ferredoxin-2, mitochondrial",Chapter XI Diseases of the digestive system,Diseases of peritoneum,23350,450,1.13 [0.98-1.30],0.0992722146747512
FDX2,"Ferredoxin-2, mitochondrial",Chapter XI Diseases of the digestive system,Diseases of pulp and periapical tissues,22649,101,0.92 [0.65-1.30],0.6218476925291341
FDX2,"Ferredoxin-2, mitochondrial",Chapter XI Diseases of the digestive system,Diseases of salivary glands,22521,55,0.97 [0.62-1.53],0.9101030990937236
FDX2,"Ferredoxin-2, mitochondrial",Chapter XI Diseases of the digestive system,Diseases of the digestive system,23203,1187,1.01 [0.92-1.12],0.786415928199063
FDX2,"Ferredoxin-2, mitochondrial",Chapter XI Diseases of the digestive system,Diseases of tongue,22526,89,1.22 [0.91-1.64],0.1841818299153877
FDX2,"Ferredoxin-2, mitochondrial",Chapter XI Diseases of the digestive system,"Disorders of gallbladder, biliary tract and pancreas",22723,1361,1.07 [0.98-1.17],0.1242190029924628
FDX2,"Ferredoxin-2, mitochondrial",Chapter XI Diseases of the digestive system,Diverticular disease of intestine,19480,2737,1.08 [1.02-1.15],0.0107172719698141
FDX2,"Ferredoxin-2, mitochondrial",Chapter XI Diseases of the digestive system,Duodenal ulcer,17658,116,1.28 [0.99-1.65],0.0553961786183171
FDX2,"Ferredoxin-2, mitochondrial",Chapter XI Diseases of the digestive system,"Duodenal ulcer - Unspecified as acute or chronic, without haemorrhage or perforation, drug-induced",23408,96,1.30 [0.99-1.71],0.0627391312122999
FDX2,"Ferredoxin-2, mitochondrial",Chapter XI Diseases of the digestive system,Embedded and impacted teeth,23369,57,1.12 [0.76-1.66],0.5557087296596923
FDX2,"Ferredoxin-2, mitochondrial",Chapter XI Diseases of the digestive system,Fibrosis and cirrhosis of liver,22764,80,1.43 [1.09-1.89],0.0109451743451692
FDX2,"Ferredoxin-2, mitochondrial",Chapter XI Diseases of the digestive system,Fissure and fistula of anal and rectal regions,16841,98,0.90 [0.63-1.28],0.5503896039645545
FDX2,"Ferredoxin-2, mitochondrial",Chapter XI Diseases of the digestive system,Functional dyspepsia,18114,572,0.95 [0.82-1.10],0.4687742899439597
FDX2,"Ferredoxin-2, mitochondrial",Chapter XI Diseases of the digestive system,Gastric ulcer,17839,297,0.91 [0.74-1.12],0.3716387624040921
FDX2,"Ferredoxin-2, mitochondrial",Chapter XI Diseases of the digestive system,Gastro-oesophageal reflux disease,19929,2387,0.99 [0.92-1.06],0.7394303337684368
FDX2,"Ferredoxin-2, mitochondrial",Chapter XI Diseases of the digestive system,Gastroduodenal ulcer,17951,409,1.05 [0.89-1.23],0.569267135528086
FDX2,"Ferredoxin-2, mitochondrial",Chapter XI Diseases of the digestive system,Gastrointestinal diseases,18365,7206,1.04 [1.00-1.08],0.0396177857879727
FDX2,"Ferredoxin-2, mitochondrial",Chapter XI Diseases of the digestive system,GI-bleeding,22959,943,0.99 [0.89-1.11],0.8726612562315647
FDX2,"Ferredoxin-2, mitochondrial",Chapter XI Diseases of the digestive system,Gingivitis and periodontal diseases,22610,62,1.24 [0.87-1.77],0.2264798312205788
FDX2,"Ferredoxin-2, mitochondrial",Chapter XI Diseases of the digestive system,Haemorrhoids and perianal venous thrombosis,17577,1084,1.08 [0.98-1.19],0.1129930318060333
FDX2,"Ferredoxin-2, mitochondrial",Chapter XI Diseases of the digestive system,"Hepatic failure, not elsewhere classified",22716,32,1.06 [0.59-1.90],0.8529560310519764
FDX2,"Ferredoxin-2, mitochondrial",Chapter XI Diseases of the digestive system,Hernia,22432,2466,0.97 [0.91-1.04],0.4501329810243959
FDX2,"Ferredoxin-2, mitochondrial",Chapter XI Diseases of the digestive system,Impacted teeth,23377,52,1.16 [0.78-1.72],0.4745282731999337
FDX2,"Ferredoxin-2, mitochondrial",Chapter XI Diseases of the digestive system,Impaction of intestines,16801,58,1.55 [1.15-2.08],0.0036155766843288
FDX2,"Ferredoxin-2, mitochondrial",Chapter XI Diseases of the digestive system,Inguinal hernia,20115,149,1.16 [0.91-1.48],0.223899974732831
FDX2,"Ferredoxin-2, mitochondrial",Chapter XI Diseases of the digestive system,Intestinal adhesions without obstruction,16829,86,1.04 [0.72-1.49],0.8477560412381304
FDX2,"Ferredoxin-2, mitochondrial",Chapter XI Diseases of the digestive system,Intestinal malabsorption,22170,154,1.07 [0.83-1.38],0.6171056377105666
FDX2,"Ferredoxin-2, mitochondrial",Chapter XI Diseases of the digestive system,Irritable bowel syndrome,17435,692,1.07 [0.95-1.21],0.2656688250111624
FDX2,"Ferredoxin-2, mitochondrial",Chapter XI Diseases of the digestive system,Nonalcoholic fatty liver disease,23445,297,1.15 [0.97-1.37],0.1062843533245825
FDX2,"Ferredoxin-2, mitochondrial",Chapter XI Diseases of the digestive system,Noninfectious colitis NAS,22447,704,1.14 [1.02-1.28],0.0225484792098261
FDX2,"Ferredoxin-2, mitochondrial",Chapter XI Diseases of the digestive system,Noninfective enteritis and colitis,22683,940,1.10 [1.00-1.22],0.0567233217236005
FDX2,"Ferredoxin-2, mitochondrial",Chapter XI Diseases of the digestive system,Oesophageal obstruction,17674,132,1.08 [0.82-1.42],0.584373832531969
FDX2,"Ferredoxin-2, mitochondrial",Chapter XI Diseases of the digestive system,Oesophagitis,18032,490,0.97 [0.83-1.13],0.6847613005997448
FDX2,"Ferredoxin-2, mitochondrial",Chapter XI Diseases of the digestive system,Oral lichen ruber planus,23418,139,1.08 [0.83-1.41],0.5538588966499958
FDX2,"Ferredoxin-2, mitochondrial",Chapter XI Diseases of the digestive system,Other and unspecified abdominal hernia,20017,51,1.02 [0.65-1.61],0.9325054896831004
FDX2,"Ferredoxin-2, mitochondrial",Chapter XI Diseases of the digestive system,Other diseases of anus and rectum,17826,1083,1.18 [1.08-1.29],0.0002510330256576
FDX2,"Ferredoxin-2, mitochondrial",Chapter XI Diseases of the digestive system,Other diseases of biliary tract,21611,249,1.05 [0.86-1.30],0.6248307760656928
FDX2,"Ferredoxin-2, mitochondrial",Chapter XI Diseases of the digestive system,Other diseases of gallbladder,21521,159,0.87 [0.65-1.16],0.3352577455894747
FDX2,"Ferredoxin-2, mitochondrial",Chapter XI Diseases of the digestive system,Other diseases of intestine,18101,1358,1.13 [1.04-1.23],0.0039176409196797
FDX2,"Ferredoxin-2, mitochondrial",Chapter XI Diseases of the digestive system,Other diseases of intestines,21606,4863,1.07 [1.02-1.12],0.0065794234141899
FDX2,"Ferredoxin-2, mitochondrial",Chapter XI Diseases of the digestive system,Other diseases of lip and oral mucosa,22531,200,1.05 [0.83-1.31],0.7031244695885688
FDX2,"Ferredoxin-2, mitochondrial",Chapter XI Diseases of the digestive system,Other diseases of liver,23258,574,1.14 [1.00-1.29],0.0471869449437497
FDX2,"Ferredoxin-2, mitochondrial",Chapter XI Diseases of the digestive system,Other diseases of oesophagus,18050,508,1.04 [0.90-1.21],0.5509138869674062
FDX2,"Ferredoxin-2, mitochondrial",Chapter XI Diseases of the digestive system,Other diseases of pancreas,21493,131,1.27 [1.00-1.62],0.0513875344631577
FDX2,"Ferredoxin-2, mitochondrial",Chapter XI Diseases of the digestive system,Other diseases of peritoneum,23293,393,1.09 [0.93-1.28],0.2649881088339092
FDX2,"Ferredoxin-2, mitochondrial",Chapter XI Diseases of the digestive system,Other diseases of stomach and duodenum,18475,933,1.02 [0.92-1.14],0.6773037546013037
FDX2,"Ferredoxin-2, mitochondrial",Chapter XI Diseases of the digestive system,Other diseases of the digestive system,22975,959,0.99 [0.89-1.10],0.8545172641334645
FDX2,"Ferredoxin-2, mitochondrial",Chapter XI Diseases of the digestive system,Other disorders of teeth and supporting structures,22700,152,1.20 [0.95-1.51],0.1303675767278628
FDX2,"Ferredoxin-2, mitochondrial",Chapter XI Diseases of the digestive system,Other functional intestinal disorders,18245,1502,1.08 [0.99-1.18],0.068499049482161
FDX2,"Ferredoxin-2, mitochondrial",Chapter XI Diseases of the digestive system,Other gastritis (incl. Duodenitis),19334,1792,0.94 [0.86-1.02],0.1322124418758655
FDX2,"Ferredoxin-2, mitochondrial",Chapter XI Diseases of the digestive system,Other inflammatory liver diseases,22772,88,1.08 [0.77-1.52],0.6361132848015465
FDX2,"Ferredoxin-2, mitochondrial",Chapter XI Diseases of the digestive system,Other noninfective gastroenteritis and colitis,22577,834,1.09 [0.98-1.21],0.1295111596922201
FDX2,"Ferredoxin-2, mitochondrial",Chapter XI Diseases of the digestive system,"Other or unspecified ileus, impaction or obstruction",17026,283,1.13 [0.93-1.36],0.209492634263819
FDX2,"Ferredoxin-2, mitochondrial",Chapter XI Diseases of the digestive system,Palatinal maxillary canine,23361,66,1.14 [0.80-1.63],0.4785466479718121
FDX2,"Ferredoxin-2, mitochondrial",Chapter XI Diseases of the digestive system,Paralytic ileus and intestinal obstruction,17167,424,1.10 [0.94-1.28],0.2378778856801356
FDX2,"Ferredoxin-2, mitochondrial",Chapter XI Diseases of the digestive system,"Postprocedural disorders of digestive system, not elsewhere classified",22134,118,0.91 [0.66-1.26],0.5704387329186367
FDX2,"Ferredoxin-2, mitochondrial",Chapter XI Diseases of the digestive system,Recurring oral aphthae,23447,64,1.07 [0.72-1.60],0.7251575851632275
FDX2,"Ferredoxin-2, mitochondrial",Chapter XI Diseases of the digestive system,Stomatitis and related lesions,22550,116,1.10 [0.83-1.47],0.5093909473838241
FDX2,"Ferredoxin-2, mitochondrial",Chapter XI Diseases of the digestive system,Toxic colitis,21797,54,0.72 [0.43-1.23],0.2347480730149713
FDX2,"Ferredoxin-2, mitochondrial",Chapter XI Diseases of the digestive system,Ulcer of oesophagus,17749,207,0.91 [0.71-1.17],0.4702506421584416
FDX2,"Ferredoxin-2, mitochondrial",Chapter XI Diseases of the digestive system,Ulcerative colitis,21880,137,1.23 [0.97-1.56],0.0906220642545172
FDX2,"Ferredoxin-2, mitochondrial",Chapter XI Diseases of the digestive system,"Ulcerative colitis, NAS",21856,113,1.25 [0.97-1.62],0.0902478880590832
FDX2,"Ferredoxin-2, mitochondrial",Chapter XI Diseases of the digestive system,Umbilical hernia,20113,147,0.83 [0.62-1.12],0.2284034046169873
FDX2,"Ferredoxin-2, mitochondrial",Chapter XI Diseases of the digestive system,Vascular disorders of the intestines,16906,163,1.14 [0.89-1.46],0.3120187545151345
FDX2,"Ferredoxin-2, mitochondrial",Chapter XI Diseases of the digestive system,Ventral hernia,20178,212,1.05 [0.84-1.31],0.667606367667466
FDX2,"Ferredoxin-2, mitochondrial",Chapter XI Diseases of the digestive system,Volvulus,16816,73,0.83 [0.54-1.29],0.4087524115733832
FDX2,"Ferredoxin-2, mitochondrial",Chapter XII Diseases of the skin and subcutaneous tissue,Actinic keratosis,23381,214,1.13 [0.92-1.39],0.2477415969085672
FDX2,"Ferredoxin-2, mitochondrial",Chapter XII Diseases of the skin and subcutaneous tissue,Arthropathic psoriasis,23176,73,0.55 [0.34-0.88],0.0136501752861406
FDX2,"Ferredoxin-2, mitochondrial",Chapter XII Diseases of the skin and subcutaneous tissue,Atrophic disorders of skin,21712,193,0.89 [0.69-1.15],0.3795818296568219
FDX2,"Ferredoxin-2, mitochondrial",Chapter XII Diseases of the skin and subcutaneous tissue,Cellulitis,22992,540,1.18 [1.04-1.34],0.0095240743718796
FDX2,"Ferredoxin-2, mitochondrial",Chapter XII Diseases of the skin and subcutaneous tissue,"Cutaneous abscess, furuncle and carbuncle",22580,128,1.20 [0.93-1.56],0.1635708490730634
FDX2,"Ferredoxin-2, mitochondrial",Chapter XII Diseases of the skin and subcutaneous tissue,Decubitus ulcer and pressure area,21786,267,1.05 [0.86-1.28],0.6348028218420145
FDX2,"Ferredoxin-2, mitochondrial",Chapter XII Diseases of the skin and subcutaneous tissue,Dermatitis,23183,243,1.08 [0.88-1.32],0.4645380281865919
FDX2,"Ferredoxin-2, mitochondrial",Chapter XII Diseases of the skin and subcutaneous tissue,Dermatitis and eczema,23357,417,1.16 [1.00-1.34],0.0519769826593343
FDX2,"Ferredoxin-2, mitochondrial",Chapter XII Diseases of the skin and subcutaneous tissue,Dermatitis due to substances taken internally,22982,42,1.52 [1.10-2.11],0.0110139967322031
FDX2,"Ferredoxin-2, mitochondrial",Chapter XII Diseases of the skin and subcutaneous tissue,Diseases of the skin and subcutaneous tissue,22078,2701,1.00 [0.94-1.07],0.9870973331845814
FDX2,"Ferredoxin-2, mitochondrial",Chapter XII Diseases of the skin and subcutaneous tissue,Disorders of skin appendages,23068,403,0.82 [0.68-0.98],0.0302940527952739
FDX2,"Ferredoxin-2, mitochondrial",Chapter XII Diseases of the skin and subcutaneous tissue,Follicular cysts of skin and subcutaneous tissue,22941,276,0.81 [0.65-1.01],0.0621460826684357
FDX2,"Ferredoxin-2, mitochondrial",Chapter XII Diseases of the skin and subcutaneous tissue,Infections of the skin and subcutaneous tissue,23179,727,1.15 [1.03-1.29],0.013094272891674
FDX2,"Ferredoxin-2, mitochondrial",Chapter XII Diseases of the skin and subcutaneous tissue,"Lichen planus, including avohilmo",23436,67,1.09 [0.74-1.59],0.6767522980886573
FDX2,"Ferredoxin-2, mitochondrial",Chapter XII Diseases of the skin and subcutaneous tissue,Lupus erythematosus,21605,86,1.01 [0.71-1.45],0.9498545154609463
FDX2,"Ferredoxin-2, mitochondrial",Chapter XII Diseases of the skin and subcutaneous tissue,Nail disorders,22705,40,1.12 [0.69-1.82],0.6434237979042203
FDX2,"Ferredoxin-2, mitochondrial",Chapter XII Diseases of the skin and subcutaneous tissue,Other and unspecified dermatitis,23169,229,1.07 [0.87-1.32],0.5175403334632407
FDX2,"Ferredoxin-2, mitochondrial",Chapter XII Diseases of the skin and subcutaneous tissue,Other and unspecified disorders of skin and subcutaneous tissue,21875,356,0.93 [0.77-1.12],0.4307091653756457
FDX2,"Ferredoxin-2, mitochondrial",Chapter XII Diseases of the skin and subcutaneous tissue,Other and unspecified epidermal thickening,21565,46,0.72 [0.41-1.29],0.2715286517503369
FDX2,"Ferredoxin-2, mitochondrial",Chapter XII Diseases of the skin and subcutaneous tissue,Other and unspecified erythematous conditions,23369,68,0.86 [0.55-1.33],0.4949683863991806
FDX2,"Ferredoxin-2, mitochondrial",Chapter XII Diseases of the skin and subcutaneous tissue,Other and unspecified local infections of skin and subcutaneous tissue,22581,129,1.14 [0.87-1.50],0.3361822767956924
FDX2,"Ferredoxin-2, mitochondrial",Chapter XII Diseases of the skin and subcutaneous tissue,Other and unspecified psoriasis,23250,147,0.63 [0.45-0.88],0.0060856138163213
FDX2,"Ferredoxin-2, mitochondrial",Chapter XII Diseases of the skin and subcutaneous tissue,Other contact dermatitis,22982,42,1.46 [1.00-2.14],0.0506122430981388
FDX2,"Ferredoxin-2, mitochondrial",Chapter XII Diseases of the skin and subcutaneous tissue,Other disorders of pigmentation,21573,54,0.66 [0.39-1.14],0.140471366044348
FDX2,"Ferredoxin-2, mitochondrial",Chapter XII Diseases of the skin and subcutaneous tissue,Other disorders of skin and subcutaneous tissue,22870,1351,1.04 [0.95-1.13],0.4238685764533365
FDX2,"Ferredoxin-2, mitochondrial",Chapter XII Diseases of the skin and subcutaneous tissue,"Other disorders of skin and subcutaneous tissue, not elsewhere classified",21906,387,0.97 [0.81-1.15],0.6999260503950986
FDX2,"Ferredoxin-2, mitochondrial",Chapter XII Diseases of the skin and subcutaneous tissue,Other epidermal thickening,21567,48,0.79 [0.46-1.37],0.4041778229372983
FDX2,"Ferredoxin-2, mitochondrial",Chapter XII Diseases of the skin and subcutaneous tissue,Papulosquamous disorders,23380,277,0.75 [0.60-0.94],0.0139460384760762
FDX2,"Ferredoxin-2, mitochondrial",Chapter XII Diseases of the skin and subcutaneous tissue,Pruritus,23014,74,1.11 [0.77-1.59],0.5786116156692365
FDX2,"Ferredoxin-2, mitochondrial",Chapter XII Diseases of the skin and subcutaneous tissue,Psoriasis,23316,213,0.65 [0.49-0.85],0.001798080356668
FDX2,"Ferredoxin-2, mitochondrial",Chapter XII Diseases of the skin and subcutaneous tissue,Radiation-related disorders of the skin and subcutaneous tissue,23407,240,1.17 [0.97-1.42],0.107608920749121
FDX2,"Ferredoxin-2, mitochondrial",Chapter XII Diseases of the skin and subcutaneous tissue,Scar conditions and fibrosis of skin,21660,141,0.86 [0.63-1.16],0.3184209278899007
FDX2,"Ferredoxin-2, mitochondrial",Chapter XII Diseases of the skin and subcutaneous tissue,Seborrhoeic keratosis,21742,223,1.01 [0.81-1.26],0.9547815105438232
FDX2,"Ferredoxin-2, mitochondrial",Chapter XII Diseases of the skin and subcutaneous tissue,Skin changes due to chronic exposure to nonionizing radiation,23396,229,1.17 [0.96-1.42],0.120751092037743
FDX2,"Ferredoxin-2, mitochondrial",Chapter XII Diseases of the skin and subcutaneous tissue,"Ulcer of lower limb, not elsewhere classified",21686,167,1.44 [1.18-1.74],0.0002295411777517
FDX2,"Ferredoxin-2, mitochondrial",Chapter XII Diseases of the skin and subcutaneous tissue,Urticaria and erythema,23426,125,0.99 [0.73-1.33],0.9398974401696956
FDX2,"Ferredoxin-2, mitochondrial",Chapter XIII Diseases of the musculoskeletal system and connective tissue,Adhesive capsulitis of shoulder,20014,112,1.10 [0.82-1.48],0.523988680432729
FDX2,"Ferredoxin-2, mitochondrial",Chapter XIII Diseases of the musculoskeletal system and connective tissue,Arthropathies,21302,5467,1.04 [0.99-1.09],0.0926454508632825
FDX2,"Ferredoxin-2, mitochondrial",Chapter XIII Diseases of the musculoskeletal system and connective tissue,Arthrosis,20124,4289,1.06 [1.01-1.11],0.0235557007553955
FDX2,"Ferredoxin-2, mitochondrial",Chapter XIII Diseases of the musculoskeletal system and connective tissue,Bursitis of shoulder,19967,65,0.88 [0.56-1.37],0.5671459153737981
FDX2,"Ferredoxin-2, mitochondrial",Chapter XIII Diseases of the musculoskeletal system and connective tissue,Cervical disc disorders,20128,133,1.09 [0.83-1.44],0.5199235688936861
FDX2,"Ferredoxin-2, mitochondrial",Chapter XIII Diseases of the musculoskeletal system and connective tissue,Cervicalgia,20177,182,1.12 [0.89-1.41],0.3206284181254158
FDX2,"Ferredoxin-2, mitochondrial",Chapter XIII Diseases of the musculoskeletal system and connective tissue,Chondropathies,23213,98,0.92 [0.65-1.30],0.6322034725471762
FDX2,"Ferredoxin-2, mitochondrial",Chapter XIII Diseases of the musculoskeletal system and connective tissue,"Collapsed vertebra, not elsewhere classified",20096,101,1.12 [0.82-1.54],0.4675119973750913
FDX2,"Ferredoxin-2, mitochondrial",Chapter XIII Diseases of the musculoskeletal system and connective tissue,Coxarthrosis,17027,1192,1.07 [0.97-1.18],0.1821074179591109
FDX2,"Ferredoxin-2, mitochondrial",Chapter XIII Diseases of the musculoskeletal system and connective tissue,"Coxarthrosis, primary",23319,198,0.98 [0.77-1.25],0.8914424122072251
FDX2,"Ferredoxin-2, mitochondrial",Chapter XIII Diseases of the musculoskeletal system and connective tissue,Deforming dorsopathies,20496,501,1.09 [0.94-1.25],0.2569425221407299
FDX2,"Ferredoxin-2, mitochondrial",Chapter XIII Diseases of the musculoskeletal system and connective tissue,Diseases of the musculoskeletal system and connective tissue,19703,6946,1.05 [1.01-1.09],0.0175588354016037
FDX2,"Ferredoxin-2, mitochondrial",Chapter XIII Diseases of the musculoskeletal system and connective tissue,Disorders of continuity of bone,21025,114,0.99 [0.72-1.36],0.9393105496125392
FDX2,"Ferredoxin-2, mitochondrial",Chapter XIII Diseases of the musculoskeletal system and connective tissue,Disorders of muscles,20016,114,1.22 [0.92-1.61],0.1609001791156066
FDX2,"Ferredoxin-2, mitochondrial",Chapter XIII Diseases of the musculoskeletal system and connective tissue,Disorders of synovium and tendon,20494,592,1.03 [0.90-1.17],0.7175178322445935
FDX2,"Ferredoxin-2, mitochondrial",Chapter XIII Diseases of the musculoskeletal system and connective tissue,Dorsopathies,22575,2580,1.08 [1.01-1.15],0.0210609716282038
FDX2,"Ferredoxin-2, mitochondrial",Chapter XIII Diseases of the musculoskeletal system and connective tissue,Fibroblastic disorders,20057,155,0.98 [0.75-1.29],0.8994982867272685
FDX2,"Ferredoxin-2, mitochondrial",Chapter XIII Diseases of the musculoskeletal system and connective tissue,Fibromyalgia,20236,334,1.07 [0.90-1.28],0.4202160823837362
FDX2,"Ferredoxin-2, mitochondrial",Chapter XIII Diseases of the musculoskeletal system and connective tissue,Ganglion,20051,149,1.19 [0.94-1.51],0.1493620750264946
FDX2,"Ferredoxin-2, mitochondrial",Chapter XIII Diseases of the musculoskeletal system and connective tissue,Giant cell arteritis,22605,95,1.00 [0.71-1.41],0.9958635026194348
FDX2,"Ferredoxin-2, mitochondrial",Chapter XIII Diseases of the musculoskeletal system and connective tissue,Gonarthrosis,17458,1623,1.08 [1.00-1.18],0.0607518813786174
FDX2,"Ferredoxin-2, mitochondrial",Chapter XIII Diseases of the musculoskeletal system and connective tissue,Gout,16015,180,1.29 [1.02-1.62],0.0299698297890529
FDX2,"Ferredoxin-2, mitochondrial",Chapter XIII Diseases of the musculoskeletal system and connective tissue,"Gout, unspecified",23443,177,1.22 [0.97-1.52],0.0849272425339169
FDX2,"Ferredoxin-2, mitochondrial",Chapter XIII Diseases of the musculoskeletal system and connective tissue,Hallux rigidus,15925,90,1.31 [0.98-1.74],0.0646757860799317
FDX2,"Ferredoxin-2, mitochondrial",Chapter XIII Diseases of the musculoskeletal system and connective tissue,Hallux valgus (acquired),16329,494,0.93 [0.79-1.09],0.3776178511859306
FDX2,"Ferredoxin-2, mitochondrial",Chapter XIII Diseases of the musculoskeletal system and connective tissue,Impingement syndrome of shoulder,20192,290,0.94 [0.76-1.15],0.521172668742617
FDX2,"Ferredoxin-2, mitochondrial",Chapter XIII Diseases of the musculoskeletal system and connective tissue,Internal derangement of knee,16388,553,1.06 [0.93-1.22],0.3845210643038536
FDX2,"Ferredoxin-2, mitochondrial",Chapter XIII Diseases of the musculoskeletal system and connective tissue,Kyphosis,20053,58,1.04 [0.68-1.61],0.8510129527635122
FDX2,"Ferredoxin-2, mitochondrial",Chapter XIII Diseases of the musculoskeletal system and connective tissue,Low back pain,20612,617,1.14 [1.01-1.29],0.0395312743247991
FDX2,"Ferredoxin-2, mitochondrial",Chapter XIII Diseases of the musculoskeletal system and connective tissue,Lumbar disc prolapse,20284,289,1.20 [1.01-1.42],0.0399882717624571
FDX2,"Ferredoxin-2, mitochondrial",Chapter XIII Diseases of the musculoskeletal system and connective tissue,Meniscus derangement,16349,514,1.11 [0.97-1.28],0.1269438550068286
FDX2,"Ferredoxin-2, mitochondrial",Chapter XIII Diseases of the musculoskeletal system and connective tissue,Myalgia,19975,73,1.28 [0.93-1.76],0.1327483227451281
FDX2,"Ferredoxin-2, mitochondrial",Chapter XIII Diseases of the musculoskeletal system and connective tissue,"Neuralgia and neuritis, unspecified",19962,60,1.20 [0.82-1.75],0.3565384434223649
FDX2,"Ferredoxin-2, mitochondrial",Chapter XIII Diseases of the musculoskeletal system and connective tissue,Osteomyelitis,20953,42,1.47 [1.03-2.09],0.0318962664150364
FDX2,"Ferredoxin-2, mitochondrial",Chapter XIII Diseases of the musculoskeletal system and connective tissue,Osteopathies and chondropathies,23051,2140,1.03 [0.96-1.10],0.4668127392591714
FDX2,"Ferredoxin-2, mitochondrial",Chapter XIII Diseases of the musculoskeletal system and connective tissue,Osteoporosis,22456,1545,1.02 [0.93-1.11],0.7311841687744789
FDX2,"Ferredoxin-2, mitochondrial",Chapter XIII Diseases of the musculoskeletal system and connective tissue,"Other (seronegative) rheumatoid arthritis, wide",23274,503,1.27 [1.12-1.44],0.0001373762338841
FDX2,"Ferredoxin-2, mitochondrial",Chapter XIII Diseases of the musculoskeletal system and connective tissue,Other arthrosis,18447,2612,1.09 [1.02-1.16],0.0102491601433582
FDX2,"Ferredoxin-2, mitochondrial",Chapter XIII Diseases of the musculoskeletal system and connective tissue,Other articular cartilage disorders,15896,61,0.63 [0.37-1.05],0.0780621094630461
FDX2,"Ferredoxin-2, mitochondrial",Chapter XIII Diseases of the musculoskeletal system and connective tissue,Other bursopathies,19991,89,1.03 [0.73-1.46],0.874203439476381
FDX2,"Ferredoxin-2, mitochondrial",Chapter XIII Diseases of the musculoskeletal system and connective tissue,Other crystal arthropathies,15877,42,1.25 [0.77-2.01],0.3668103554558436
FDX2,"Ferredoxin-2, mitochondrial",Chapter XIII Diseases of the musculoskeletal system and connective tissue,Other deformities of toe(s),16009,174,1.01 [0.78-1.31],0.9413456725661596
FDX2,"Ferredoxin-2, mitochondrial",Chapter XIII Diseases of the musculoskeletal system and connective tissue,Other disorders of bone,21163,252,0.97 [0.78-1.20],0.7649646991994411
FDX2,"Ferredoxin-2, mitochondrial",Chapter XIII Diseases of the musculoskeletal system and connective tissue,Other disorders of bone density and structure,21394,483,1.02 [0.88-1.19],0.7776322259959395
FDX2,"Ferredoxin-2, mitochondrial",Chapter XIII Diseases of the musculoskeletal system and connective tissue,Other disorders of the musculoskeletal system and connective tissue,23431,93,1.33 [1.02-1.74],0.036213081352127
FDX2,"Ferredoxin-2, mitochondrial",Chapter XIII Diseases of the musculoskeletal system and connective tissue,"Other dorsopathies, not elsewhere classified",21745,1750,1.12 [1.04-1.20],0.0031350133892503
FDX2,"Ferredoxin-2, mitochondrial",Chapter XIII Diseases of the musculoskeletal system and connective tissue,Other enthesopathies,20014,112,0.88 [0.63-1.23],0.4455360476674014
FDX2,"Ferredoxin-2, mitochondrial",Chapter XIII Diseases of the musculoskeletal system and connective tissue,Other hammer toe(s) (acquired),16034,199,0.82 [0.62-1.07],0.1418457715347124
FDX2,"Ferredoxin-2, mitochondrial",Chapter XIII Diseases of the musculoskeletal system and connective tissue,Other intervertebral disc disorders,20696,701,1.18 [1.05-1.31],0.0044426054401515
FDX2,"Ferredoxin-2, mitochondrial",Chapter XIII Diseases of the musculoskeletal system and connective tissue,Other joint disorders,18023,2188,1.02 [0.95-1.09],0.6180781689704549
FDX2,"Ferredoxin-2, mitochondrial",Chapter XIII Diseases of the musculoskeletal system and connective tissue,Other necrotizing vasculopathies,22625,115,1.10 [0.82-1.48],0.506922696693523
FDX2,"Ferredoxin-2, mitochondrial",Chapter XIII Diseases of the musculoskeletal system and connective tissue,Other psoriatic arthropathies,23437,72,0.69 [0.44-1.10],0.1171410124886137
FDX2,"Ferredoxin-2, mitochondrial",Chapter XIII Diseases of the musculoskeletal system and connective tissue,Other shoulder lesions,19967,65,0.91 [0.58-1.41],0.6614779171168033
FDX2,"Ferredoxin-2, mitochondrial",Chapter XIII Diseases of the musculoskeletal system and connective tissue,"Other soft tissue disorders, not elsewhere classified",21168,1266,1.16 [1.06-1.26],0.0008387387347941
FDX2,"Ferredoxin-2, mitochondrial",Chapter XIII Diseases of the musculoskeletal system and connective tissue,Other specified disorders of muscle,19970,68,1.33 [0.95-1.85],0.0917963673805188
FDX2,"Ferredoxin-2, mitochondrial",Chapter XIII Diseases of the musculoskeletal system and connective tissue,Other specified/unspecified arthritis,17541,1706,1.13 [1.04-1.22],0.0027487731226878
FDX2,"Ferredoxin-2, mitochondrial",Chapter XIII Diseases of the musculoskeletal system and connective tissue,Other specified/unspecified disorders of  bone/cartilage,21034,123,0.90 [0.66-1.24],0.5234010686801054
FDX2,"Ferredoxin-2, mitochondrial",Chapter XIII Diseases of the musculoskeletal system and connective tissue,Other specified/unspecified disorders of synovium and tendon +Other specified/unspecified bursopathies,19951,49,1.20 [0.79-1.81],0.3890760476455251
FDX2,"Ferredoxin-2, mitochondrial",Chapter XIII Diseases of the musculoskeletal system and connective tissue,Other specified/unspecified inflammatory spondylopathies,20164,169,1.22 [0.98-1.52],0.0814249094817631
FDX2,"Ferredoxin-2, mitochondrial",Chapter XIII Diseases of the musculoskeletal system and connective tissue,Other specified/unspecified soft tissue disorders,20392,490,1.18 [1.03-1.36],0.0151158094835849
FDX2,"Ferredoxin-2, mitochondrial",Chapter XIII Diseases of the musculoskeletal system and connective tissue,Other systemic involvement of connective tissue,22955,445,1.26 [1.10-1.44],0.0006050195018969
FDX2,"Ferredoxin-2, mitochondrial",Chapter XIII Diseases of the musculoskeletal system and connective tissue,Other/unspecified dorsalgia,20551,556,1.13 [0.99-1.29],0.073926369769678
FDX2,"Ferredoxin-2, mitochondrial",Chapter XIII Diseases of the musculoskeletal system and connective tissue,Other/unspecified rheumatoid arthritis,23286,486,1.28 [1.13-1.45],8.905433362811514e-05
FDX2,"Ferredoxin-2, mitochondrial",Chapter XIII Diseases of the musculoskeletal system and connective tissue,Other/unspecified seropositive rheumatoid arthritis,23433,58,1.49 [1.10-2.01],0.0093807261503593
FDX2,"Ferredoxin-2, mitochondrial",Chapter XIII Diseases of the musculoskeletal system and connective tissue,Other/unspecified synovitis and tenosynovitis,20096,194,1.05 [0.83-1.32],0.6999548502771689
FDX2,"Ferredoxin-2, mitochondrial",Chapter XIII Diseases of the musculoskeletal system and connective tissue,Pain in joint,17957,782,1.13 [1.01-1.26],0.0368400637777527
FDX2,"Ferredoxin-2, mitochondrial",Chapter XIII Diseases of the musculoskeletal system and connective tissue,Pain in limb,20472,570,1.10 [0.97-1.26],0.1457390537889341
FDX2,"Ferredoxin-2, mitochondrial",Chapter XIII Diseases of the musculoskeletal system and connective tissue,Palmar fascial fibromatosis [Dupuytren],20008,106,1.01 [0.73-1.40],0.9524281197408144
FDX2,"Ferredoxin-2, mitochondrial",Chapter XIII Diseases of the musculoskeletal system and connective tissue,"Polyarthritis, unspecified",15906,71,1.05 [0.70-1.58],0.8110118314034925
FDX2,"Ferredoxin-2, mitochondrial",Chapter XIII Diseases of the musculoskeletal system and connective tissue,Polyarthropathies,18097,2262,1.13 [1.06-1.21],0.0002492011309777
FDX2,"Ferredoxin-2, mitochondrial",Chapter XIII Diseases of the musculoskeletal system and connective tissue,Polyarthrosis,16557,722,1.06 [0.93-1.20],0.3785902319311703
FDX2,"Ferredoxin-2, mitochondrial",Chapter XIII Diseases of the musculoskeletal system and connective tissue,Polymyalgia rheumatica,22764,254,1.19 [0.99-1.44],0.0643512887931574
FDX2,"Ferredoxin-2, mitochondrial",Chapter XIII Diseases of the musculoskeletal system and connective tissue,"Postprocedural musculoskeletal disorders, not elsewhere classified",23405,67,1.40 [1.04-1.89],0.0257002516101425
FDX2,"Ferredoxin-2, mitochondrial",Chapter XIII Diseases of the musculoskeletal system and connective tissue,"Primary gonarthrosis, bilateral",21480,47,1.18 [0.75-1.84],0.4810752939091024
FDX2,"Ferredoxin-2, mitochondrial",Chapter XIII Diseases of the musculoskeletal system and connective tissue,Psoriatic arthropathies,15908,73,0.67 [0.42-1.07],0.0968154521655777
FDX2,"Ferredoxin-2, mitochondrial",Chapter XIII Diseases of the musculoskeletal system and connective tissue,Radiculopathy,20089,94,1.12 [0.81-1.54],0.5041277684219643
FDX2,"Ferredoxin-2, mitochondrial",Chapter XIII Diseases of the musculoskeletal system and connective tissue,Rheumatoid arthritis,16342,507,1.29 [1.14-1.47],8.914634218866072e-05
FDX2,"Ferredoxin-2, mitochondrial",Chapter XIII Diseases of the musculoskeletal system and connective tissue,Rotator cuff syndrome,20179,277,0.74 [0.59-0.93],0.0108785193844204
FDX2,"Ferredoxin-2, mitochondrial",Chapter XIII Diseases of the musculoskeletal system and connective tissue,Sciatica+with lumbago,20242,247,1.11 [0.91-1.36],0.2947069722567782
FDX2,"Ferredoxin-2, mitochondrial",Chapter XIII Diseases of the musculoskeletal system and connective tissue,Scoliosis,20233,238,1.11 [0.90-1.36],0.3262316489441406
FDX2,"Ferredoxin-2, mitochondrial",Chapter XIII Diseases of the musculoskeletal system and connective tissue,Seronegative rheumatoid arthritis,18074,75,1.42 [1.06-1.89],0.0183545558212952
FDX2,"Ferredoxin-2, mitochondrial",Chapter XIII Diseases of the musculoskeletal system and connective tissue,"Seropositive rheumatoid arthritis, wide",23438,63,1.45 [1.08-1.96],0.0143017939320862
FDX2,"Ferredoxin-2, mitochondrial",Chapter XIII Diseases of the musculoskeletal system and connective tissue,Shoulder lesions,20448,546,0.92 [0.79-1.07],0.2710954784887884
FDX2,"Ferredoxin-2, mitochondrial",Chapter XIII Diseases of the musculoskeletal system and connective tissue,Sicca syndrome [Sjgren],22655,145,1.32 [1.06-1.64],0.0118345728228627
FDX2,"Ferredoxin-2, mitochondrial",Chapter XIII Diseases of the musculoskeletal system and connective tissue,Soft tissue disorders,22323,2421,1.06 [0.99-1.13],0.0757196395993933
FDX2,"Ferredoxin-2, mitochondrial",Chapter XIII Diseases of the musculoskeletal system and connective tissue,"Soft tissue disorders related to use, overuse and pressure",20036,134,1.00 [0.74-1.34],0.9820758178493524
FDX2,"Ferredoxin-2, mitochondrial",Chapter XIII Diseases of the musculoskeletal system and connective tissue,Spinal stenosis,20478,483,1.15 [1.00-1.32],0.0511316189558874
FDX2,"Ferredoxin-2, mitochondrial",Chapter XIII Diseases of the musculoskeletal system and connective tissue,Spondyloarthritis,21955,218,1.15 [0.94-1.42],0.1689101187010078
FDX2,"Ferredoxin-2, mitochondrial",Chapter XIII Diseases of the musculoskeletal system and connective tissue,Spondylolisthesis/Spondylolysis,20208,213,1.11 [0.89-1.38],0.3487966529828097
FDX2,"Ferredoxin-2, mitochondrial",Chapter XIII Diseases of the musculoskeletal system and connective tissue,Spondylopathies,21480,1485,1.04 [0.95-1.13],0.3709137460882409
FDX2,"Ferredoxin-2, mitochondrial",Chapter XIII Diseases of the musculoskeletal system and connective tissue,Spondylosis,21006,1011,1.02 [0.91-1.13],0.7806515138327992
FDX2,"Ferredoxin-2, mitochondrial",Chapter XIII Diseases of the musculoskeletal system and connective tissue,Synovial cyst of popliteal space [Baker],19957,55,1.03 [0.66-1.61],0.8855858668163257
FDX2,"Ferredoxin-2, mitochondrial",Chapter XIII Diseases of the musculoskeletal system and connective tissue,Systemic lupus erythematosus,22716,206,1.11 [0.90-1.38],0.3414538404165603
FDX2,"Ferredoxin-2, mitochondrial",Chapter XIII Diseases of the musculoskeletal system and connective tissue,Trigger finger,20073,171,0.86 [0.65-1.14],0.2842663408490464
FDX2,"Ferredoxin-2, mitochondrial",Chapter XIII Diseases of the musculoskeletal system and connective tissue,Trochanteric bursitis,20016,114,1.10 [0.82-1.48],0.5141012317641613
FDX2,"Ferredoxin-2, mitochondrial",Chapter XIII Diseases of the musculoskeletal system and connective tissue,Wrist or foot drop (acquired),15877,42,1.28 [0.80-2.02],0.3021798274335457
FDX2,"Ferredoxin-2, mitochondrial",Chapter XIV Diseases of the genitourinary system,Acute renal failure,22627,1026,1.25 [1.15-1.37],7.842087541165441e-07
FDX2,"Ferredoxin-2, mitochondrial",Chapter XIV Diseases of the genitourinary system,Adenomyosis (Endometriosis of uterus),17527,85,1.11 [0.80-1.54],0.5293872498463306
FDX2,"Ferredoxin-2, mitochondrial",Chapter XIV Diseases of the genitourinary system,Benign mammary dysplasia,22857,97,0.96 [0.68-1.35],0.8068463979887833
FDX2,"Ferredoxin-2, mitochondrial",Chapter XIV Diseases of the genitourinary system,Calculus of kidney and ureter,23323,199,1.27 [1.05-1.54],0.0136347982070432
FDX2,"Ferredoxin-2, mitochondrial",Chapter XIV Diseases of the genitourinary system,Calculus of lower urinary tract,23147,23,1.02 [0.51-2.02],0.9595765990664537
FDX2,"Ferredoxin-2, mitochondrial",Chapter XIV Diseases of the genitourinary system,Chronic kidney disease,22745,1144,1.18 [1.08-1.30],0.0002351697532427
FDX2,"Ferredoxin-2, mitochondrial",Chapter XIV Diseases of the genitourinary system,Chronic nephritic syndrome,23316,58,1.42 [1.01-1.99],0.0441476432036458
FDX2,"Ferredoxin-2, mitochondrial",Chapter XIV Diseases of the genitourinary system,Cyst of kidney,23290,198,0.83 [0.64-1.09],0.1772881706657626
FDX2,"Ferredoxin-2, mitochondrial",Chapter XIV Diseases of the genitourinary system,Cystitis,20714,213,1.11 [0.90-1.37],0.3328443972349048
FDX2,"Ferredoxin-2, mitochondrial",Chapter XIV Diseases of the genitourinary system,Dialysis,21646,45,1.80 [1.39-2.33],8.029498361067312e-06
FDX2,"Ferredoxin-2, mitochondrial",Chapter XIV Diseases of the genitourinary system,Disorders of breast,23040,280,0.88 [0.71-1.09],0.2285854991315752
FDX2,"Ferredoxin-2, mitochondrial",Chapter XIV Diseases of the genitourinary system,Endometriosis,17590,148,1.15 [0.91-1.46],0.2271859281446455
FDX2,"Ferredoxin-2, mitochondrial",Chapter XIV Diseases of the genitourinary system,"Excessive, frequent and irregular menstruation",17776,334,0.86 [0.71-1.04],0.1165029155360614
FDX2,"Ferredoxin-2, mitochondrial",Chapter XIV Diseases of the genitourinary system,Female genital prolapse,18302,860,1.08 [0.97-1.20],0.1661035390065784
FDX2,"Ferredoxin-2, mitochondrial",Chapter XIV Diseases of the genitourinary system,Genitourinary diseases,18201,4230,1.08 [1.03-1.14],0.0016503307021923
FDX2,"Ferredoxin-2, mitochondrial",Chapter XIV Diseases of the genitourinary system,Glomerular disorders in diseases classified elsewhere,23309,51,1.41 [1.01-1.98],0.04248856581743
FDX2,"Ferredoxin-2, mitochondrial",Chapter XIV Diseases of the genitourinary system,Hydronephrosis,21486,176,1.07 [0.84-1.36],0.5848593054979534
FDX2,"Ferredoxin-2, mitochondrial",Chapter XIV Diseases of the genitourinary system,Inflammatory diseases of female pelvic organs,22978,339,0.99 [0.83-1.18],0.8926583833493151
FDX2,"Ferredoxin-2, mitochondrial",Chapter XIV Diseases of the genitourinary system,Irregular menses,23056,107,0.73 [0.51-1.04],0.0856758249047831
FDX2,"Ferredoxin-2, mitochondrial",Chapter XIV Diseases of the genitourinary system,Menorrhagia,17705,263,0.95 [0.78-1.16],0.5943943772320921
FDX2,"Ferredoxin-2, mitochondrial",Chapter XIV Diseases of the genitourinary system,Neuromuscular dysfunction of bladder,20568,67,1.24 [0.88-1.74],0.2256680164896802
FDX2,"Ferredoxin-2, mitochondrial",Chapter XIV Diseases of the genitourinary system,Noninflammatory disorders of female genital tract,19514,2072,1.01 [0.94-1.09],0.6923258001580421
FDX2,"Ferredoxin-2, mitochondrial",Chapter XIV Diseases of the genitourinary system,Other abnormal uterine and vaginal bleeding,17557,115,1.16 [0.89-1.52],0.2695871542250875
FDX2,"Ferredoxin-2, mitochondrial",Chapter XIV Diseases of the genitourinary system,"Other chronic cystitis, drug-induced",23446,56,1.16 [0.78-1.73],0.4657187336755425
FDX2,"Ferredoxin-2, mitochondrial",Chapter XIV Diseases of the genitourinary system,"Other cystitis, drug-induced",23446,65,1.03 [0.69-1.55],0.8774690068193345
FDX2,"Ferredoxin-2, mitochondrial",Chapter XIV Diseases of the genitourinary system,Other diseases of urinary system,22381,1880,1.10 [1.03-1.19],0.0073897893688751
FDX2,"Ferredoxin-2, mitochondrial",Chapter XIV Diseases of the genitourinary system,Other disorders of  bladder,20907,406,1.01 [0.85-1.19],0.9274312318963668
FDX2,"Ferredoxin-2, mitochondrial",Chapter XIV Diseases of the genitourinary system,Other disorders of breast,22858,98,0.68 [0.46-1.01],0.0575563977760411
FDX2,"Ferredoxin-2, mitochondrial",Chapter XIV Diseases of the genitourinary system,Other disorders of kidney and ureter,23407,315,1.05 [0.87-1.26],0.605763751416901
FDX2,"Ferredoxin-2, mitochondrial",Chapter XIV Diseases of the genitourinary system,Other disorders of the genitourinary system,23405,76,1.20 [0.87-1.67],0.2742903344619668
FDX2,"Ferredoxin-2, mitochondrial",Chapter XIV Diseases of the genitourinary system,Other disorders of urethra and urinary system,22106,1605,1.16 [1.07-1.25],0.0001201301559187
FDX2,"Ferredoxin-2, mitochondrial",Chapter XIV Diseases of the genitourinary system,Other female pelvic inflammatory diseases,22814,175,1.02 [0.80-1.30],0.8850123703374159
FDX2,"Ferredoxin-2, mitochondrial",Chapter XIV Diseases of the genitourinary system,Other noninflammatory disorders of cervix uteri,17577,135,1.13 [0.87-1.46],0.3680421036464575
FDX2,"Ferredoxin-2, mitochondrial",Chapter XIV Diseases of the genitourinary system,"Other noninflammatory disorders of uterus, except cervix",17773,331,1.21 [1.04-1.41],0.0145446560348478
FDX2,"Ferredoxin-2, mitochondrial",Chapter XIV Diseases of the genitourinary system,Other noninflammatory disorders of vagina,17539,97,0.81 [0.55-1.18],0.264355177782233
FDX2,"Ferredoxin-2, mitochondrial",Chapter XIV Diseases of the genitourinary system,Other noninflammatory disorders of vulva and perineum,17616,174,1.05 [0.83-1.34],0.6767633524169892
FDX2,"Ferredoxin-2, mitochondrial",Chapter XIV Diseases of the genitourinary system,Other obstructive and reflux uropathy,21529,219,1.12 [0.91-1.38],0.3014052465865466
FDX2,"Ferredoxin-2, mitochondrial",Chapter XIV Diseases of the genitourinary system,Other specified disorders of kidney and ureter,23194,102,1.28 [0.97-1.68],0.075974864913823
FDX2,"Ferredoxin-2, mitochondrial",Chapter XIV Diseases of the genitourinary system,Ovarian cyst,17702,260,0.90 [0.73-1.12],0.3620551137032198
FDX2,"Ferredoxin-2, mitochondrial",Chapter XIV Diseases of the genitourinary system,Pain and other conditions associated with female genital organs and menstrual cycle,17532,90,1.16 [0.85-1.57],0.3453680892753961
FDX2,"Ferredoxin-2, mitochondrial",Chapter XIV Diseases of the genitourinary system,Polyp of the female genital tract,17979,537,0.93 [0.80-1.07],0.3104416063514872
FDX2,"Ferredoxin-2, mitochondrial",Chapter XIV Diseases of the genitourinary system,Postmenopausal atrophic vaginitis,17579,137,1.19 [0.93-1.52],0.1766540521401162
FDX2,"Ferredoxin-2, mitochondrial",Chapter XIV Diseases of the genitourinary system,Postmenopausal bleeding,17937,495,1.08 [0.94-1.24],0.2681841490535464
FDX2,"Ferredoxin-2, mitochondrial",Chapter XIV Diseases of the genitourinary system,Recurrent and persistent haematuria,23292,34,0.97 [0.54-1.74],0.9197223385613676
FDX2,"Ferredoxin-2, mitochondrial",Chapter XIV Diseases of the genitourinary system,Renal tubulo-interstitial diseases,23308,1998,1.17 [1.10-1.26],3.239851630306931e-06
FDX2,"Ferredoxin-2, mitochondrial",Chapter XIV Diseases of the genitourinary system,"Tubulo-interstitial nephritis, not specified as acute or chronic",21453,143,1.26 [1.00-1.58],0.0463445091137525
FDX2,"Ferredoxin-2, mitochondrial",Chapter XIV Diseases of the genitourinary system,Unspecified kidney failure,21678,77,1.27 [0.92-1.76],0.152565128961746
FDX2,"Ferredoxin-2, mitochondrial",Chapter XIV Diseases of the genitourinary system,Unspecified renal colic,23155,31,1.13 [0.66-1.94],0.6586788484122765
FDX2,"Ferredoxin-2, mitochondrial",Chapter XIV Diseases of the genitourinary system,Urethral stricture,20627,126,1.12 [0.85-1.47],0.4258258262125262
FDX2,"Ferredoxin-2, mitochondrial",Chapter XIV Diseases of the genitourinary system,Urolithiasis,23353,229,1.24 [1.03-1.49],0.0246033618469441
FDX2,"Ferredoxin-2, mitochondrial",Chapter XIV Diseases of the genitourinary system,Uterine polyps,17560,118,1.01 [0.75-1.36],0.9608891744299471
