Protein,Protein_definition,Disease_category,Disease,NB_individual,NB_case,HR[95%CI],P_value
EDAR,Tumor necrosis factor receptor superfamily member EDAR,Chapter I Certain infectious and parasitic diseases,"Bacterial infection, other or unspecified",26830,125,1.06 [0.90-1.26],0.4877447589587983
EDAR,Tumor necrosis factor receptor superfamily member EDAR,Chapter I Certain infectious and parasitic diseases,"Bacterial intestinal infections, IBD co-morbidities",27589,203,0.93 [0.81-1.07],0.3093748369208381
EDAR,Tumor necrosis factor receptor superfamily member EDAR,Chapter I Certain infectious and parasitic diseases,"Bacterial, viral and other infectious agents",27309,1361,0.94 [0.89-0.99],0.0164454147851656
EDAR,Tumor necrosis factor receptor superfamily member EDAR,Chapter I Certain infectious and parasitic diseases,Candidiasis,27618,479,0.91 [0.83-1.00],0.0391794477926011
EDAR,Tumor necrosis factor receptor superfamily member EDAR,Chapter I Certain infectious and parasitic diseases,Certain infectious and parasitic diseases,26755,3545,0.96 [0.93-0.99],0.009044879491887
EDAR,Tumor necrosis factor receptor superfamily member EDAR,Chapter I Certain infectious and parasitic diseases,Condition for Implicit Sepsis (Organ dysfunction codes),26998,2925,0.94 [0.91-0.98],0.0016664853300432
EDAR,Tumor necrosis factor receptor superfamily member EDAR,Chapter I Certain infectious and parasitic diseases,Diarrhoea and gastroenteritis of presumed infectious origin,27327,1390,0.98 [0.93-1.03],0.4331367051814467
EDAR,Tumor necrosis factor receptor superfamily member EDAR,Chapter I Certain infectious and parasitic diseases,Enterocolitis due to Clostridium difficile,27512,92,0.98 [0.80-1.20],0.8563720830617426
EDAR,Tumor necrosis factor receptor superfamily member EDAR,Chapter I Certain infectious and parasitic diseases,Explicit Sepsis,25738,833,0.90 [0.84-0.96],0.0021710260886136
EDAR,Tumor necrosis factor receptor superfamily member EDAR,Chapter I Certain infectious and parasitic diseases,Implicit bacterial Sepsis,24893,974,0.92 [0.86-0.97],0.0056628595620084
EDAR,Tumor necrosis factor receptor superfamily member EDAR,Chapter I Certain infectious and parasitic diseases,Implicit fungal Sepsis,24908,265,0.89 [0.79-1.00],0.0585529314370082
EDAR,Tumor necrosis factor receptor superfamily member EDAR,Chapter I Certain infectious and parasitic diseases,Implicit Sepsis,19395,1702,0.93 [0.89-0.97],0.0020004211894154
EDAR,Tumor necrosis factor receptor superfamily member EDAR,Chapter I Certain infectious and parasitic diseases,Implicit viral Sepsis,24675,379,0.90 [0.82-1.00],0.0401521270312701
EDAR,Tumor necrosis factor receptor superfamily member EDAR,Chapter I Certain infectious and parasitic diseases,Intestinal infectious diseases,27553,1616,0.97 [0.93-1.02],0.2532548354545197
EDAR,Tumor necrosis factor receptor superfamily member EDAR,Chapter I Certain infectious and parasitic diseases,Mycoses,27683,544,0.93 [0.86-1.01],0.0794880161590009
EDAR,Tumor necrosis factor receptor superfamily member EDAR,Chapter I Certain infectious and parasitic diseases,Other bacterial agents as the cause of diseases classified to other chapters,26920,972,0.94 [0.88-1.00],0.0462137922700591
EDAR,Tumor necrosis factor receptor superfamily member EDAR,Chapter I Certain infectious and parasitic diseases,Other bacterial diseases,27625,920,0.91 [0.86-0.97],0.0051600890068289
EDAR,Tumor necrosis factor receptor superfamily member EDAR,Chapter I Certain infectious and parasitic diseases,Other bacterial intestinal infections,26140,203,0.93 [0.81-1.07],0.3056894820513605
EDAR,Tumor necrosis factor receptor superfamily member EDAR,Chapter I Certain infectious and parasitic diseases,Other infectious diseases,27744,45,0.79 [0.59-1.06],0.1214290040788325
EDAR,Tumor necrosis factor receptor superfamily member EDAR,Chapter I Certain infectious and parasitic diseases,Other septicaemia,27510,805,0.89 [0.84-0.96],0.0012890523525391
EDAR,Tumor necrosis factor receptor superfamily member EDAR,Chapter I Certain infectious and parasitic diseases,Other specified/unspecified bacterial intestinal infections,27500,80,1.04 [0.84-1.29],0.7113641299797449
EDAR,Tumor necrosis factor receptor superfamily member EDAR,Chapter I Certain infectious and parasitic diseases,Other viral diseases,27645,193,0.96 [0.83-1.10],0.5250749571922755
EDAR,Tumor necrosis factor receptor superfamily member EDAR,Chapter I Certain infectious and parasitic diseases,"Other viral diseases, not elsewhere classified",27626,174,0.94 [0.81-1.08],0.3771783647730317
EDAR,Tumor necrosis factor receptor superfamily member EDAR,Chapter I Certain infectious and parasitic diseases,Streptococcus and staphylococcus as the cause of diseases classified to other chapters,26292,344,0.95 [0.85-1.05],0.2901416755914638
EDAR,Tumor necrosis factor receptor superfamily member EDAR,Chapter I Certain infectious and parasitic diseases,Viral agents as the cause of diseases classified to other chapters,26215,267,0.89 [0.79-1.00],0.0584957746488564
EDAR,Tumor necrosis factor receptor superfamily member EDAR,Chapter I Certain infectious and parasitic diseases,Viral and other specified intestinal infections,26069,132,1.00 [0.85-1.18],0.9966504533459954
EDAR,Tumor necrosis factor receptor superfamily member EDAR,Chapter I Certain infectious and parasitic diseases,Viral hepatitis,27720,38,1.00 [0.74-1.36],0.9898819441500304
EDAR,Tumor necrosis factor receptor superfamily member EDAR,Chapter I Certain infectious and parasitic diseases,Viral infections characterized by skin and mucous membrane lesions,27667,159,0.83 [0.71-0.96],0.0152843018922681
EDAR,Tumor necrosis factor receptor superfamily member EDAR,Chapter I Certain infectious and parasitic diseases,Viral warts,27555,47,0.93 [0.70-1.23],0.6206517351988625
EDAR,Tumor necrosis factor receptor superfamily member EDAR,Chapter I Certain infectious and parasitic diseases,Zoster [herpes zoster],27584,76,0.82 [0.65-1.02],0.0780024195560714
EDAR,Tumor necrosis factor receptor superfamily member EDAR,Chapter II Neoplasms,Benign lipomatous neoplasm,27475,246,0.98 [0.87-1.10],0.7214336957718472
EDAR,Tumor necrosis factor receptor superfamily member EDAR,Chapter II Neoplasms,Benign lipomatous neoplasm of skin and subcutaneous tissue of limbs,27638,71,0.99 [0.79-1.25],0.9617014871237148
EDAR,Tumor necrosis factor receptor superfamily member EDAR,Chapter II Neoplasms,Benign lipomatous neoplasm of skin and subcutaneous tissue of trunk,27639,72,0.98 [0.78-1.22],0.8435839118397076
EDAR,Tumor necrosis factor receptor superfamily member EDAR,Chapter II Neoplasms,"Benign neoplasm of colon, rectum, anus and anal canal",27451,1238,0.99 [0.94-1.05],0.7337938505454249
EDAR,Tumor necrosis factor receptor superfamily member EDAR,Chapter II Neoplasms,Benign neoplasm of meninges,27716,83,0.98 [0.80-1.21],0.8764217413656009
EDAR,Tumor necrosis factor receptor superfamily member EDAR,Chapter II Neoplasms,Benign neoplasm of other and ill-defined parts of digestive system,27675,66,0.91 [0.72-1.16],0.4622010844948542
EDAR,Tumor necrosis factor receptor superfamily member EDAR,Chapter II Neoplasms,Benign neoplasm of other and unspecified endocrine glands,27711,138,1.12 [0.95-1.32],0.1658203682539877
EDAR,Tumor necrosis factor receptor superfamily member EDAR,Chapter II Neoplasms,Benign neoplasm of ovary,27659,181,0.96 [0.83-1.10],0.5330633072202258
EDAR,Tumor necrosis factor receptor superfamily member EDAR,Chapter II Neoplasms,Benign neoplasm: Ascending colon,27722,280,0.95 [0.85-1.07],0.4083980893839546
EDAR,Tumor necrosis factor receptor superfamily member EDAR,Chapter II Neoplasms,Benign neoplasm: Caecum,27729,253,0.95 [0.84-1.07],0.3977466127347459
EDAR,Tumor necrosis factor receptor superfamily member EDAR,Chapter II Neoplasms,"Benign neoplasm: Colon, unspecified",27655,66,0.81 [0.63-1.03],0.078884623694387
EDAR,Tumor necrosis factor receptor superfamily member EDAR,Chapter II Neoplasms,Benign neoplasm: Descending colon,27725,153,0.91 [0.78-1.06],0.2366437149153056
EDAR,Tumor necrosis factor receptor superfamily member EDAR,Chapter II Neoplasms,Benign neoplasm: Rectum,27686,285,0.94 [0.84-1.05],0.2858141598690998
EDAR,Tumor necrosis factor receptor superfamily member EDAR,Chapter II Neoplasms,Benign neoplasm: Sigmoid colon,27636,502,1.00 [0.92-1.09],0.9415886975908504
EDAR,Tumor necrosis factor receptor superfamily member EDAR,Chapter II Neoplasms,Benign neoplasm: Transverse colon,27724,300,0.96 [0.86-1.08],0.515654577503828
EDAR,Tumor necrosis factor receptor superfamily member EDAR,Chapter II Neoplasms,Carcinoma in situ of breast,22477,136,0.91 [0.78-1.08],0.2892464099806906
EDAR,Tumor necrosis factor receptor superfamily member EDAR,Chapter II Neoplasms,"Carcinoma in situ of breast, intraductal",22569,167,0.91 [0.78-1.06],0.2119148852584461
EDAR,Tumor necrosis factor receptor superfamily member EDAR,Chapter II Neoplasms,"Chronic lymphocytic leukaemia and small lyphocytis leukaemia, excluding all cancers (controls excluding all cancers)",22547,32,0.71 [0.50-1.01],0.0574085388234058
EDAR,Tumor necrosis factor receptor superfamily member EDAR,Chapter II Neoplasms,"Diffuse large B-cell lymphoma, excluding all cancers (controls excluding all cancers)",22584,69,0.91 [0.72-1.15],0.4420753674579789
EDAR,Tumor necrosis factor receptor superfamily member EDAR,Chapter II Neoplasms,"Haemangioma and lymphangioma, any site",27675,140,0.94 [0.80-1.10],0.4522409220309014
EDAR,Tumor necrosis factor receptor superfamily member EDAR,Chapter II Neoplasms,"Haemangioma, any site",27676,138,0.94 [0.80-1.11],0.4660974674624798
EDAR,Tumor necrosis factor receptor superfamily member EDAR,Chapter II Neoplasms,Leiomyoma of uterus,26749,595,0.88 [0.81-0.95],0.00115309960483
EDAR,Tumor necrosis factor receptor superfamily member EDAR,Chapter II Neoplasms,Lung cancer and mesothelioma,19894,317,0.94 [0.84-1.05],0.2820263159341287
EDAR,Tumor necrosis factor receptor superfamily member EDAR,Chapter II Neoplasms,Lymphoid leukaemia,22552,37,0.62 [0.45-0.86],0.0044738092506429
EDAR,Tumor necrosis factor receptor superfamily member EDAR,Chapter II Neoplasms,"Malignant melanoma of skin, excluding all cancers (controls excluding all cancers)",22694,179,1.01 [0.88-1.17],0.8706556880534216
EDAR,Tumor necrosis factor receptor superfamily member EDAR,Chapter II Neoplasms,"Malignant neoplasm of bladder, excluding all cancers (controls excluding all cancers)",22628,113,0.77 [0.64-0.93],0.0067970653718494
EDAR,Tumor necrosis factor receptor superfamily member EDAR,Chapter II Neoplasms,"Malignant neoplasm of corpus uteri, excluding all cancers (controls excluding all cancers)",22702,187,0.86 [0.75-1.00],0.0445883744181957
EDAR,Tumor necrosis factor receptor superfamily member EDAR,Chapter II Neoplasms,"Malignant neoplasm of intrahepatic ducts, biliary tract and gallbladder, excluding all cancers (controls excluding all cancers)",22585,70,0.88 [0.69-1.11],0.2648890211089234
EDAR,Tumor necrosis factor receptor superfamily member EDAR,Chapter II Neoplasms,"Malignant neoplasm of kidney, except renal pelvis, excluding all cancers (controls excluding all cancers)",22589,74,0.92 [0.74-1.16],0.4859536443231707
EDAR,Tumor necrosis factor receptor superfamily member EDAR,Chapter II Neoplasms,"Malignant neoplasm of oesophagus, excluding all cancers (controls excluding all cancers)",22573,58,0.88 [0.68-1.13],0.3129136751014613
EDAR,Tumor necrosis factor receptor superfamily member EDAR,Chapter II Neoplasms,"Malignant neoplasm of ovary, excluding all cancers (controls excluding all cancers)",22660,145,0.98 [0.84-1.15],0.7978597991280839
EDAR,Tumor necrosis factor receptor superfamily member EDAR,Chapter II Neoplasms,"Malignant neoplasm of pancreas, excluding all cancers (controls excluding all cancers)",22618,103,1.04 [0.86-1.26],0.6538971586467821
EDAR,Tumor necrosis factor receptor superfamily member EDAR,Chapter II Neoplasms,"Malignant neoplasm of rectum, excluding all cancers (controls excluding all cancers)",22598,83,1.10 [0.89-1.35],0.3868224648342362
EDAR,Tumor necrosis factor receptor superfamily member EDAR,Chapter II Neoplasms,"Malignant neoplasm of stomach, excluding all cancers (controls excluding all cancers)",22558,43,1.12 [0.84-1.50],0.4242802916434643
EDAR,Tumor necrosis factor receptor superfamily member EDAR,Chapter II Neoplasms,Malignant neoplasms of independent (primary) multiple sites,22597,82,0.93 [0.75-1.15],0.5249902559717279
EDAR,Tumor necrosis factor receptor superfamily member EDAR,Chapter II Neoplasms,Melanocytic naevi,27478,234,1.07 [0.95-1.21],0.2604924816161742
EDAR,Tumor necrosis factor receptor superfamily member EDAR,Chapter II Neoplasms,Melanocytic naevi of trunk,27696,81,0.91 [0.74-1.13],0.3854519426563826
EDAR,Tumor necrosis factor receptor superfamily member EDAR,Chapter II Neoplasms,Melanoma in situ,22550,90,1.05 [0.86-1.28],0.6651150689091644
EDAR,Tumor necrosis factor receptor superfamily member EDAR,Chapter II Neoplasms,"Non-follicular lymphoma, hilmo, excluding all cancers",22598,83,0.91 [0.74-1.13],0.3985440402651918
EDAR,Tumor necrosis factor receptor superfamily member EDAR,Chapter II Neoplasms,"Non-Hodgkin lymphoma, all, excluding all cancers (controls excluding all cancers)",22671,156,0.92 [0.78-1.07],0.260361553459859
EDAR,Tumor necrosis factor receptor superfamily member EDAR,Chapter II Neoplasms,"Non-small cell lung cancer, excluding all cancers (controls excluding all cancers)",22747,232,0.89 [0.78-1.01],0.0681897108623023
EDAR,Tumor necrosis factor receptor superfamily member EDAR,Chapter II Neoplasms,"Other and unspecified types of non-Hodgkin lymphoma, hilmo, excluding all cancers",22611,96,0.90 [0.74-1.10],0.2902425791927155
EDAR,Tumor necrosis factor receptor superfamily member EDAR,Chapter II Neoplasms,Other benign neoplasms of skin,27516,171,0.88 [0.76-1.02],0.1018102022202559
EDAR,Tumor necrosis factor receptor superfamily member EDAR,Chapter II Neoplasms,"Other malignant neoplasms of skin (=non-melanoma skin cancer), excluding all cancers (controls excluding all cancers)",23461,946,0.99 [0.93-1.06],0.796713307086234
EDAR,Tumor necrosis factor receptor superfamily member EDAR,Chapter II Neoplasms,"Squamous cell neoplasms and carcinomas of the skin, excluding all cancers (controls excluding all cancers)",23502,987,0.99 [0.93-1.05],0.7706258878616505
EDAR,Tumor necrosis factor receptor superfamily member EDAR,Chapter III Diseases of the blood and blood-forming organs and certain disorders involving the immune mechanism,Agranulocytosis,27434,378,0.86 [0.78-0.95],0.002964356036004
EDAR,Tumor necrosis factor receptor superfamily member EDAR,Chapter III Diseases of the blood and blood-forming organs and certain disorders involving the immune mechanism,Anaemia in chronic diseases classified elsewhere,25698,105,0.95 [0.79-1.15],0.5967422950224841
EDAR,Tumor necrosis factor receptor superfamily member EDAR,Chapter III Diseases of the blood and blood-forming organs and certain disorders involving the immune mechanism,Diseases of spleen,27125,69,1.04 [0.83-1.31],0.7230911247183897
EDAR,Tumor necrosis factor receptor superfamily member EDAR,Chapter III Diseases of the blood and blood-forming organs and certain disorders involving the immune mechanism,Diseases of the blood and blood-forming organs and certain disorders involving the immune mechanism,26718,3010,0.91 [0.88-0.95],5.648683906997435e-07
EDAR,Tumor necrosis factor receptor superfamily member EDAR,Chapter III Diseases of the blood and blood-forming organs and certain disorders involving the immune mechanism,Folate deficiency anaemia,26084,37,0.83 [0.60-1.14],0.2491782527557038
EDAR,Tumor necrosis factor receptor superfamily member EDAR,Chapter III Diseases of the blood and blood-forming organs and certain disorders involving the immune mechanism,Idiopathic thrombocytopenic purpura,27331,49,0.73 [0.55-0.97],0.0293304014779138
EDAR,Tumor necrosis factor receptor superfamily member EDAR,Chapter III Diseases of the blood and blood-forming organs and certain disorders involving the immune mechanism,Other anaemias,27153,1560,0.90 [0.86-0.95],3.830473010086498e-05
EDAR,Tumor necrosis factor receptor superfamily member EDAR,Chapter III Diseases of the blood and blood-forming organs and certain disorders involving the immune mechanism,Other and unspecified anaemias,27153,1560,0.90 [0.86-0.95],3.830473010086498e-05
EDAR,Tumor necrosis factor receptor superfamily member EDAR,Chapter III Diseases of the blood and blood-forming organs and certain disorders involving the immune mechanism,Other and unspecified aplastic anaemias,25664,71,0.73 [0.58-0.92],0.0081174827025577
EDAR,Tumor necrosis factor receptor superfamily member EDAR,Chapter III Diseases of the blood and blood-forming organs and certain disorders involving the immune mechanism,Other and unspecified iron deficiency,27331,1284,0.92 [0.87-0.97],0.0020911941916084
EDAR,Tumor necrosis factor receptor superfamily member EDAR,Chapter III Diseases of the blood and blood-forming organs and certain disorders involving the immune mechanism,Other coagulation defects,27405,123,0.80 [0.67-0.95],0.0130101802595971
EDAR,Tumor necrosis factor receptor superfamily member EDAR,Chapter III Diseases of the blood and blood-forming organs and certain disorders involving the immune mechanism,Other diseases of blood and blood-forming organs,27109,53,0.75 [0.57-0.99],0.0396438079859391
EDAR,Tumor necrosis factor receptor superfamily member EDAR,Chapter III Diseases of the blood and blood-forming organs and certain disorders involving the immune mechanism,Other disorders of white blood cells,27114,58,0.83 [0.64-1.07],0.1474497451928005
EDAR,Tumor necrosis factor receptor superfamily member EDAR,Chapter III Diseases of the blood and blood-forming organs and certain disorders involving the immune mechanism,Purpura and other haemorrhagic conditions,27526,244,0.65 [0.57-0.74],5.6520130629859036e-11
EDAR,Tumor necrosis factor receptor superfamily member EDAR,Chapter III Diseases of the blood and blood-forming organs and certain disorders involving the immune mechanism,Sarcoidosis,27627,60,1.26 [0.99-1.60],0.0629742339226024
EDAR,Tumor necrosis factor receptor superfamily member EDAR,Chapter III Diseases of the blood and blood-forming organs and certain disorders involving the immune mechanism,"Thrombocytopenia, unspecified",27488,206,0.62 [0.54-0.71],2.682059347163991e-11
EDAR,Tumor necrosis factor receptor superfamily member EDAR,Chapter III Diseases of the blood and blood-forming organs and certain disorders involving the immune mechanism,Vitamin B12 deficiency anaemia,26178,131,0.94 [0.79-1.11],0.4415007409886645
EDAR,Tumor necrosis factor receptor superfamily member EDAR,"Chapter IV Endocrine, nutritional and metabolic diseases",Acidosis,22323,259,0.90 [0.80-1.01],0.0770151213064559
EDAR,Tumor necrosis factor receptor superfamily member EDAR,"Chapter IV Endocrine, nutritional and metabolic diseases",Acute alcohol intoxication,26298,70,0.88 [0.70-1.11],0.2932737330245956
EDAR,Tumor necrosis factor receptor superfamily member EDAR,"Chapter IV Endocrine, nutritional and metabolic diseases",Alcohol dependence,26293,65,0.88 [0.69-1.12],0.3026244261289819
EDAR,Tumor necrosis factor receptor superfamily member EDAR,"Chapter IV Endocrine, nutritional and metabolic diseases",Alkalosis,22117,53,1.02 [0.78-1.32],0.9105599600756376
EDAR,Tumor necrosis factor receptor superfamily member EDAR,"Chapter IV Endocrine, nutritional and metabolic diseases",Bipolar affective disorders,25431,73,0.91 [0.73-1.14],0.4239092252574354
EDAR,Tumor necrosis factor receptor superfamily member EDAR,"Chapter IV Endocrine, nutritional and metabolic diseases",Deficiency of other B group vitamins,25074,251,0.86 [0.76-0.97],0.0160176147963372
EDAR,Tumor necrosis factor receptor superfamily member EDAR,"Chapter IV Endocrine, nutritional and metabolic diseases","Delirium, not induced by alcohol and other psychoactive substances",27297,519,0.85 [0.78-0.93],0.0002167917682431
EDAR,Tumor necrosis factor receptor superfamily member EDAR,"Chapter IV Endocrine, nutritional and metabolic diseases",Dementia in Alzheimer disease,27070,292,0.89 [0.80-1.00],0.0533296295642395
EDAR,Tumor necrosis factor receptor superfamily member EDAR,"Chapter IV Endocrine, nutritional and metabolic diseases",Dementia in other diseases classified elsewhere,26863,85,1.02 [0.83-1.25],0.8800637697135446
EDAR,Tumor necrosis factor receptor superfamily member EDAR,"Chapter IV Endocrine, nutritional and metabolic diseases",Depression,27340,1982,0.97 [0.93-1.01],0.1392837960844567
EDAR,Tumor necrosis factor receptor superfamily member EDAR,"Chapter IV Endocrine, nutritional and metabolic diseases",Depression or dysthymia,24539,1929,0.97 [0.92-1.01],0.1173517414083345
EDAR,Tumor necrosis factor receptor superfamily member EDAR,"Chapter IV Endocrine, nutritional and metabolic diseases","Disorder of lipoprotein metabolism, unspecified",22124,60,0.95 [0.74-1.21],0.6582616295829264
EDAR,Tumor necrosis factor receptor superfamily member EDAR,"Chapter IV Endocrine, nutritional and metabolic diseases","Disorder of thyroid, unspecified",24603,119,0.88 [0.74-1.05],0.1582849949147093
EDAR,Tumor necrosis factor receptor superfamily member EDAR,"Chapter IV Endocrine, nutritional and metabolic diseases",Disorders of calcium metabolism,22350,286,0.90 [0.80-1.00],0.057929004490085
EDAR,Tumor necrosis factor receptor superfamily member EDAR,"Chapter IV Endocrine, nutritional and metabolic diseases",Disorders of iron metabolism,22111,47,1.08 [0.82-1.42],0.5866082908369616
EDAR,Tumor necrosis factor receptor superfamily member EDAR,"Chapter IV Endocrine, nutritional and metabolic diseases",Disorders of lipoprotein metabolism and other lipidaemias,25249,3185,1.01 [0.98-1.05],0.405210826097611
EDAR,Tumor necrosis factor receptor superfamily member EDAR,"Chapter IV Endocrine, nutritional and metabolic diseases",Disorders of magnesium metabolism,22265,201,0.84 [0.73-0.96],0.0123754513556866
EDAR,Tumor necrosis factor receptor superfamily member EDAR,"Chapter IV Endocrine, nutritional and metabolic diseases",Disorders of mineral metabolism,22604,540,0.91 [0.84-0.99],0.0318669365137592
EDAR,Tumor necrosis factor receptor superfamily member EDAR,"Chapter IV Endocrine, nutritional and metabolic diseases",Disorders of other endocrine glands,27638,376,1.06 [0.96-1.17],0.2446270651136372
EDAR,Tumor necrosis factor receptor superfamily member EDAR,"Chapter IV Endocrine, nutritional and metabolic diseases",Disorders of parathyroid gland,27447,185,1.09 [0.95-1.26],0.2110025795313134
EDAR,Tumor necrosis factor receptor superfamily member EDAR,"Chapter IV Endocrine, nutritional and metabolic diseases",Disorders of phosphorus metabolism and phosphatases,22165,101,0.87 [0.72-1.05],0.1542480519828824
EDAR,Tumor necrosis factor receptor superfamily member EDAR,"Chapter IV Endocrine, nutritional and metabolic diseases","Disorders of plasma-protein metabolism, not elsewhere classified",22119,55,0.77 [0.59-1.01],0.0578765857183762
EDAR,Tumor necrosis factor receptor superfamily member EDAR,"Chapter IV Endocrine, nutritional and metabolic diseases",Disorders of the thyroid gland,26846,2362,1.02 [0.98-1.06],0.3508773147138857
EDAR,Tumor necrosis factor receptor superfamily member EDAR,"Chapter IV Endocrine, nutritional and metabolic diseases",Fluid overload,22274,210,0.81 [0.70-0.92],0.0019983379361135
EDAR,Tumor necrosis factor receptor superfamily member EDAR,"Chapter IV Endocrine, nutritional and metabolic diseases",Hyperkalaemia,22284,220,0.90 [0.79-1.03],0.120777449942251
EDAR,Tumor necrosis factor receptor superfamily member EDAR,"Chapter IV Endocrine, nutritional and metabolic diseases","Hyperlipidaemia, other/unspecified",22607,543,0.99 [0.91-1.08],0.8701735862715791
EDAR,Tumor necrosis factor receptor superfamily member EDAR,"Chapter IV Endocrine, nutritional and metabolic diseases",Hyperosmolality and hypernatraemia,22158,94,0.88 [0.72-1.08],0.2260152532872857
EDAR,Tumor necrosis factor receptor superfamily member EDAR,"Chapter IV Endocrine, nutritional and metabolic diseases",Hyperparathyroidism,27437,175,1.12 [0.97-1.29],0.1334265689430735
EDAR,Tumor necrosis factor receptor superfamily member EDAR,"Chapter IV Endocrine, nutritional and metabolic diseases",Hypo-osmolality and hyponatraemia,22698,634,0.83 [0.77-0.90],3.94536411435298e-06
EDAR,Tumor necrosis factor receptor superfamily member EDAR,"Chapter IV Endocrine, nutritional and metabolic diseases",Hypokalaemia,22636,572,0.87 [0.80-0.94],0.0006516660555033
EDAR,Tumor necrosis factor receptor superfamily member EDAR,"Chapter IV Endocrine, nutritional and metabolic diseases",Iron deficiency,24894,71,0.98 [0.78-1.23],0.8740007177460857
EDAR,Tumor necrosis factor receptor superfamily member EDAR,"Chapter IV Endocrine, nutritional and metabolic diseases",Metabolic disorders,26823,4759,0.99 [0.96-1.01],0.3428827176685542
EDAR,Tumor necrosis factor receptor superfamily member EDAR,"Chapter IV Endocrine, nutritional and metabolic diseases",Nontoxic multinodular goitre,24561,77,0.83 [0.67-1.04],0.1068080177399351
EDAR,Tumor necrosis factor receptor superfamily member EDAR,"Chapter IV Endocrine, nutritional and metabolic diseases",Nontoxic single thyroid nodule,24573,89,0.83 [0.68-1.02],0.0758885308730804
EDAR,Tumor necrosis factor receptor superfamily member EDAR,"Chapter IV Endocrine, nutritional and metabolic diseases",Obesity,27542,2109,1.00 [0.96-1.04],0.9428376094217148
EDAR,Tumor necrosis factor receptor superfamily member EDAR,"Chapter IV Endocrine, nutritional and metabolic diseases","Obesity, other/unspecified",27547,2108,1.00 [0.96-1.04],0.932979639100968
EDAR,Tumor necrosis factor receptor superfamily member EDAR,"Chapter IV Endocrine, nutritional and metabolic diseases",Other and/or unspecified nontoxic goitre,24566,82,1.03 [0.84-1.27],0.7621950523681229
EDAR,Tumor necrosis factor receptor superfamily member EDAR,"Chapter IV Endocrine, nutritional and metabolic diseases",Other anxiety disorders,27327,1605,0.98 [0.93-1.02],0.3401224815706573
EDAR,Tumor necrosis factor receptor superfamily member EDAR,"Chapter IV Endocrine, nutritional and metabolic diseases","Other disorders of fluid, electrolyte and acid-base balance",23612,1548,0.89 [0.85-0.94],5.824048539752647e-06
EDAR,Tumor necrosis factor receptor superfamily member EDAR,"Chapter IV Endocrine, nutritional and metabolic diseases",Other disorders of glucose regulation and pancreatic internal secretion,27729,189,0.96 [0.83-1.10],0.5565378902415469
EDAR,Tumor necrosis factor receptor superfamily member EDAR,"Chapter IV Endocrine, nutritional and metabolic diseases",Other mental disorders due to brain damage and dysfunction and to physical disease,26837,59,1.06 [0.83-1.36],0.6552647379591428
EDAR,Tumor necrosis factor receptor superfamily member EDAR,"Chapter IV Endocrine, nutritional and metabolic diseases",Panic disorder,25858,136,0.99 [0.84-1.17],0.8986560373581366
EDAR,Tumor necrosis factor receptor superfamily member EDAR,"Chapter IV Endocrine, nutritional and metabolic diseases",Phobic anxiety disorders,25924,202,1.00 [0.88-1.15],0.968333175515102
EDAR,Tumor necrosis factor receptor superfamily member EDAR,"Chapter IV Endocrine, nutritional and metabolic diseases","Postprocedural endocrine and metabolic disorders, not elsewhere classified",22335,271,0.95 [0.85-1.07],0.4220069835136513
EDAR,Tumor necrosis factor receptor superfamily member EDAR,"Chapter IV Endocrine, nutritional and metabolic diseases",Type 1 diabetes without complications,25892,144,1.06 [0.90-1.24],0.494844179333585
EDAR,Tumor necrosis factor receptor superfamily member EDAR,"Chapter IV Endocrine, nutritional and metabolic diseases",Type 2 diabetes with neurological complications,1726,49,0.98 [0.74-1.31],0.9049155848961008
EDAR,Tumor necrosis factor receptor superfamily member EDAR,"Chapter IV Endocrine, nutritional and metabolic diseases",Type 2 diabetes with ophthalmic complications,1840,187,1.03 [0.89-1.19],0.6794730585708779
EDAR,Tumor necrosis factor receptor superfamily member EDAR,"Chapter IV Endocrine, nutritional and metabolic diseases",Type 2 diabetes with peripheral circulatory complications,25772,24,1.16 [0.79-1.71],0.4385659572351564
EDAR,Tumor necrosis factor receptor superfamily member EDAR,"Chapter IV Endocrine, nutritional and metabolic diseases",Type 2 diabetes with renal complications,1707,31,1.15 [0.81-1.63],0.4359966383048255
EDAR,Tumor necrosis factor receptor superfamily member EDAR,"Chapter IV Endocrine, nutritional and metabolic diseases",Type 2 diabetes without complications,27248,1500,1.02 [0.97-1.07],0.5037294205554965
EDAR,Tumor necrosis factor receptor superfamily member EDAR,"Chapter IV Endocrine, nutritional and metabolic diseases",Unspecified dementia,27125,347,0.79 [0.71-0.88],1.5927779719882513e-05
EDAR,Tumor necrosis factor receptor superfamily member EDAR,"Chapter IV Endocrine, nutritional and metabolic diseases",Vitamin D deficiency,25317,494,0.94 [0.86-1.02],0.1345722636797627
EDAR,Tumor necrosis factor receptor superfamily member EDAR,"Chapter IV Endocrine, nutritional and metabolic diseases",Volume depletion,22805,741,0.90 [0.83-0.96],0.0022439188063815
EDAR,Tumor necrosis factor receptor superfamily member EDAR,Chapter IX Diseases of the circulatory system,"!Phlebitis/thrombophlebitis venae iliacae [externae/internae/communis], drug-induced",27642,230,0.83 [0.73-0.95],0.0058830223992406
EDAR,Tumor necrosis factor receptor superfamily member EDAR,Chapter IX Diseases of the circulatory system,Abdominal aortic aneurysm (AAA),26722,57,0.74 [0.57-0.96],0.0244117777744928
EDAR,Tumor necrosis factor receptor superfamily member EDAR,Chapter IX Diseases of the circulatory system,Angina pectoris,26190,891,0.97 [0.91-1.04],0.4042286836711628
EDAR,Tumor necrosis factor receptor superfamily member EDAR,Chapter IX Diseases of the circulatory system,Aortic aneurysm,26767,102,0.73 [0.60-0.89],0.0019463300279807
EDAR,Tumor necrosis factor receptor superfamily member EDAR,Chapter IX Diseases of the circulatory system,Arterial embolism and thrombosis of lower extremity artery,26697,32,1.27 [0.91-1.76],0.1608375481071119
EDAR,Tumor necrosis factor receptor superfamily member EDAR,Chapter IX Diseases of the circulatory system,"Atherosclerosis, excluding cerebral and coronary sclerosis",26818,153,0.84 [0.72-0.98],0.0259192511533099
EDAR,Tumor necrosis factor receptor superfamily member EDAR,Chapter IX Diseases of the circulatory system,Atrial fibrillation and flutter,18053,1506,0.93 [0.88-0.98],0.0047847871482066
EDAR,Tumor necrosis factor receptor superfamily member EDAR,Chapter IX Diseases of the circulatory system,AV-block,24278,249,0.96 [0.85-1.09],0.5407986279980128
EDAR,Tumor necrosis factor receptor superfamily member EDAR,Chapter IX Diseases of the circulatory system,"Bradycardia, unspecified, drug-induced",27701,304,0.83 [0.74-0.93],0.0010897524072238
EDAR,Tumor necrosis factor receptor superfamily member EDAR,Chapter IX Diseases of the circulatory system,Cardiac arrest,16680,133,1.04 [0.88-1.23],0.6171169974498689
EDAR,Tumor necrosis factor receptor superfamily member EDAR,Chapter IX Diseases of the circulatory system,Cardiomyopathy,24167,138,0.76 [0.65-0.90],0.0015710509070092
EDAR,Tumor necrosis factor receptor superfamily member EDAR,Chapter IX Diseases of the circulatory system,"Cardiomyopathy, other and unspecified",24111,82,0.83 [0.67-1.02],0.0805706239542001
EDAR,Tumor necrosis factor receptor superfamily member EDAR,Chapter IX Diseases of the circulatory system,Cerebral atherosclerosis,27739,35,1.05 [0.76-1.44],0.7805829627461993
EDAR,Tumor necrosis factor receptor superfamily member EDAR,Chapter IX Diseases of the circulatory system,Conduction disorders,24770,741,0.94 [0.87-1.00],0.0679267351256921
EDAR,Tumor necrosis factor receptor superfamily member EDAR,Chapter IX Diseases of the circulatory system,Coronary atherosclerosis,26819,1532,0.97 [0.92-1.02],0.2410950460172493
EDAR,Tumor necrosis factor receptor superfamily member EDAR,Chapter IX Diseases of the circulatory system,Death due to cardiac causes,24941,7338,0.98 [0.96-1.01],0.1462540684999414
EDAR,Tumor necrosis factor receptor superfamily member EDAR,Chapter IX Diseases of the circulatory system,DVT of lower extremities,26212,245,0.86 [0.76-0.98],0.0203463493133487
EDAR,Tumor necrosis factor receptor superfamily member EDAR,Chapter IX Diseases of the circulatory system,Endocarditis,24091,62,1.07 [0.84-1.36],0.5935461367533788
EDAR,Tumor necrosis factor receptor superfamily member EDAR,Chapter IX Diseases of the circulatory system,"Heart failure, strict",27643,869,0.90 [0.84-0.96],0.0012153137442802
EDAR,Tumor necrosis factor receptor superfamily member EDAR,Chapter IX Diseases of the circulatory system,Hypertension,25574,6191,0.99 [0.96-1.01],0.3177942078988871
EDAR,Tumor necrosis factor receptor superfamily member EDAR,Chapter IX Diseases of the circulatory system,"Hypertension, essential",25586,6203,0.99 [0.96-1.01],0.3160928624592931
EDAR,Tumor necrosis factor receptor superfamily member EDAR,Chapter IX Diseases of the circulatory system,"Hypertension, portal",27629,43,0.60 [0.44-0.82],0.0013786247798748
EDAR,Tumor necrosis factor receptor superfamily member EDAR,Chapter IX Diseases of the circulatory system,"Hypertension, Pulmonary Arterial",19548,165,0.75 [0.65-0.88],0.0002616005671562
EDAR,Tumor necrosis factor receptor superfamily member EDAR,Chapter IX Diseases of the circulatory system,Hypertensive Renal Disease,19486,103,1.20 [1.00-1.45],0.0552795114275917
EDAR,Tumor necrosis factor receptor superfamily member EDAR,Chapter IX Diseases of the circulatory system,Hypotension,27602,1129,0.88 [0.83-0.93],9.133715141433284e-06
EDAR,Tumor necrosis factor receptor superfamily member EDAR,Chapter IX Diseases of the circulatory system,Intracerebral haemorrhage,26973,94,1.08 [0.89-1.32],0.4229343180911525
EDAR,Tumor necrosis factor receptor superfamily member EDAR,Chapter IX Diseases of the circulatory system,"Ischaemic heart disease, wide definition",27018,1719,0.99 [0.94-1.03],0.5776275922661114
EDAR,Tumor necrosis factor receptor superfamily member EDAR,Chapter IX Diseases of the circulatory system,"Ischaemic Stroke, excluding all haemorrhages",27419,460,0.98 [0.90-1.07],0.6499299468474049
EDAR,Tumor necrosis factor receptor superfamily member EDAR,Chapter IX Diseases of the circulatory system,Left bundle-branch block,24333,304,0.90 [0.81-1.01],0.0754005449074338
EDAR,Tumor necrosis factor receptor superfamily member EDAR,Chapter IX Diseases of the circulatory system,Major coronary heart disease event,27517,610,1.00 [0.92-1.08],0.9623303975242627
EDAR,Tumor necrosis factor receptor superfamily member EDAR,Chapter IX Diseases of the circulatory system,"Myocardial infarction, strict",25790,491,1.01 [0.93-1.11],0.7412736193468625
EDAR,Tumor necrosis factor receptor superfamily member EDAR,Chapter IX Diseases of the circulatory system,"Myocardial infarction, with ST-elevation",27718,90,1.19 [0.98-1.45],0.0852984739847844
EDAR,Tumor necrosis factor receptor superfamily member EDAR,Chapter IX Diseases of the circulatory system,"Myocardial infarction, without ST-elevation",27737,243,1.01 [0.89-1.14],0.8728720094196174
EDAR,Tumor necrosis factor receptor superfamily member EDAR,Chapter IX Diseases of the circulatory system,Oesophageal varices,26004,37,0.77 [0.56-1.06],0.1123398749669472
EDAR,Tumor necrosis factor receptor superfamily member EDAR,Chapter IX Diseases of the circulatory system,Other aneurysm,26726,61,0.92 [0.72-1.18],0.504218848976744
EDAR,Tumor necrosis factor receptor superfamily member EDAR,Chapter IX Diseases of the circulatory system,Other arrhythmias,24393,364,0.92 [0.84-1.02],0.1273951123570073
EDAR,Tumor necrosis factor receptor superfamily member EDAR,Chapter IX Diseases of the circulatory system,Other arterial embolism and thrombosis,26727,62,1.10 [0.87-1.40],0.4278549360889658
EDAR,Tumor necrosis factor receptor superfamily member EDAR,Chapter IX Diseases of the circulatory system,Other diseases of arteries and capillaries,26857,192,0.88 [0.77-1.01],0.0720498189469315
EDAR,Tumor necrosis factor receptor superfamily member EDAR,Chapter IX Diseases of the circulatory system,Other diseases of pericardium,24188,159,0.89 [0.76-1.03],0.120920718751259
EDAR,Tumor necrosis factor receptor superfamily member EDAR,Chapter IX Diseases of the circulatory system,Other disorders of veins,26061,94,0.86 [0.70-1.05],0.1389297489414577
EDAR,Tumor necrosis factor receptor superfamily member EDAR,Chapter IX Diseases of the circulatory system,Other embolism and thrombosis,26013,46,1.16 [0.88-1.53],0.2947062986209017
EDAR,Tumor necrosis factor receptor superfamily member EDAR,Chapter IX Diseases of the circulatory system,Other intracranial haemorrhages,26477,38,0.68 [0.49-0.94],0.0191161081041878
EDAR,Tumor necrosis factor receptor superfamily member EDAR,Chapter IX Diseases of the circulatory system,Other noninfective disorders of lymphatic vessels and lymph nodes,26132,165,0.94 [0.81-1.10],0.4383325901843942
EDAR,Tumor necrosis factor receptor superfamily member EDAR,Chapter IX Diseases of the circulatory system,Other or ill-defined heart diseases,24845,816,0.89 [0.83-0.96],0.0011419410460449
EDAR,Tumor necrosis factor receptor superfamily member EDAR,Chapter IX Diseases of the circulatory system,Other other unspecified disorders of the circulatory system,26517,44,0.75 [0.56-1.01],0.0589051485678163
EDAR,Tumor necrosis factor receptor superfamily member EDAR,Chapter IX Diseases of the circulatory system,Other peripheral vascular diseases,27174,509,0.81 [0.75-0.89],3.154946742007493e-06
EDAR,Tumor necrosis factor receptor superfamily member EDAR,Chapter IX Diseases of the circulatory system,Other pulmonary heart/vessel disease,27158,324,0.78 [0.70-0.87],8.464730957808037e-06
EDAR,Tumor necrosis factor receptor superfamily member EDAR,Chapter IX Diseases of the circulatory system,"Other specified cerebrovascular diseases, other cerebrovascular disorders in diseases classified elsewhere",26990,551,0.88 [0.81-0.96],0.0037385861076261
EDAR,Tumor necrosis factor receptor superfamily member EDAR,Chapter IX Diseases of the circulatory system,Paroxysmal tachycardia,16845,298,0.94 [0.84-1.05],0.2670390395272143
EDAR,Tumor necrosis factor receptor superfamily member EDAR,Chapter IX Diseases of the circulatory system,Peripheral artery disease,26930,278,0.85 [0.75-0.95],0.0052818219610649
EDAR,Tumor necrosis factor receptor superfamily member EDAR,Chapter IX Diseases of the circulatory system,Phlebitis and thrombophlebitis (not including DVT),26292,325,0.92 [0.83-1.03],0.1450031909553769
EDAR,Tumor necrosis factor receptor superfamily member EDAR,Chapter IX Diseases of the circulatory system,Pulmonary embolism,27283,449,0.96 [0.87-1.05],0.3357477356452973
EDAR,Tumor necrosis factor receptor superfamily member EDAR,Chapter IX Diseases of the circulatory system,Rheumatic valve diseases,27663,600,0.92 [0.85-1.00],0.0377988378504504
EDAR,Tumor necrosis factor receptor superfamily member EDAR,Chapter IX Diseases of the circulatory system,Right bundle-branch block,24251,222,0.94 [0.83-1.07],0.3744642119381746
EDAR,Tumor necrosis factor receptor superfamily member EDAR,Chapter IX Diseases of the circulatory system,Secondary right heart disease,27149,315,0.79 [0.70-0.88],2.394726112318692e-05
EDAR,Tumor necrosis factor receptor superfamily member EDAR,Chapter IX Diseases of the circulatory system,Sequelae of cerebrovascular disease,26602,163,0.79 [0.67-0.92],0.0021809122535456
EDAR,Tumor necrosis factor receptor superfamily member EDAR,Chapter IX Diseases of the circulatory system,"Stroke, excluding SAH",27412,533,1.00 [0.92-1.08],0.918424357866995
EDAR,Tumor necrosis factor receptor superfamily member EDAR,Chapter IX Diseases of the circulatory system,"Stroke, including SAH",27386,579,0.97 [0.90-1.06],0.5259876394747984
EDAR,Tumor necrosis factor receptor superfamily member EDAR,Chapter IX Diseases of the circulatory system,Subarachnoid haemorrhage,26938,66,0.91 [0.72-1.15],0.4142275729264925
EDAR,Tumor necrosis factor receptor superfamily member EDAR,Chapter IX Diseases of the circulatory system,Thoracic aortic aneurysm,26713,48,1.02 [0.77-1.35],0.8811592716246673
EDAR,Tumor necrosis factor receptor superfamily member EDAR,Chapter IX Diseases of the circulatory system,Transient ischemic attack,27181,222,0.99 [0.87-1.12],0.8457771730549162
EDAR,Tumor necrosis factor receptor superfamily member EDAR,Chapter IX Diseases of the circulatory system,Unstable angina pectoris,27106,199,0.94 [0.82-1.08],0.4116643612797642
EDAR,Tumor necrosis factor receptor superfamily member EDAR,Chapter IX Diseases of the circulatory system,Varicose veins,26428,461,0.99 [0.90-1.08],0.7644933087951534
EDAR,Tumor necrosis factor receptor superfamily member EDAR,Chapter IX Diseases of the circulatory system,Vascular diseases of the intestine,26680,99,0.87 [0.71-1.06],0.1569799270985533
EDAR,Tumor necrosis factor receptor superfamily member EDAR,Chapter IX Diseases of the circulatory system,Venous thromboembolism,27527,707,0.94 [0.88-1.01],0.104420796045244
EDAR,Tumor necrosis factor receptor superfamily member EDAR,Chapter V Mental and behavioural disorders,"Alcohol use disorder, ICD-based",27696,220,0.96 [0.85-1.10],0.5655198077723209
EDAR,Tumor necrosis factor receptor superfamily member EDAR,Chapter V Mental and behavioural disorders,"Anxiety disorders, excluding more controls",24621,1874,0.97 [0.92-1.01],0.1265057312260501
EDAR,Tumor necrosis factor receptor superfamily member EDAR,Chapter V Mental and behavioural disorders,Any mental disorder,27123,4376,0.96 [0.93-0.99],0.0053656380552295
EDAR,Tumor necrosis factor receptor superfamily member EDAR,Chapter V Mental and behavioural disorders,"Mental and behavioural disorders due to alcohol, excluding acute intoxication",27664,263,0.94 [0.84-1.06],0.3220858828124128
EDAR,Tumor necrosis factor receptor superfamily member EDAR,Chapter V Mental and behavioural disorders,"Mood disorders, excluding more controls",24749,2002,0.97 [0.93-1.01],0.1297584110927956
EDAR,Tumor necrosis factor receptor superfamily member EDAR,Chapter V Mental and behavioural disorders,"Schizophrenia or delusion, excluding more controls",22843,96,0.90 [0.74-1.10],0.3167297934137472
EDAR,Tumor necrosis factor receptor superfamily member EDAR,Chapter V Mental and behavioural disorders,Smoking dependency,27321,1211,0.95 [0.90-1.00],0.0668419796989545
EDAR,Tumor necrosis factor receptor superfamily member EDAR,Chapter V Mental and behavioural disorders,"Substance abuse, excluding more controls",24143,1396,0.94 [0.90-0.99],0.0234880332035726
EDAR,Tumor necrosis factor receptor superfamily member EDAR,Chapter V Mental and behavioural disorders,Vascular dementia,27231,104,0.96 [0.80-1.16],0.7009629532291041
EDAR,Tumor necrosis factor receptor superfamily member EDAR,Chapter VI Diseases of the nervous system,Alzheimer disease,27743,361,0.92 [0.83-1.02],0.1277089684363583
EDAR,Tumor necrosis factor receptor superfamily member EDAR,Chapter VI Diseases of the nervous system,"AlzheimerÕs disease (Atypical or mixed), excluding more controls",18917,60,0.83 [0.64-1.07],0.1565205778860938
EDAR,Tumor necrosis factor receptor superfamily member EDAR,Chapter VI Diseases of the nervous system,Bell's palsy,25558,87,0.83 [0.67-1.02],0.0726417398136447
EDAR,Tumor necrosis factor receptor superfamily member EDAR,Chapter VI Diseases of the nervous system,Carpal tunnel syndrome,26115,644,1.01 [0.93-1.09],0.8543803430277707
EDAR,Tumor necrosis factor receptor superfamily member EDAR,Chapter VI Diseases of the nervous system,Cerebral cysts,27332,224,1.05 [0.92-1.19],0.4768313439806285
EDAR,Tumor necrosis factor receptor superfamily member EDAR,Chapter VI Diseases of the nervous system,Cerebral palsy and other paralytic syndromes,27669,282,0.83 [0.74-0.93],0.0014339312632794
EDAR,Tumor necrosis factor receptor superfamily member EDAR,Chapter VI Diseases of the nervous system,Circumscribed brain atrophy,27250,38,0.94 [0.69-1.28],0.7026149534147081
EDAR,Tumor necrosis factor receptor superfamily member EDAR,Chapter VI Diseases of the nervous system,Diseases of the myoneural junction and muscle,27730,48,1.03 [0.78-1.35],0.8573225965700415
EDAR,Tumor necrosis factor receptor superfamily member EDAR,Chapter VI Diseases of the nervous system,"Disorders of brain, other and unspecified",27163,55,1.19 [0.93-1.54],0.1725048131824939
EDAR,Tumor necrosis factor receptor superfamily member EDAR,Chapter VI Diseases of the nervous system,Epilepsy,26233,284,0.96 [0.85-1.07],0.429508532976427
EDAR,Tumor necrosis factor receptor superfamily member EDAR,Chapter VI Diseases of the nervous system,Episodal and paroxysmal disorders,27318,1369,0.96 [0.91-1.01],0.0950423298040636
EDAR,Tumor necrosis factor receptor superfamily member EDAR,Chapter VI Diseases of the nervous system,Extrapyramidal and movement disorders,27694,522,0.96 [0.88-1.05],0.3596300817171759
EDAR,Tumor necrosis factor receptor superfamily member EDAR,Chapter VI Diseases of the nervous system,Falls/tendency to fall,27099,2947,0.94 [0.91-0.97],0.0007529339226495
EDAR,Tumor necrosis factor receptor superfamily member EDAR,Chapter VI Diseases of the nervous system,Generalized epilepsy,27370,48,0.97 [0.74-1.28],0.8431738634518589
EDAR,Tumor necrosis factor receptor superfamily member EDAR,Chapter VI Diseases of the nervous system,Hemiplegia,27612,225,0.87 [0.77-1.00],0.0430927749940037
EDAR,Tumor necrosis factor receptor superfamily member EDAR,Chapter VI Diseases of the nervous system,Hydrocephalus,27172,64,0.98 [0.77-1.24],0.8417021035329099
EDAR,Tumor necrosis factor receptor superfamily member EDAR,Chapter VI Diseases of the nervous system,Inflammatory diseases of the central nervous system,27723,77,1.02 [0.82-1.26],0.8681387654511815
EDAR,Tumor necrosis factor receptor superfamily member EDAR,Chapter VI Diseases of the nervous system,Lesion of plantar nerve,25600,129,0.96 [0.81-1.13],0.6158305777223587
EDAR,Tumor necrosis factor receptor superfamily member EDAR,Chapter VI Diseases of the nervous system,Lesion of ulnar nerve,25538,67,0.91 [0.72-1.15],0.4193941946647148
EDAR,Tumor necrosis factor receptor superfamily member EDAR,Chapter VI Diseases of the nervous system,Memory loss,27104,98,0.90 [0.74-1.09],0.2800595955541745
EDAR,Tumor necrosis factor receptor superfamily member EDAR,Chapter VI Diseases of the nervous system,Migraine,26472,523,1.00 [0.92-1.09],0.9789764659491678
EDAR,Tumor necrosis factor receptor superfamily member EDAR,Chapter VI Diseases of the nervous system,"Migraine, unspecified, drug-induced",27627,470,1.00 [0.92-1.09],0.9665214552960536
EDAR,Tumor necrosis factor receptor superfamily member EDAR,Chapter VI Diseases of the nervous system,Motor neuron disease,19006,122,0.99 [0.83-1.18],0.8889092051411038
EDAR,Tumor necrosis factor receptor superfamily member EDAR,Chapter VI Diseases of the nervous system,MS-disease / Multiple Sclerosis,27518,145,1.02 [0.87-1.19],0.7912134356681125
EDAR,Tumor necrosis factor receptor superfamily member EDAR,Chapter VI Diseases of the nervous system,"Nerve, nerve root and plexus disorders",26887,1416,1.00 [0.95-1.05],0.9135156672071988
EDAR,Tumor necrosis factor receptor superfamily member EDAR,Chapter VI Diseases of the nervous system,Neurological diseases,26106,3864,0.97 [0.94-1.00],0.094355389712884
EDAR,Tumor necrosis factor receptor superfamily member EDAR,Chapter VI Diseases of the nervous system,Other and unspecified degenerative diseases of nervous system,27372,160,0.87 [0.74-1.01],0.0719194736795221
EDAR,Tumor necrosis factor receptor superfamily member EDAR,Chapter VI Diseases of the nervous system,"Other and unspecified nerve root and plexus disorders, also in other diseases",25901,430,1.05 [0.96-1.15],0.3144278404068797
EDAR,Tumor necrosis factor receptor superfamily member EDAR,Chapter VI Diseases of the nervous system,"Other and unspecified polyneuropathies, also in other diseases",27685,243,0.91 [0.80-1.02],0.1163212691556376
EDAR,Tumor necrosis factor receptor superfamily member EDAR,Chapter VI Diseases of the nervous system,Other degenerative diseases of the nervous system,22329,672,0.92 [0.85-0.99],0.0243223461143198
EDAR,Tumor necrosis factor receptor superfamily member EDAR,Chapter VI Diseases of the nervous system,Other diseases of spinal cord,27176,68,0.79 [0.62-1.00],0.0526656930557317
EDAR,Tumor necrosis factor receptor superfamily member EDAR,Chapter VI Diseases of the nervous system,Other disorders of nervous system,27233,125,0.79 [0.67-0.94],0.0092741470846293
EDAR,Tumor necrosis factor receptor superfamily member EDAR,Chapter VI Diseases of the nervous system,Other extrapyramidal and movement disorders in other diseases,27362,190,0.95 [0.83-1.09],0.4880804015406479
EDAR,Tumor necrosis factor receptor superfamily member EDAR,Chapter VI Diseases of the nervous system,Other facial nerve disorders,25568,97,0.82 [0.67-1.00],0.0489644048667188
EDAR,Tumor necrosis factor receptor superfamily member EDAR,Chapter VI Diseases of the nervous system,Other headache syndromes,26025,76,0.94 [0.75-1.17],0.5613649479303608
EDAR,Tumor necrosis factor receptor superfamily member EDAR,Chapter VI Diseases of the nervous system,Other neurological diseases,27621,513,0.96 [0.88-1.04],0.3432706003607801
EDAR,Tumor necrosis factor receptor superfamily member EDAR,Chapter VI Diseases of the nervous system,Other sleep disorders,26360,411,0.93 [0.85-1.02],0.1287109592016011
EDAR,Tumor necrosis factor receptor superfamily member EDAR,Chapter VI Diseases of the nervous system,Parkinson's disease,27718,316,0.94 [0.84-1.05],0.2558876674658442
EDAR,Tumor necrosis factor receptor superfamily member EDAR,Chapter VI Diseases of the nervous system,Postviral fatigue syndrome,27192,84,1.06 [0.86-1.30],0.5838411740257806
EDAR,Tumor necrosis factor receptor superfamily member EDAR,Chapter VI Diseases of the nervous system,Restless leg syndrome,27742,106,0.96 [0.80-1.16],0.7019961613757166
EDAR,Tumor necrosis factor receptor superfamily member EDAR,Chapter VI Diseases of the nervous system,Sleep apnoea,27561,324,0.93 [0.83-1.03],0.1525380295838326
EDAR,Tumor necrosis factor receptor superfamily member EDAR,Chapter VI Diseases of the nervous system,Small fibre neuropathy,27482,40,0.92 [0.68-1.25],0.6109465361023614
EDAR,Tumor necrosis factor receptor superfamily member EDAR,Chapter VI Diseases of the nervous system,Systemic atrophies primarily affecting the central nervous system,27734,152,0.94 [0.80-1.10],0.4201139411357756
EDAR,Tumor necrosis factor receptor superfamily member EDAR,Chapter VI Diseases of the nervous system,Trigeminal neuralgia,25540,69,0.86 [0.68-1.09],0.2057445827057431
EDAR,Tumor necrosis factor receptor superfamily member EDAR,Chapter VI Diseases of the nervous system,Unspecific neurodegenerative disorder,27743,365,0.92 [0.83-1.02],0.1199045463545849
EDAR,Tumor necrosis factor receptor superfamily member EDAR,Chapter VI Diseases of the nervous system,Vascular dementia (undefined),27189,101,0.96 [0.80-1.17],0.7007531378395248
EDAR,Tumor necrosis factor receptor superfamily member EDAR,"Chapter VII Diseases of the eye, adnexa, ear and mastoid process",Amblyopia ex anopsia,27147,112,0.96 [0.80-1.16],0.7002877260216398
EDAR,Tumor necrosis factor receptor superfamily member EDAR,"Chapter VII Diseases of the eye, adnexa, ear and mastoid process",Astigmatism,27273,488,0.97 [0.89-1.06],0.4536717121589382
EDAR,Tumor necrosis factor receptor superfamily member EDAR,"Chapter VII Diseases of the eye, adnexa, ear and mastoid process",Background diabetic retinopathy,27596,175,1.03 [0.89-1.19],0.7254705406116964
EDAR,Tumor necrosis factor receptor superfamily member EDAR,"Chapter VII Diseases of the eye, adnexa, ear and mastoid process",Blepharochalasis,26614,62,1.11 [0.87-1.41],0.4091188521762589
EDAR,Tumor necrosis factor receptor superfamily member EDAR,"Chapter VII Diseases of the eye, adnexa, ear and mastoid process",Chalazion,26606,54,1.03 [0.79-1.33],0.841467285642636
EDAR,Tumor necrosis factor receptor superfamily member EDAR,"Chapter VII Diseases of the eye, adnexa, ear and mastoid process","Conjunctivitis (acute, non atopic)",27620,60,1.03 [0.81-1.32],0.8115417643569797
EDAR,Tumor necrosis factor receptor superfamily member EDAR,"Chapter VII Diseases of the eye, adnexa, ear and mastoid process",Corneal degeneration,27449,169,1.01 [0.87-1.17],0.9365727383563376
EDAR,Tumor necrosis factor receptor superfamily member EDAR,"Chapter VII Diseases of the eye, adnexa, ear and mastoid process","Diabetic nephropathy, excluding more controls",1713,36,1.17 [0.85-1.62],0.3405343604702662
EDAR,Tumor necrosis factor receptor superfamily member EDAR,"Chapter VII Diseases of the eye, adnexa, ear and mastoid process",Diabetic neuropathy,2062,71,0.96 [0.77-1.21],0.7569551523877162
EDAR,Tumor necrosis factor receptor superfamily member EDAR,"Chapter VII Diseases of the eye, adnexa, ear and mastoid process",Diplopia,27128,93,0.95 [0.78-1.16],0.6321312836643487
EDAR,Tumor necrosis factor receptor superfamily member EDAR,"Chapter VII Diseases of the eye, adnexa, ear and mastoid process",Disorders of choroid and retina,27562,1074,0.99 [0.93-1.05],0.648847521407564
EDAR,Tumor necrosis factor receptor superfamily member EDAR,"Chapter VII Diseases of the eye, adnexa, ear and mastoid process","Disorders of eyelid, lacrimal system and orbit",27320,768,0.94 [0.87-1.00],0.0594932040888764
EDAR,Tumor necrosis factor receptor superfamily member EDAR,"Chapter VII Diseases of the eye, adnexa, ear and mastoid process",Disorders of lacrimal system,26856,304,0.94 [0.84-1.05],0.2474721393527256
EDAR,Tumor necrosis factor receptor superfamily member EDAR,"Chapter VII Diseases of the eye, adnexa, ear and mastoid process","Disorders of ocular muscles, binocular movement, accommodation and refraction",27648,863,0.97 [0.91-1.03],0.3132512231145407
EDAR,Tumor necrosis factor receptor superfamily member EDAR,"Chapter VII Diseases of the eye, adnexa, ear and mastoid process",Disorders of optic nerve and visual pathways,27726,69,0.92 [0.73-1.17],0.5036151244214883
EDAR,Tumor necrosis factor receptor superfamily member EDAR,"Chapter VII Diseases of the eye, adnexa, ear and mastoid process",Disorders of refraction and accommodation,27571,786,0.97 [0.90-1.04],0.3313682280888272
EDAR,Tumor necrosis factor receptor superfamily member EDAR,"Chapter VII Diseases of the eye, adnexa, ear and mastoid process","Disorders of sclera, cornea, iris and ciliary body",27695,415,0.99 [0.90-1.09],0.8534834618167886
EDAR,Tumor necrosis factor receptor superfamily member EDAR,"Chapter VII Diseases of the eye, adnexa, ear and mastoid process",Disorders of vitreous body,27647,209,0.91 [0.79-1.04],0.1543627707510453
EDAR,Tumor necrosis factor receptor superfamily member EDAR,"Chapter VII Diseases of the eye, adnexa, ear and mastoid process",Ectropion of eyelid,26593,41,0.98 [0.73-1.32],0.8930860044475389
EDAR,Tumor necrosis factor receptor superfamily member EDAR,"Chapter VII Diseases of the eye, adnexa, ear and mastoid process",Entropion and trichiasis of eyelid,26601,49,0.98 [0.75-1.29],0.909430601576228
EDAR,Tumor necrosis factor receptor superfamily member EDAR,"Chapter VII Diseases of the eye, adnexa, ear and mastoid process",Epiphora,26620,68,0.88 [0.69-1.11],0.2688409164356933
EDAR,Tumor necrosis factor receptor superfamily member EDAR,"Chapter VII Diseases of the eye, adnexa, ear and mastoid process",Glaucoma,27653,739,0.98 [0.91-1.05],0.5939574817260863
EDAR,Tumor necrosis factor receptor superfamily member EDAR,"Chapter VII Diseases of the eye, adnexa, ear and mastoid process",Glaucoma suspect,27104,190,0.95 [0.83-1.09],0.492348789924952
EDAR,Tumor necrosis factor receptor superfamily member EDAR,"Chapter VII Diseases of the eye, adnexa, ear and mastoid process",Hypermetropia,26854,69,0.90 [0.71-1.14],0.3794595570888782
EDAR,Tumor necrosis factor receptor superfamily member EDAR,"Chapter VII Diseases of the eye, adnexa, ear and mastoid process",Iridocyclitis,27385,105,0.96 [0.80-1.16],0.6824944070103037
EDAR,Tumor necrosis factor receptor superfamily member EDAR,"Chapter VII Diseases of the eye, adnexa, ear and mastoid process",Keratitis,27599,319,0.99 [0.89-1.10],0.8124359963788427
EDAR,Tumor necrosis factor receptor superfamily member EDAR,"Chapter VII Diseases of the eye, adnexa, ear and mastoid process",Myopia,26999,214,0.95 [0.83-1.08],0.4210034021863665
EDAR,Tumor necrosis factor receptor superfamily member EDAR,"Chapter VII Diseases of the eye, adnexa, ear and mastoid process",Other and unspecified disorders of vitreous body,27575,137,0.88 [0.74-1.04],0.1220112896368605
EDAR,Tumor necrosis factor receptor superfamily member EDAR,"Chapter VII Diseases of the eye, adnexa, ear and mastoid process",Other and unspecified glaucoma,27397,483,1.01 [0.93-1.11],0.7400449792202402
EDAR,Tumor necrosis factor receptor superfamily member EDAR,"Chapter VII Diseases of the eye, adnexa, ear and mastoid process",Other and unspecified visual disturbances,27189,154,0.96 [0.82-1.12],0.6269539608140205
EDAR,Tumor necrosis factor receptor superfamily member EDAR,"Chapter VII Diseases of the eye, adnexa, ear and mastoid process",Other cataract,25914,2555,1.00 [0.97-1.04],0.8127067535235079
EDAR,Tumor necrosis factor receptor superfamily member EDAR,"Chapter VII Diseases of the eye, adnexa, ear and mastoid process",Other disorders of cornea,27557,277,1.00 [0.89-1.12],0.950533139094606
EDAR,Tumor necrosis factor receptor superfamily member EDAR,"Chapter VII Diseases of the eye, adnexa, ear and mastoid process",Other disorders of eye and adnexa,27717,154,0.93 [0.80-1.09],0.3825681494757159
EDAR,Tumor necrosis factor receptor superfamily member EDAR,"Chapter VII Diseases of the eye, adnexa, ear and mastoid process",Other disorders of eyelid,26951,399,0.94 [0.86-1.04],0.2429127942007484
EDAR,Tumor necrosis factor receptor superfamily member EDAR,"Chapter VII Diseases of the eye, adnexa, ear and mastoid process",Other disorders of iris and ciliary body,27345,65,1.03 [0.82-1.31],0.7840610602734011
EDAR,Tumor necrosis factor receptor superfamily member EDAR,"Chapter VII Diseases of the eye, adnexa, ear and mastoid process",Other disorders of optic [2nd] nerve and visual pathways,27711,54,1.00 [0.77-1.30],0.98210560392649
EDAR,Tumor necrosis factor receptor superfamily member EDAR,"Chapter VII Diseases of the eye, adnexa, ear and mastoid process",Other inflammation of eyelid,26646,94,0.90 [0.74-1.10],0.3050688257514067
EDAR,Tumor necrosis factor receptor superfamily member EDAR,"Chapter VII Diseases of the eye, adnexa, ear and mastoid process",Other specified and unspecified  disorders of eyelid,26708,156,0.88 [0.75-1.02],0.0951838350797947
EDAR,Tumor necrosis factor receptor superfamily member EDAR,"Chapter VII Diseases of the eye, adnexa, ear and mastoid process",Other specified and unspecified retinal disorders,26596,108,1.07 [0.89-1.28],0.4909389145167895
EDAR,Tumor necrosis factor receptor superfamily member EDAR,"Chapter VII Diseases of the eye, adnexa, ear and mastoid process",Other strabismus,26854,69,0.93 [0.74-1.17],0.545355077475392
EDAR,Tumor necrosis factor receptor superfamily member EDAR,"Chapter VII Diseases of the eye, adnexa, ear and mastoid process","Other, unspecified and serous retinal detachments",26549,61,0.80 [0.63-1.03],0.0843521524032339
EDAR,Tumor necrosis factor receptor superfamily member EDAR,"Chapter VII Diseases of the eye, adnexa, ear and mastoid process",Primary angle-closure glaucoma,27036,122,0.95 [0.80-1.13],0.5830240415876504
EDAR,Tumor necrosis factor receptor superfamily member EDAR,"Chapter VII Diseases of the eye, adnexa, ear and mastoid process","Primary open-angle glaucoma, strict",27096,182,0.98 [0.85-1.13],0.7701662543141656
EDAR,Tumor necrosis factor receptor superfamily member EDAR,"Chapter VII Diseases of the eye, adnexa, ear and mastoid process",Ptosis of eyelid,26688,136,0.93 [0.79-1.10],0.405002450238438
EDAR,Tumor necrosis factor receptor superfamily member EDAR,"Chapter VII Diseases of the eye, adnexa, ear and mastoid process",Retinal detachment with retinal break,26588,100,0.91 [0.75-1.10],0.330437556796804
EDAR,Tumor necrosis factor receptor superfamily member EDAR,"Chapter VII Diseases of the eye, adnexa, ear and mastoid process",Retinal vascular occlusion,26562,74,1.08 [0.87-1.35],0.486537567292884
EDAR,Tumor necrosis factor receptor superfamily member EDAR,"Chapter VII Diseases of the eye, adnexa, ear and mastoid process",Senile cataract,25493,2134,0.97 [0.93-1.01],0.1931632769564732
EDAR,Tumor necrosis factor receptor superfamily member EDAR,"Chapter VII Diseases of the eye, adnexa, ear and mastoid process",Stenosis and insufficiency of lacrimal passages,26639,87,1.10 [0.89-1.34],0.3783305624017066
EDAR,Tumor necrosis factor receptor superfamily member EDAR,"Chapter VII Diseases of the eye, adnexa, ear and mastoid process",Visual disturbances,27472,437,0.95 [0.86-1.04],0.2484246320784226
EDAR,Tumor necrosis factor receptor superfamily member EDAR,"Chapter VII Diseases of the eye, adnexa, ear and mastoid process",Visual field defects,27084,49,0.72 [0.55-0.96],0.0256170937706379
EDAR,Tumor necrosis factor receptor superfamily member EDAR,"Chapter VII Diseases of the eye, adnexa, ear and mastoid process",Visual impairment including blindness (binocular or monocular),27207,172,1.03 [0.89-1.19],0.692278893481532
EDAR,Tumor necrosis factor receptor superfamily member EDAR,Chapter VIII Diseases of the ear and mastoid process,Benign paroxysmal vertigo,27500,117,0.93 [0.78-1.11],0.4029619758683932
EDAR,Tumor necrosis factor receptor superfamily member EDAR,Chapter VIII Diseases of the ear and mastoid process,Diseases of external ear,27695,116,0.99 [0.83-1.18],0.8783948298762163
EDAR,Tumor necrosis factor receptor superfamily member EDAR,Chapter VIII Diseases of the ear and mastoid process,Diseases of middle ear and mastoid,27616,145,1.06 [0.90-1.24],0.4859083194011095
EDAR,Tumor necrosis factor receptor superfamily member EDAR,Chapter VIII Diseases of the ear and mastoid process,Labyrinthitis,27452,69,0.82 [0.65-1.04],0.0946761322548469
EDAR,Tumor necrosis factor receptor superfamily member EDAR,Chapter VIII Diseases of the ear and mastoid process,Mnire disease,27454,71,1.01 [0.81-1.27],0.907904288857713
EDAR,Tumor necrosis factor receptor superfamily member EDAR,Chapter VIII Diseases of the ear and mastoid process,Other disorders of ear,27639,826,0.95 [0.89-1.02],0.128935917973179
EDAR,Tumor necrosis factor receptor superfamily member EDAR,Chapter VIII Diseases of the ear and mastoid process,Other specified/unspecified hearing loss,27379,566,0.95 [0.87-1.03],0.2017275151847682
EDAR,Tumor necrosis factor receptor superfamily member EDAR,Chapter VIII Diseases of the ear and mastoid process,Sensorineural hearing loss,26937,124,0.91 [0.77-1.08],0.2906846729794915
EDAR,Tumor necrosis factor receptor superfamily member EDAR,Chapter VIII Diseases of the ear and mastoid process,Tinnitus,26900,87,1.01 [0.82-1.24],0.9141551040342384
EDAR,Tumor necrosis factor receptor superfamily member EDAR,Chapter X Diseases of the respiratory system,Acute pharyngitis,27462,87,0.77 [0.63-0.95],0.0163636002788099
EDAR,Tumor necrosis factor receptor superfamily member EDAR,Chapter X Diseases of the respiratory system,Acute upper respiratory infections,27613,238,0.84 [0.74-0.95],0.0054805735250157
EDAR,Tumor necrosis factor receptor superfamily member EDAR,Chapter X Diseases of the respiratory system,Acute upper respiratory infections of multiple and unspecified sites,27440,65,0.83 [0.65-1.05],0.1195606183394689
EDAR,Tumor necrosis factor receptor superfamily member EDAR,Chapter X Diseases of the respiratory system,All influenza,26004,128,0.91 [0.76-1.08],0.2618491189737644
EDAR,Tumor necrosis factor receptor superfamily member EDAR,Chapter X Diseases of the respiratory system,All influenza (not pneumonia),26002,126,0.92 [0.78-1.10],0.3722738212597832
EDAR,Tumor necrosis factor receptor superfamily member EDAR,Chapter X Diseases of the respiratory system,Allergic asthma (mode),19705,128,1.14 [0.96-1.35],0.1319852669359071
EDAR,Tumor necrosis factor receptor superfamily member EDAR,Chapter X Diseases of the respiratory system,Allergic rhinitis,27589,292,0.99 [0.89-1.11],0.9209504974833136
EDAR,Tumor necrosis factor receptor superfamily member EDAR,Chapter X Diseases of the respiratory system,"Asthma, excluding more controls",21479,2094,1.01 [0.97-1.05],0.7544721066658295
EDAR,Tumor necrosis factor receptor superfamily member EDAR,Chapter X Diseases of the respiratory system,"Asthma, unspecified (mode)",21645,2068,1.00 [0.96-1.05],0.8373100752429582
EDAR,Tumor necrosis factor receptor superfamily member EDAR,Chapter X Diseases of the respiratory system,Bacterial pneumonia (organism specified),27321,128,0.85 [0.72-1.01],0.0664616974618252
EDAR,Tumor necrosis factor receptor superfamily member EDAR,Chapter X Diseases of the respiratory system,"Bacterial pneumonia, not elsewhere classified",25945,69,0.88 [0.70-1.11],0.2975633667232904
EDAR,Tumor necrosis factor receptor superfamily member EDAR,Chapter X Diseases of the respiratory system,Bronchiectasis,23982,413,0.92 [0.84-1.02],0.1003425559114111
EDAR,Tumor necrosis factor receptor superfamily member EDAR,Chapter X Diseases of the respiratory system,"Bronchitis, not specified as acute or chronic",23641,72,0.98 [0.78-1.23],0.8362457431843662
EDAR,Tumor necrosis factor receptor superfamily member EDAR,Chapter X Diseases of the respiratory system,Chronic lower respiratory diseases,26573,3004,0.97 [0.93-1.00],0.0672061746429429
EDAR,Tumor necrosis factor receptor superfamily member EDAR,Chapter X Diseases of the respiratory system,"Chronic rhinitis, nasopharyngitis and pharyngitis",26440,62,0.83 [0.65-1.06],0.1332786677926645
EDAR,Tumor necrosis factor receptor superfamily member EDAR,Chapter X Diseases of the respiratory system,Chronic sinusitis,26528,150,0.94 [0.80-1.10],0.4385104353699084
EDAR,Tumor necrosis factor receptor superfamily member EDAR,Chapter X Diseases of the respiratory system,"COPD, hospital admissions 1, only main diagnosis",27567,1074,0.88 [0.83-0.94],4.1787199362831736e-05
EDAR,Tumor necrosis factor receptor superfamily member EDAR,Chapter X Diseases of the respiratory system,Deviated nasal septum,26453,75,1.11 [0.89-1.38],0.3428317477716777
EDAR,Tumor necrosis factor receptor superfamily member EDAR,Chapter X Diseases of the respiratory system,Diseases of the respiratory system,25624,5217,0.97 [0.95-1.00],0.0318288238511141
EDAR,Tumor necrosis factor receptor superfamily member EDAR,Chapter X Diseases of the respiratory system,"Diseases of vocal cords and larynx+other diseases of upper respiratory tract, no elsewhere classified",26714,336,1.02 [0.92-1.13],0.6705457682288523
EDAR,Tumor necrosis factor receptor superfamily member EDAR,Chapter X Diseases of the respiratory system,Early onset COPD,26811,318,0.90 [0.81-1.00],0.053920719513193
EDAR,Tumor necrosis factor receptor superfamily member EDAR,Chapter X Diseases of the respiratory system,Emphysema,23845,276,0.93 [0.83-1.04],0.2178107272675248
EDAR,Tumor necrosis factor receptor superfamily member EDAR,Chapter X Diseases of the respiratory system,Idiopathic pulmonary fibrosis,26093,233,0.83 [0.73-0.94],0.0036313434193175
EDAR,Tumor necrosis factor receptor superfamily member EDAR,Chapter X Diseases of the respiratory system,Influenza and pneumonia,27547,1671,0.88 [0.84-0.92],1.282248825952763e-07
EDAR,Tumor necrosis factor receptor superfamily member EDAR,Chapter X Diseases of the respiratory system,Interstitial lung disease,26133,273,0.83 [0.74-0.93],0.0017402414780812
EDAR,Tumor necrosis factor receptor superfamily member EDAR,Chapter X Diseases of the respiratory system,Later onset COPD,26817,756,0.88 [0.82-0.95],0.0004415715840719
EDAR,Tumor necrosis factor receptor superfamily member EDAR,Chapter X Diseases of the respiratory system,Lung diseases due to external agents,27736,231,0.93 [0.82-1.06],0.2624987544467157
EDAR,Tumor necrosis factor receptor superfamily member EDAR,Chapter X Diseases of the respiratory system,Nasal polyp,26447,69,1.02 [0.81-1.29],0.8388108808428654
EDAR,Tumor necrosis factor receptor superfamily member EDAR,Chapter X Diseases of the respiratory system,Other acute lower respiratory infections,27513,933,0.91 [0.85-0.97],0.003029071051787
EDAR,Tumor necrosis factor receptor superfamily member EDAR,Chapter X Diseases of the respiratory system,Other diseases of pleura,27551,1778,0.93 [0.89-0.97],0.00138295549215
EDAR,Tumor necrosis factor receptor superfamily member EDAR,Chapter X Diseases of the respiratory system,Other diseases of upper respiratory tract,27176,798,1.01 [0.94-1.08],0.7619987675963465
EDAR,Tumor necrosis factor receptor superfamily member EDAR,Chapter X Diseases of the respiratory system,Other pleural conditions,25809,36,0.87 [0.63-1.21],0.4144431665259241
EDAR,Tumor necrosis factor receptor superfamily member EDAR,Chapter X Diseases of the respiratory system,Other respiratory diseases principally affecting the interstitium,27661,350,0.81 [0.73-0.90],6.282677331655933e-05
EDAR,Tumor necrosis factor receptor superfamily member EDAR,Chapter X Diseases of the respiratory system,Other respiratory disorders and diseases,27653,1202,0.93 [0.88-0.98],0.0082665546511979
EDAR,Tumor necrosis factor receptor superfamily member EDAR,Chapter X Diseases of the respiratory system,Pleural effusion,26634,861,0.91 [0.85-0.97],0.00482542972083
EDAR,Tumor necrosis factor receptor superfamily member EDAR,Chapter X Diseases of the respiratory system,Pleural plaque,25818,45,1.14 [0.86-1.52],0.3487108997092712
EDAR,Tumor necrosis factor receptor superfamily member EDAR,Chapter X Diseases of the respiratory system,"Pneumonia, organism unspecified",27310,1434,0.88 [0.83-0.92],3.521467813362757e-07
EDAR,Tumor necrosis factor receptor superfamily member EDAR,Chapter X Diseases of the respiratory system,Pneumonitis due to solids and liquids,27705,200,0.87 [0.76-1.00],0.0464820484479576
EDAR,Tumor necrosis factor receptor superfamily member EDAR,Chapter X Diseases of the respiratory system,Pneumothorax,25866,93,0.95 [0.78-1.16],0.5955844799489185
EDAR,Tumor necrosis factor receptor superfamily member EDAR,Chapter X Diseases of the respiratory system,Pollen allergy,27710,244,0.99 [0.87-1.12],0.8413208482823936
EDAR,Tumor necrosis factor receptor superfamily member EDAR,Chapter X Diseases of the respiratory system,Pulmonary oedema,27375,64,0.71 [0.55-0.91],0.0066451031272337
EDAR,Tumor necrosis factor receptor superfamily member EDAR,Chapter X Diseases of the respiratory system,Respiratory insufficiency,19630,53,0.80 [0.61-1.06],0.1186484888319274
EDAR,Tumor necrosis factor receptor superfamily member EDAR,Chapter X Diseases of the respiratory system,Unspecified acute lower respiratory infection,27487,907,0.90 [0.85-0.96],0.001816088014675
EDAR,Tumor necrosis factor receptor superfamily member EDAR,Chapter X Diseases of the respiratory system,Vasomotor and allergic rhinitis,26670,292,0.99 [0.89-1.11],0.9165862125985385
EDAR,Tumor necrosis factor receptor superfamily member EDAR,Chapter X Diseases of the respiratory system,Viral pneumonia,26091,215,0.89 [0.78-1.02],0.090903868216159
EDAR,Tumor necrosis factor receptor superfamily member EDAR,Chapter X Diseases of the respiratory system,"Viral pneumonia (unknown virus, not influenza)",27329,169,0.89 [0.77-1.04],0.136024769976803
EDAR,Tumor necrosis factor receptor superfamily member EDAR,Chapter X Diseases of the respiratory system,Vocal cord dysfunction,13386,109,0.95 [0.79-1.15],0.6163644503777646
EDAR,Tumor necrosis factor receptor superfamily member EDAR,Chapter XI Diseases of the digestive system,Abscess of anal and rectal regions,19758,38,1.10 [0.81-1.49],0.5603677450047571
EDAR,Tumor necrosis factor receptor superfamily member EDAR,Chapter XI Diseases of the digestive system,Acute appendicitis,27559,146,0.82 [0.70-0.96],0.0134775940941969
EDAR,Tumor necrosis factor receptor superfamily member EDAR,Chapter XI Diseases of the digestive system,Acute gastritis,20801,90,0.94 [0.77-1.15],0.5561109384826842
EDAR,Tumor necrosis factor receptor superfamily member EDAR,Chapter XI Diseases of the digestive system,Acute pancreatitis,25410,162,0.94 [0.81-1.09],0.4230488169030015
EDAR,Tumor necrosis factor receptor superfamily member EDAR,Chapter XI Diseases of the digestive system,Acute peritonitis,27163,89,0.96 [0.78-1.17],0.6828992727717293
EDAR,Tumor necrosis factor receptor superfamily member EDAR,Chapter XI Diseases of the digestive system,Alcoholic liver disease,26852,34,0.75 [0.54-1.06],0.102335850598253
EDAR,Tumor necrosis factor receptor superfamily member EDAR,Chapter XI Diseases of the digestive system,Barrett oesophagus,21054,343,0.96 [0.86-1.06],0.3947532655077567
EDAR,Tumor necrosis factor receptor superfamily member EDAR,Chapter XI Diseases of the digestive system,"Cholangitis (primary sclerosing, PSC)",25328,80,1.05 [0.85-1.31],0.6217878586951894
EDAR,Tumor necrosis factor receptor superfamily member EDAR,Chapter XI Diseases of the digestive system,"Cholangitis (primary sclerosing, PSC), with reimbursement 202",27304,80,1.06 [0.86-1.31],0.602061591917224
EDAR,Tumor necrosis factor receptor superfamily member EDAR,Chapter XI Diseases of the digestive system,Cholecystitis,25436,188,1.00 [0.87-1.14],0.9445818905486024
EDAR,Tumor necrosis factor receptor superfamily member EDAR,Chapter XI Diseases of the digestive system,Cholelithiasis,26443,1195,1.01 [0.96-1.07],0.6598295375234482
EDAR,Tumor necrosis factor receptor superfamily member EDAR,Chapter XI Diseases of the digestive system,Chronic gastritis,21057,346,1.05 [0.95-1.16],0.331310000279058
EDAR,Tumor necrosis factor receptor superfamily member EDAR,Chapter XI Diseases of the digestive system,Chronic pancreatitis,25289,41,0.80 [0.59-1.08],0.1493863395366501
EDAR,Tumor necrosis factor receptor superfamily member EDAR,Chapter XI Diseases of the digestive system,"Cirrhosis of liver, NAS",27657,71,0.77 [0.61-0.97],0.0268594959916891
EDAR,Tumor necrosis factor receptor superfamily member EDAR,Chapter XI Diseases of the digestive system,Coeliac disease,26157,152,0.86 [0.74-1.01],0.0669440375780773
EDAR,Tumor necrosis factor receptor superfamily member EDAR,Chapter XI Diseases of the digestive system,Collagenous colitis,25824,115,0.83 [0.69-0.99],0.03982856361786
EDAR,Tumor necrosis factor receptor superfamily member EDAR,Chapter XI Diseases of the digestive system,Colonic or urogenital fistula,27602,151,0.96 [0.82-1.12],0.5981740695951523
EDAR,Tumor necrosis factor receptor superfamily member EDAR,Chapter XI Diseases of the digestive system,Constipation,27394,1747,0.94 [0.90-0.99],0.014684504866981
EDAR,Tumor necrosis factor receptor superfamily member EDAR,Chapter XI Diseases of the digestive system,Crohn disease,25802,93,0.86 [0.70-1.05],0.1437752487340853
EDAR,Tumor necrosis factor receptor superfamily member EDAR,Chapter XI Diseases of the digestive system,"Crohn disease (strict definition, all UC cases excluded)",27373,69,0.88 [0.69-1.11],0.2661938348061526
EDAR,Tumor necrosis factor receptor superfamily member EDAR,Chapter XI Diseases of the digestive system,Crohn's disease NAS,25806,97,0.85 [0.70-1.04],0.1154742082232634
EDAR,Tumor necrosis factor receptor superfamily member EDAR,Chapter XI Diseases of the digestive system,Dental caries,26907,232,0.83 [0.74-0.95],0.0052300850109652
EDAR,Tumor necrosis factor receptor superfamily member EDAR,Chapter XI Diseases of the digestive system,Diaphragmatic hernia,26093,2498,0.97 [0.94-1.01],0.170196690373954
EDAR,Tumor necrosis factor receptor superfamily member EDAR,Chapter XI Diseases of the digestive system,Diseases of appendix,27599,186,0.88 [0.76-1.01],0.0640058243092383
EDAR,Tumor necrosis factor receptor superfamily member EDAR,Chapter XI Diseases of the digestive system,Diseases of liver,27640,822,0.95 [0.88-1.01],0.1016691592753179
EDAR,Tumor necrosis factor receptor superfamily member EDAR,Chapter XI Diseases of the digestive system,"Diseases of oesophagus, stomach and duodenum",25410,4699,0.97 [0.94-0.99],0.0149894643791276
EDAR,Tumor necrosis factor receptor superfamily member EDAR,Chapter XI Diseases of the digestive system,"Diseases of oral cavity, salivary glands and jaws",27273,598,0.96 [0.89-1.04],0.3272233833276467
EDAR,Tumor necrosis factor receptor superfamily member EDAR,Chapter XI Diseases of the digestive system,Diseases of peritoneum,27622,548,1.01 [0.93-1.09],0.8887994831556035
EDAR,Tumor necrosis factor receptor superfamily member EDAR,Chapter XI Diseases of the digestive system,Diseases of pulp and periapical tissues,26792,117,0.95 [0.79-1.13],0.534927345860186
EDAR,Tumor necrosis factor receptor superfamily member EDAR,Chapter XI Diseases of the digestive system,Diseases of salivary glands,26640,63,1.06 [0.83-1.35],0.6318114179729584
EDAR,Tumor necrosis factor receptor superfamily member EDAR,Chapter XI Diseases of the digestive system,Diseases of the digestive system,27436,1431,0.94 [0.90-0.99],0.0260364753330767
EDAR,Tumor necrosis factor receptor superfamily member EDAR,Chapter XI Diseases of the digestive system,Diseases of tongue,26653,111,0.91 [0.76-1.09],0.3141987639722489
EDAR,Tumor necrosis factor receptor superfamily member EDAR,Chapter XI Diseases of the digestive system,"Disorders of gallbladder, biliary tract and pancreas",26856,1608,1.01 [0.96-1.06],0.7736611593054608
EDAR,Tumor necrosis factor receptor superfamily member EDAR,Chapter XI Diseases of the digestive system,Diverticular disease of intestine,22974,3254,0.98 [0.95-1.01],0.2066247121784617
EDAR,Tumor necrosis factor receptor superfamily member EDAR,Chapter XI Diseases of the digestive system,Duodenal ulcer,20844,133,0.96 [0.82-1.14],0.6674391262261845
EDAR,Tumor necrosis factor receptor superfamily member EDAR,Chapter XI Diseases of the digestive system,"Duodenal ulcer - Unspecified as acute or chronic, without haemorrhage or perforation, drug-induced",27694,112,0.92 [0.76-1.10],0.3434362933877536
EDAR,Tumor necrosis factor receptor superfamily member EDAR,Chapter XI Diseases of the digestive system,Embedded and impacted teeth,27642,65,1.18 [0.94-1.49],0.1537368766044969
EDAR,Tumor necrosis factor receptor superfamily member EDAR,Chapter XI Diseases of the digestive system,Fibrosis and cirrhosis of liver,26911,93,0.77 [0.63-0.95],0.0135436017623777
EDAR,Tumor necrosis factor receptor superfamily member EDAR,Chapter XI Diseases of the digestive system,Fissure and fistula of anal and rectal regions,19833,113,1.05 [0.88-1.25],0.6213433726258539
EDAR,Tumor necrosis factor receptor superfamily member EDAR,Chapter XI Diseases of the digestive system,Functional dyspepsia,21378,667,0.94 [0.87-1.01],0.1068052186660797
EDAR,Tumor necrosis factor receptor superfamily member EDAR,Chapter XI Diseases of the digestive system,Gastric ulcer,21063,352,0.85 [0.77-0.94],0.0021189754446689
EDAR,Tumor necrosis factor receptor superfamily member EDAR,Chapter XI Diseases of the digestive system,Gastro-oesophageal reflux disease,23551,2840,0.97 [0.94-1.01],0.1101932998104745
EDAR,Tumor necrosis factor receptor superfamily member EDAR,Chapter XI Diseases of the digestive system,Gastroduodenal ulcer,21188,477,0.90 [0.82-0.98],0.019486821130823
EDAR,Tumor necrosis factor receptor superfamily member EDAR,Chapter XI Diseases of the digestive system,Gastrointestinal diseases,21694,8565,0.98 [0.96-1.00],0.0621932968582529
EDAR,Tumor necrosis factor receptor superfamily member EDAR,Chapter XI Diseases of the digestive system,GI-bleeding,27162,1157,0.94 [0.89-1.00],0.0414251225797128
EDAR,Tumor necrosis factor receptor superfamily member EDAR,Chapter XI Diseases of the digestive system,Gingivitis and periodontal diseases,26739,64,0.98 [0.77-1.24],0.8521881061970525
EDAR,Tumor necrosis factor receptor superfamily member EDAR,Chapter XI Diseases of the digestive system,Haemorrhoids and perianal venous thrombosis,20703,1279,0.98 [0.93-1.04],0.5290806855317423
EDAR,Tumor necrosis factor receptor superfamily member EDAR,Chapter XI Diseases of the digestive system,"Hepatic failure, not elsewhere classified",26857,39,0.94 [0.69-1.28],0.6952884750862186
EDAR,Tumor necrosis factor receptor superfamily member EDAR,Chapter XI Diseases of the digestive system,Hernia,26536,2941,0.97 [0.93-1.00],0.0608733473484427
EDAR,Tumor necrosis factor receptor superfamily member EDAR,Chapter XI Diseases of the digestive system,Impacted teeth,27652,60,1.26 [0.99-1.60],0.0610806234401198
EDAR,Tumor necrosis factor receptor superfamily member EDAR,Chapter XI Diseases of the digestive system,Impaction of intestines,19785,65,1.04 [0.82-1.31],0.774702486259205
EDAR,Tumor necrosis factor receptor superfamily member EDAR,Chapter XI Diseases of the digestive system,Inguinal hernia,23763,168,0.84 [0.73-0.98],0.0257178916481284
EDAR,Tumor necrosis factor receptor superfamily member EDAR,Chapter XI Diseases of the digestive system,Intestinal adhesions without obstruction,19826,106,0.81 [0.67-0.98],0.0299932937067378
EDAR,Tumor necrosis factor receptor superfamily member EDAR,Chapter XI Diseases of the digestive system,Intestinal malabsorption,26182,177,0.88 [0.76-1.01],0.0728954283092918
EDAR,Tumor necrosis factor receptor superfamily member EDAR,Chapter XI Diseases of the digestive system,Irritable bowel syndrome,20557,837,0.97 [0.91-1.03],0.3262929369551978
EDAR,Tumor necrosis factor receptor superfamily member EDAR,Chapter XI Diseases of the digestive system,Nonalcoholic fatty liver disease,27726,366,1.02 [0.93-1.13],0.6330773719234442
EDAR,Tumor necrosis factor receptor superfamily member EDAR,Chapter XI Diseases of the digestive system,Noninfectious colitis NAS,26535,826,0.99 [0.93-1.06],0.8045423539542046
EDAR,Tumor necrosis factor receptor superfamily member EDAR,Chapter XI Diseases of the digestive system,Noninfective enteritis and colitis,26823,1114,0.99 [0.94-1.05],0.7626892017700119
EDAR,Tumor necrosis factor receptor superfamily member EDAR,Chapter XI Diseases of the digestive system,Oesophageal obstruction,20873,162,0.98 [0.84-1.14],0.7945131323817357
EDAR,Tumor necrosis factor receptor superfamily member EDAR,Chapter XI Diseases of the digestive system,Oesophagitis,21285,574,0.94 [0.87-1.02],0.14952375176939
EDAR,Tumor necrosis factor receptor superfamily member EDAR,Chapter XI Diseases of the digestive system,Oral lichen ruber planus,27697,160,0.92 [0.79-1.07],0.3034193224954401
EDAR,Tumor necrosis factor receptor superfamily member EDAR,Chapter XI Diseases of the digestive system,Other and unspecified abdominal hernia,23657,62,1.03 [0.81-1.31],0.8216971343647306
EDAR,Tumor necrosis factor receptor superfamily member EDAR,Chapter XI Diseases of the digestive system,Other diseases of anus and rectum,21005,1285,0.94 [0.89-0.99],0.0314462036363172
EDAR,Tumor necrosis factor receptor superfamily member EDAR,Chapter XI Diseases of the digestive system,Other diseases of biliary tract,25550,302,0.90 [0.81-1.01],0.074210193888063
EDAR,Tumor necrosis factor receptor superfamily member EDAR,Chapter XI Diseases of the digestive system,Other diseases of gallbladder,25436,188,0.99 [0.86-1.14],0.9037590687961564
EDAR,Tumor necrosis factor receptor superfamily member EDAR,Chapter XI Diseases of the digestive system,Other diseases of intestine,21329,1609,0.98 [0.93-1.03],0.4170436025688124
EDAR,Tumor necrosis factor receptor superfamily member EDAR,Chapter XI Diseases of the digestive system,Other diseases of intestines,25529,5809,0.96 [0.94-0.99],0.003274232124624
EDAR,Tumor necrosis factor receptor superfamily member EDAR,Chapter XI Diseases of the digestive system,Other diseases of lip and oral mucosa,26644,235,0.97 [0.85-1.09],0.5783695469400976
EDAR,Tumor necrosis factor receptor superfamily member EDAR,Chapter XI Diseases of the digestive system,Other diseases of liver,27509,691,0.94 [0.87-1.01],0.0938361292446524
EDAR,Tumor necrosis factor receptor superfamily member EDAR,Chapter XI Diseases of the digestive system,Other diseases of oesophagus,21298,587,0.94 [0.87-1.01],0.1083815637640987
EDAR,Tumor necrosis factor receptor superfamily member EDAR,Chapter XI Diseases of the digestive system,Other diseases of pancreas,25405,157,0.88 [0.75-1.03],0.1029027841642817
EDAR,Tumor necrosis factor receptor superfamily member EDAR,Chapter XI Diseases of the digestive system,Other diseases of peritoneum,27557,483,0.99 [0.91-1.08],0.887029351776912
EDAR,Tumor necrosis factor receptor superfamily member EDAR,Chapter XI Diseases of the digestive system,Other diseases of stomach and duodenum,21806,1095,0.90 [0.85-0.96],0.0006399766792094
EDAR,Tumor necrosis factor receptor superfamily member EDAR,Chapter XI Diseases of the digestive system,Other diseases of the digestive system,27181,1176,0.95 [0.89-1.00],0.0506439616100668
EDAR,Tumor necrosis factor receptor superfamily member EDAR,Chapter XI Diseases of the digestive system,Other disorders of teeth and supporting structures,26870,195,0.92 [0.80-1.05],0.212168619644001
EDAR,Tumor necrosis factor receptor superfamily member EDAR,Chapter XI Diseases of the digestive system,Other functional intestinal disorders,21524,1804,0.94 [0.90-0.98],0.006001270997727
EDAR,Tumor necrosis factor receptor superfamily member EDAR,Chapter XI Diseases of the digestive system,Other gastritis (incl. Duodenitis),22848,2137,0.94 [0.90-0.98],0.0017638265715006
EDAR,Tumor necrosis factor receptor superfamily member EDAR,Chapter XI Diseases of the digestive system,Other inflammatory liver diseases,26918,100,0.78 [0.64-0.95],0.0137145327362094
EDAR,Tumor necrosis factor receptor superfamily member EDAR,Chapter XI Diseases of the digestive system,Other noninfective gastroenteritis and colitis,26691,982,0.97 [0.91-1.03],0.3449449444825878
EDAR,Tumor necrosis factor receptor superfamily member EDAR,Chapter XI Diseases of the digestive system,"Other or unspecified ileus, impaction or obstruction",20053,333,0.89 [0.80-0.99],0.0303006831793344
EDAR,Tumor necrosis factor receptor superfamily member EDAR,Chapter XI Diseases of the digestive system,Palatinal maxillary canine,27631,74,1.14 [0.92-1.42],0.2239523573491976
EDAR,Tumor necrosis factor receptor superfamily member EDAR,Chapter XI Diseases of the digestive system,Paralytic ileus and intestinal obstruction,20221,501,0.88 [0.81-0.96],0.0051488679559216
EDAR,Tumor necrosis factor receptor superfamily member EDAR,Chapter XI Diseases of the digestive system,"Postprocedural disorders of digestive system, not elsewhere classified",26140,135,0.96 [0.81-1.13],0.6301906833755864
EDAR,Tumor necrosis factor receptor superfamily member EDAR,Chapter XI Diseases of the digestive system,Recurring oral aphthae,27735,69,0.81 [0.64-1.02],0.0774195726835974
EDAR,Tumor necrosis factor receptor superfamily member EDAR,Chapter XI Diseases of the digestive system,Stomatitis and related lesions,26678,129,0.84 [0.70-0.99],0.0396458294580187
EDAR,Tumor necrosis factor receptor superfamily member EDAR,Chapter XI Diseases of the digestive system,Toxic colitis,25777,68,0.93 [0.73-1.17],0.5223875647438785
EDAR,Tumor necrosis factor receptor superfamily member EDAR,Chapter XI Diseases of the digestive system,Ulcer of oesophagus,20951,240,1.00 [0.89-1.13],0.9859207596289872
EDAR,Tumor necrosis factor receptor superfamily member EDAR,Chapter XI Diseases of the digestive system,Ulcerative colitis,25882,173,1.18 [1.03-1.36],0.0207514762781948
EDAR,Tumor necrosis factor receptor superfamily member EDAR,Chapter XI Diseases of the digestive system,"Ulcerative colitis, NAS",25851,142,1.14 [0.97-1.33],0.1066377154183396
EDAR,Tumor necrosis factor receptor superfamily member EDAR,Chapter XI Diseases of the digestive system,Umbilical hernia,23768,173,0.79 [0.68-0.91],0.0015745127065921
EDAR,Tumor necrosis factor receptor superfamily member EDAR,Chapter XI Diseases of the digestive system,Vascular disorders of the intestines,19916,196,0.86 [0.74-0.98],0.0283696329447231
EDAR,Tumor necrosis factor receptor superfamily member EDAR,Chapter XI Diseases of the digestive system,Ventral hernia,23854,259,0.97 [0.86-1.10],0.6638832980372669
EDAR,Tumor necrosis factor receptor superfamily member EDAR,Chapter XI Diseases of the digestive system,Volvulus,19806,86,0.87 [0.71-1.07],0.1928436648816492
EDAR,Tumor necrosis factor receptor superfamily member EDAR,Chapter XII Diseases of the skin and subcutaneous tissue,Actinic keratosis,27652,262,1.04 [0.93-1.17],0.4755456097538438
EDAR,Tumor necrosis factor receptor superfamily member EDAR,Chapter XII Diseases of the skin and subcutaneous tissue,Arthropathic psoriasis,27415,78,0.73 [0.59-0.92],0.0065952317583882
EDAR,Tumor necrosis factor receptor superfamily member EDAR,Chapter XII Diseases of the skin and subcutaneous tissue,Atrophic disorders of skin,25658,223,0.92 [0.81-1.04],0.1885724309385112
EDAR,Tumor necrosis factor receptor superfamily member EDAR,Chapter XII Diseases of the skin and subcutaneous tissue,Cellulitis,27206,642,0.94 [0.87-1.01],0.0995438486791776
EDAR,Tumor necrosis factor receptor superfamily member EDAR,Chapter XII Diseases of the skin and subcutaneous tissue,"Cutaneous abscess, furuncle and carbuncle",26711,147,1.16 [1.00-1.36],0.0564500667664984
EDAR,Tumor necrosis factor receptor superfamily member EDAR,Chapter XII Diseases of the skin and subcutaneous tissue,Decubitus ulcer and pressure area,25777,342,0.88 [0.79-0.98],0.0188103608867902
EDAR,Tumor necrosis factor receptor superfamily member EDAR,Chapter XII Diseases of the skin and subcutaneous tissue,Dermatitis,27420,279,0.98 [0.88-1.10],0.7461914437875465
EDAR,Tumor necrosis factor receptor superfamily member EDAR,Chapter XII Diseases of the skin and subcutaneous tissue,Dermatitis and eczema,27629,488,0.92 [0.85-1.01],0.073311234802155
EDAR,Tumor necrosis factor receptor superfamily member EDAR,Chapter XII Diseases of the skin and subcutaneous tissue,Dermatitis due to substances taken internally,27194,53,0.80 [0.61-1.05],0.1020365313525825
EDAR,Tumor necrosis factor receptor superfamily member EDAR,Chapter XII Diseases of the skin and subcutaneous tissue,Diseases of the skin and subcutaneous tissue,26117,3201,0.96 [0.92-0.99],0.0089555521360013
EDAR,Tumor necrosis factor receptor superfamily member EDAR,Chapter XII Diseases of the skin and subcutaneous tissue,Disorders of skin appendages,27287,489,1.00 [0.91-1.09],0.933048216516684
EDAR,Tumor necrosis factor receptor superfamily member EDAR,Chapter XII Diseases of the skin and subcutaneous tissue,Follicular cysts of skin and subcutaneous tissue,27135,337,1.06 [0.96-1.18],0.251063832294322
EDAR,Tumor necrosis factor receptor superfamily member EDAR,Chapter XII Diseases of the skin and subcutaneous tissue,Infections of the skin and subcutaneous tissue,27420,856,0.97 [0.91-1.04],0.4119001136025794
EDAR,Tumor necrosis factor receptor superfamily member EDAR,Chapter XII Diseases of the skin and subcutaneous tissue,"Lichen planus, including avohilmo",27718,79,0.96 [0.78-1.20],0.7437187194950026
EDAR,Tumor necrosis factor receptor superfamily member EDAR,Chapter XII Diseases of the skin and subcutaneous tissue,Lupus erythematosus,25526,91,0.61 [0.49-0.75],4.497170422887204e-06
EDAR,Tumor necrosis factor receptor superfamily member EDAR,Chapter XII Diseases of the skin and subcutaneous tissue,Nail disorders,26846,48,0.76 [0.58-1.01],0.0610062133503609
EDAR,Tumor necrosis factor receptor superfamily member EDAR,Chapter XII Diseases of the skin and subcutaneous tissue,Other and unspecified dermatitis,27405,264,0.99 [0.88-1.11],0.8536850071149708
EDAR,Tumor necrosis factor receptor superfamily member EDAR,Chapter XII Diseases of the skin and subcutaneous tissue,Other and unspecified disorders of skin and subcutaneous tissue,25858,423,1.02 [0.93-1.12],0.608183946426231
EDAR,Tumor necrosis factor receptor superfamily member EDAR,Chapter XII Diseases of the skin and subcutaneous tissue,Other and unspecified epidermal thickening,25482,47,1.08 [0.82-1.43],0.572312139879569
EDAR,Tumor necrosis factor receptor superfamily member EDAR,Chapter XII Diseases of the skin and subcutaneous tissue,Other and unspecified erythematous conditions,27640,84,0.81 [0.65-1.00],0.0548993359584408
EDAR,Tumor necrosis factor receptor superfamily member EDAR,Chapter XII Diseases of the skin and subcutaneous tissue,Other and unspecified local infections of skin and subcutaneous tissue,26720,156,1.09 [0.93-1.26],0.2942196104156298
EDAR,Tumor necrosis factor receptor superfamily member EDAR,Chapter XII Diseases of the skin and subcutaneous tissue,Other and unspecified psoriasis,27507,170,0.81 [0.70-0.94],0.006494292165238
EDAR,Tumor necrosis factor receptor superfamily member EDAR,Chapter XII Diseases of the skin and subcutaneous tissue,Other contact dermatitis,27200,59,0.89 [0.69-1.15],0.3752644720687798
EDAR,Tumor necrosis factor receptor superfamily member EDAR,Chapter XII Diseases of the skin and subcutaneous tissue,Other disorders of pigmentation,25503,68,0.93 [0.74-1.18],0.5631311807121129
EDAR,Tumor necrosis factor receptor superfamily member EDAR,Chapter XII Diseases of the skin and subcutaneous tissue,Other disorders of skin and subcutaneous tissue,27045,1610,0.94 [0.89-0.99],0.0100112756203392
EDAR,Tumor necrosis factor receptor superfamily member EDAR,Chapter XII Diseases of the skin and subcutaneous tissue,"Other disorders of skin and subcutaneous tissue, not elsewhere classified",25893,458,1.03 [0.94-1.12],0.5852412999546316
EDAR,Tumor necrosis factor receptor superfamily member EDAR,Chapter XII Diseases of the skin and subcutaneous tissue,Other epidermal thickening,25487,52,1.09 [0.84-1.42],0.4995778959775337
EDAR,Tumor necrosis factor receptor superfamily member EDAR,Chapter XII Diseases of the skin and subcutaneous tissue,Papulosquamous disorders,27654,317,0.85 [0.77-0.95],0.0044866460417725
EDAR,Tumor necrosis factor receptor superfamily member EDAR,Chapter XII Diseases of the skin and subcutaneous tissue,Pruritus,27224,83,0.88 [0.71-1.09],0.2518210585859595
EDAR,Tumor necrosis factor receptor superfamily member EDAR,Chapter XII Diseases of the skin and subcutaneous tissue,Psoriasis,27579,242,0.83 [0.73-0.94],0.0039981059243637
EDAR,Tumor necrosis factor receptor superfamily member EDAR,Chapter XII Diseases of the skin and subcutaneous tissue,Radiation-related disorders of the skin and subcutaneous tissue,27689,299,1.02 [0.91-1.13],0.7819775185503672
EDAR,Tumor necrosis factor receptor superfamily member EDAR,Chapter XII Diseases of the skin and subcutaneous tissue,Scar conditions and fibrosis of skin,25597,162,0.94 [0.81-1.09],0.4190943123962389
EDAR,Tumor necrosis factor receptor superfamily member EDAR,Chapter XII Diseases of the skin and subcutaneous tissue,Seborrhoeic keratosis,25701,266,0.97 [0.87-1.10],0.6661015827349033
EDAR,Tumor necrosis factor receptor superfamily member EDAR,Chapter XII Diseases of the skin and subcutaneous tissue,Skin changes due to chronic exposure to nonionizing radiation,27674,284,1.03 [0.92-1.15],0.6307128925070473
EDAR,Tumor necrosis factor receptor superfamily member EDAR,Chapter XII Diseases of the skin and subcutaneous tissue,"Ulcer of lower limb, not elsewhere classified",25637,202,0.81 [0.71-0.93],0.0028467226053323
EDAR,Tumor necrosis factor receptor superfamily member EDAR,Chapter XII Diseases of the skin and subcutaneous tissue,Urticaria and erythema,27707,151,0.80 [0.69-0.94],0.0072686281454371
EDAR,Tumor necrosis factor receptor superfamily member EDAR,Chapter XIII Diseases of the musculoskeletal system and connective tissue,Adhesive capsulitis of shoulder,23669,128,1.30 [1.11-1.54],0.0016343423942782
EDAR,Tumor necrosis factor receptor superfamily member EDAR,Chapter XIII Diseases of the musculoskeletal system and connective tissue,Arthropathies,25190,6473,0.97 [0.94-0.99],0.0036776689272125
EDAR,Tumor necrosis factor receptor superfamily member EDAR,Chapter XIII Diseases of the musculoskeletal system and connective tissue,Arthrosis,23773,5056,0.96 [0.94-0.99],0.0046203831629183
EDAR,Tumor necrosis factor receptor superfamily member EDAR,Chapter XIII Diseases of the musculoskeletal system and connective tissue,Bursitis of shoulder,23621,80,1.08 [0.87-1.33],0.4770047395782437
EDAR,Tumor necrosis factor receptor superfamily member EDAR,Chapter XIII Diseases of the musculoskeletal system and connective tissue,Cervical disc disorders,23788,155,0.94 [0.81-1.10],0.44673400855997
EDAR,Tumor necrosis factor receptor superfamily member EDAR,Chapter XIII Diseases of the musculoskeletal system and connective tissue,Cervicalgia,23850,217,0.94 [0.82-1.07],0.3467678941608942
EDAR,Tumor necrosis factor receptor superfamily member EDAR,Chapter XIII Diseases of the musculoskeletal system and connective tissue,Chondropathies,27446,116,0.96 [0.80-1.14],0.6324907050572748
EDAR,Tumor necrosis factor receptor superfamily member EDAR,Chapter XIII Diseases of the musculoskeletal system and connective tissue,"Collapsed vertebra, not elsewhere classified",23753,120,0.77 [0.64-0.92],0.0037598882266894
EDAR,Tumor necrosis factor receptor superfamily member EDAR,Chapter XIII Diseases of the musculoskeletal system and connective tissue,Coxarthrosis,20109,1392,0.96 [0.91-1.01],0.1325238299502078
EDAR,Tumor necrosis factor receptor superfamily member EDAR,Chapter XIII Diseases of the musculoskeletal system and connective tissue,"Coxarthrosis, primary",27589,225,1.00 [0.88-1.13],0.9407222412850956
EDAR,Tumor necrosis factor receptor superfamily member EDAR,Chapter XIII Diseases of the musculoskeletal system and connective tissue,Deforming dorsopathies,24251,618,0.98 [0.91-1.06],0.5934018227077733
EDAR,Tumor necrosis factor receptor superfamily member EDAR,Chapter XIII Diseases of the musculoskeletal system and connective tissue,Diseases of the musculoskeletal system and connective tissue,23310,8218,0.97 [0.95-0.99],0.0014255290676893
EDAR,Tumor necrosis factor receptor superfamily member EDAR,Chapter XIII Diseases of the musculoskeletal system and connective tissue,Disorders of continuity of bone,24850,141,0.85 [0.72-1.00],0.0463263411307023
EDAR,Tumor necrosis factor receptor superfamily member EDAR,Chapter XIII Diseases of the musculoskeletal system and connective tissue,Disorders of muscles,23674,133,0.79 [0.67-0.94],0.0076502762639663
EDAR,Tumor necrosis factor receptor superfamily member EDAR,Chapter XIII Diseases of the musculoskeletal system and connective tissue,Disorders of synovium and tendon,24241,700,0.94 [0.87-1.01],0.0752256788752479
EDAR,Tumor necrosis factor receptor superfamily member EDAR,Chapter XIII Diseases of the musculoskeletal system and connective tissue,Dorsopathies,26715,3082,0.95 [0.92-0.99],0.0060185684704797
EDAR,Tumor necrosis factor receptor superfamily member EDAR,Chapter XIII Diseases of the musculoskeletal system and connective tissue,Fibroblastic disorders,23719,178,0.97 [0.84-1.12],0.7213162373478352
EDAR,Tumor necrosis factor receptor superfamily member EDAR,Chapter XIII Diseases of the musculoskeletal system and connective tissue,Fibromyalgia,23930,389,1.02 [0.93-1.13],0.6323520710003758
EDAR,Tumor necrosis factor receptor superfamily member EDAR,Chapter XIII Diseases of the musculoskeletal system and connective tissue,Ganglion,23714,173,0.98 [0.85-1.13],0.7757313067004913
EDAR,Tumor necrosis factor receptor superfamily member EDAR,Chapter XIII Diseases of the musculoskeletal system and connective tissue,Giant cell arteritis,26778,108,0.77 [0.64-0.93],0.0067457236989832
EDAR,Tumor necrosis factor receptor superfamily member EDAR,Chapter XIII Diseases of the musculoskeletal system and connective tissue,Gonarthrosis,20624,1907,0.98 [0.94-1.02],0.308733881000267
EDAR,Tumor necrosis factor receptor superfamily member EDAR,Chapter XIII Diseases of the musculoskeletal system and connective tissue,Gout,18944,227,0.93 [0.82-1.06],0.2589368369633824
EDAR,Tumor necrosis factor receptor superfamily member EDAR,Chapter XIII Diseases of the musculoskeletal system and connective tissue,"Gout, unspecified",27730,224,0.94 [0.82-1.07],0.3384377846969665
EDAR,Tumor necrosis factor receptor superfamily member EDAR,Chapter XIII Diseases of the musculoskeletal system and connective tissue,Hallux rigidus,18819,102,1.03 [0.85-1.24],0.7534885380512846
EDAR,Tumor necrosis factor receptor superfamily member EDAR,Chapter XIII Diseases of the musculoskeletal system and connective tissue,Hallux valgus (acquired),19294,577,0.98 [0.90-1.06],0.5618725230517838
EDAR,Tumor necrosis factor receptor superfamily member EDAR,Chapter XIII Diseases of the musculoskeletal system and connective tissue,Impingement syndrome of shoulder,23876,335,0.94 [0.84-1.04],0.2160081728523735
EDAR,Tumor necrosis factor receptor superfamily member EDAR,Chapter XIII Diseases of the musculoskeletal system and connective tissue,Internal derangement of knee,19363,646,1.04 [0.96-1.12],0.3579970308411676
EDAR,Tumor necrosis factor receptor superfamily member EDAR,Chapter XIII Diseases of the musculoskeletal system and connective tissue,Kyphosis,23701,68,0.91 [0.72-1.15],0.4401609864987733
EDAR,Tumor necrosis factor receptor superfamily member EDAR,Chapter XIII Diseases of the musculoskeletal system and connective tissue,Low back pain,24362,729,0.96 [0.89-1.03],0.2672287515946501
EDAR,Tumor necrosis factor receptor superfamily member EDAR,Chapter XIII Diseases of the musculoskeletal system and connective tissue,Lumbar disc prolapse,23969,336,1.05 [0.94-1.16],0.375254312343633
EDAR,Tumor necrosis factor receptor superfamily member EDAR,Chapter XIII Diseases of the musculoskeletal system and connective tissue,Meniscus derangement,19319,602,1.03 [0.95-1.11],0.4379574481654088
EDAR,Tumor necrosis factor receptor superfamily member EDAR,Chapter XIII Diseases of the musculoskeletal system and connective tissue,Myalgia,23634,93,1.07 [0.88-1.30],0.5238916298883122
EDAR,Tumor necrosis factor receptor superfamily member EDAR,Chapter XIII Diseases of the musculoskeletal system and connective tissue,"Neuralgia and neuritis, unspecified",23612,71,1.04 [0.83-1.31],0.7053195745759697
EDAR,Tumor necrosis factor receptor superfamily member EDAR,Chapter XIII Diseases of the musculoskeletal system and connective tissue,Osteomyelitis,24758,49,1.06 [0.81-1.39],0.6721363448407235
EDAR,Tumor necrosis factor receptor superfamily member EDAR,Chapter XIII Diseases of the musculoskeletal system and connective tissue,Osteopathies and chondropathies,27252,2543,0.92 [0.89-0.96],5.890006276936816e-05
EDAR,Tumor necrosis factor receptor superfamily member EDAR,Chapter XIII Diseases of the musculoskeletal system and connective tissue,Osteoporosis,26538,1829,0.91 [0.87-0.96],8.78947560500177e-05
EDAR,Tumor necrosis factor receptor superfamily member EDAR,Chapter XIII Diseases of the musculoskeletal system and connective tissue,"Other (seronegative) rheumatoid arthritis, wide",27543,612,0.88 [0.82-0.95],0.0018205339536526
EDAR,Tumor necrosis factor receptor superfamily member EDAR,Chapter XIII Diseases of the musculoskeletal system and connective tissue,Other arthrosis,21798,3081,0.93 [0.90-0.97],0.0001247746703596
EDAR,Tumor necrosis factor receptor superfamily member EDAR,Chapter XIII Diseases of the musculoskeletal system and connective tissue,Other articular cartilage disorders,18790,73,0.87 [0.70-1.09],0.2380306577215153
EDAR,Tumor necrosis factor receptor superfamily member EDAR,Chapter XIII Diseases of the musculoskeletal system and connective tissue,Other bursopathies,23643,102,1.04 [0.86-1.26],0.6701115126661779
EDAR,Tumor necrosis factor receptor superfamily member EDAR,Chapter XIII Diseases of the musculoskeletal system and connective tissue,Other crystal arthropathies,18759,42,0.77 [0.57-1.05],0.1003084417120522
EDAR,Tumor necrosis factor receptor superfamily member EDAR,Chapter XIII Diseases of the musculoskeletal system and connective tissue,Other deformities of toe(s),18921,204,1.02 [0.89-1.17],0.7773003671638571
EDAR,Tumor necrosis factor receptor superfamily member EDAR,Chapter XIII Diseases of the musculoskeletal system and connective tissue,Other disorders of bone,25005,296,0.92 [0.82-1.03],0.1564258050799073
EDAR,Tumor necrosis factor receptor superfamily member EDAR,Chapter XIII Diseases of the musculoskeletal system and connective tissue,Other disorders of bone density and structure,25307,598,0.91 [0.84-0.99],0.0217631819135689
EDAR,Tumor necrosis factor receptor superfamily member EDAR,Chapter XIII Diseases of the musculoskeletal system and connective tissue,Other disorders of the musculoskeletal system and connective tissue,27713,113,0.86 [0.71-1.03],0.0981913792610782
EDAR,Tumor necrosis factor receptor superfamily member EDAR,Chapter XIII Diseases of the musculoskeletal system and connective tissue,"Other dorsopathies, not elsewhere classified",25712,2079,0.97 [0.93-1.01],0.1377110673417453
EDAR,Tumor necrosis factor receptor superfamily member EDAR,Chapter XIII Diseases of the musculoskeletal system and connective tissue,Other enthesopathies,23673,132,0.94 [0.79-1.11],0.4426722800059844
EDAR,Tumor necrosis factor receptor superfamily member EDAR,Chapter XIII Diseases of the musculoskeletal system and connective tissue,Other hammer toe(s) (acquired),18949,232,0.90 [0.80-1.03],0.1216408587925653
EDAR,Tumor necrosis factor receptor superfamily member EDAR,Chapter XIII Diseases of the musculoskeletal system and connective tissue,Other intervertebral disc disorders,24459,826,0.99 [0.92-1.06],0.7057213007959302
EDAR,Tumor necrosis factor receptor superfamily member EDAR,Chapter XIII Diseases of the musculoskeletal system and connective tissue,Other joint disorders,21301,2584,0.99 [0.95-1.03],0.6288959064462419
EDAR,Tumor necrosis factor receptor superfamily member EDAR,Chapter XIII Diseases of the musculoskeletal system and connective tissue,Other necrotizing vasculopathies,26803,133,0.76 [0.64-0.90],0.0017445629073843
EDAR,Tumor necrosis factor receptor superfamily member EDAR,Chapter XIII Diseases of the musculoskeletal system and connective tissue,Other psoriatic arthropathies,27723,77,0.77 [0.61-0.96],0.0192656942935922
EDAR,Tumor necrosis factor receptor superfamily member EDAR,Chapter XIII Diseases of the musculoskeletal system and connective tissue,Other shoulder lesions,23623,82,0.98 [0.79-1.20],0.8162762848987005
EDAR,Tumor necrosis factor receptor superfamily member EDAR,Chapter XIII Diseases of the musculoskeletal system and connective tissue,"Other soft tissue disorders, not elsewhere classified",25039,1498,0.98 [0.94-1.03],0.487871135611629
EDAR,Tumor necrosis factor receptor superfamily member EDAR,Chapter XIII Diseases of the musculoskeletal system and connective tissue,Other specified disorders of muscle,23624,83,0.86 [0.69-1.06],0.1639840255301966
EDAR,Tumor necrosis factor receptor superfamily member EDAR,Chapter XIII Diseases of the musculoskeletal system and connective tissue,Other specified/unspecified arthritis,20742,2025,0.97 [0.93-1.02],0.2021275936615899
EDAR,Tumor necrosis factor receptor superfamily member EDAR,Chapter XIII Diseases of the musculoskeletal system and connective tissue,Other specified/unspecified disorders of  bone/cartilage,24845,136,0.89 [0.75-1.05],0.1736335810544273
EDAR,Tumor necrosis factor receptor superfamily member EDAR,Chapter XIII Diseases of the musculoskeletal system and connective tissue,Other specified/unspecified disorders of synovium and tendon +Other specified/unspecified bursopathies,23605,64,1.04 [0.82-1.31],0.7652537156357047
EDAR,Tumor necrosis factor receptor superfamily member EDAR,Chapter XIII Diseases of the musculoskeletal system and connective tissue,Other specified/unspecified inflammatory spondylopathies,23839,206,0.92 [0.80-1.05],0.2142419913065995
EDAR,Tumor necrosis factor receptor superfamily member EDAR,Chapter XIII Diseases of the musculoskeletal system and connective tissue,Other specified/unspecified soft tissue disorders,24142,601,0.95 [0.88-1.03],0.2348249511693689
EDAR,Tumor necrosis factor receptor superfamily member EDAR,Chapter XIII Diseases of the musculoskeletal system and connective tissue,Other systemic involvement of connective tissue,27186,516,0.95 [0.88-1.04],0.2701296637508549
EDAR,Tumor necrosis factor receptor superfamily member EDAR,Chapter XIII Diseases of the musculoskeletal system and connective tissue,Other/unspecified dorsalgia,24292,659,0.89 [0.83-0.96],0.0036255433147108
EDAR,Tumor necrosis factor receptor superfamily member EDAR,Chapter XIII Diseases of the musculoskeletal system and connective tissue,Other/unspecified rheumatoid arthritis,27558,592,0.90 [0.83-0.98],0.0117013438536704
EDAR,Tumor necrosis factor receptor superfamily member EDAR,Chapter XIII Diseases of the musculoskeletal system and connective tissue,Other/unspecified seropositive rheumatoid arthritis,27715,69,0.82 [0.65-1.04],0.0949169732117774
EDAR,Tumor necrosis factor receptor superfamily member EDAR,Chapter XIII Diseases of the musculoskeletal system and connective tissue,Other/unspecified synovitis and tenosynovitis,23767,226,0.91 [0.80-1.04],0.1526286621317576
EDAR,Tumor necrosis factor receptor superfamily member EDAR,Chapter XIII Diseases of the musculoskeletal system and connective tissue,Pain in joint,21293,937,0.96 [0.91-1.03],0.2637146747269523
EDAR,Tumor necrosis factor receptor superfamily member EDAR,Chapter XIII Diseases of the musculoskeletal system and connective tissue,Pain in limb,24212,671,0.95 [0.88-1.02],0.1870086938784091
EDAR,Tumor necrosis factor receptor superfamily member EDAR,Chapter XIII Diseases of the musculoskeletal system and connective tissue,Palmar fascial fibromatosis [Dupuytren],23666,125,0.99 [0.84-1.18],0.9501808319137642
EDAR,Tumor necrosis factor receptor superfamily member EDAR,Chapter XIII Diseases of the musculoskeletal system and connective tissue,"Polyarthritis, unspecified",18793,76,0.86 [0.69-1.07],0.1832879976349214
EDAR,Tumor necrosis factor receptor superfamily member EDAR,Chapter XIII Diseases of the musculoskeletal system and connective tissue,Polyarthropathies,21404,2687,0.95 [0.92-0.99],0.0075806292502912
EDAR,Tumor necrosis factor receptor superfamily member EDAR,Chapter XIII Diseases of the musculoskeletal system and connective tissue,Polyarthrosis,19570,853,0.91 [0.85-0.97],0.0048388034834615
EDAR,Tumor necrosis factor receptor superfamily member EDAR,Chapter XIII Diseases of the musculoskeletal system and connective tissue,Polymyalgia rheumatica,26973,303,1.00 [0.90-1.12],0.9766178869541152
EDAR,Tumor necrosis factor receptor superfamily member EDAR,Chapter XIII Diseases of the musculoskeletal system and connective tissue,"Postprocedural musculoskeletal disorders, not elsewhere classified",27685,85,0.76 [0.62-0.95],0.0132838595850528
EDAR,Tumor necrosis factor receptor superfamily member EDAR,Chapter XIII Diseases of the musculoskeletal system and connective tissue,"Primary gonarthrosis, bilateral",25404,56,1.13 [0.88-1.46],0.3408639793596525
EDAR,Tumor necrosis factor receptor superfamily member EDAR,Chapter XIII Diseases of the musculoskeletal system and connective tissue,Psoriatic arthropathies,18795,78,0.75 [0.60-0.93],0.0098391702189485
EDAR,Tumor necrosis factor receptor superfamily member EDAR,Chapter XIII Diseases of the musculoskeletal system and connective tissue,Radiculopathy,23745,112,0.97 [0.81-1.17],0.7702313578693394
EDAR,Tumor necrosis factor receptor superfamily member EDAR,Chapter XIII Diseases of the musculoskeletal system and connective tissue,Rheumatoid arthritis,19332,615,0.87 [0.80-0.94],0.0004183145856758
EDAR,Tumor necrosis factor receptor superfamily member EDAR,Chapter XIII Diseases of the musculoskeletal system and connective tissue,Rotator cuff syndrome,23878,337,0.92 [0.83-1.02],0.1259757727190446
EDAR,Tumor necrosis factor receptor superfamily member EDAR,Chapter XIII Diseases of the musculoskeletal system and connective tissue,Sciatica+with lumbago,23921,288,1.05 [0.94-1.17],0.4208915067648292
EDAR,Tumor necrosis factor receptor superfamily member EDAR,Chapter XIII Diseases of the musculoskeletal system and connective tissue,Scoliosis,23914,281,0.92 [0.82-1.03],0.1609463877433034
EDAR,Tumor necrosis factor receptor superfamily member EDAR,Chapter XIII Diseases of the musculoskeletal system and connective tissue,Seronegative rheumatoid arthritis,21411,87,0.83 [0.67-1.02],0.07136302434344
EDAR,Tumor necrosis factor receptor superfamily member EDAR,Chapter XIII Diseases of the musculoskeletal system and connective tissue,"Seropositive rheumatoid arthritis, wide",27721,75,0.79 [0.63-0.98],0.0356914665687302
EDAR,Tumor necrosis factor receptor superfamily member EDAR,Chapter XIII Diseases of the musculoskeletal system and connective tissue,Shoulder lesions,24192,651,1.00 [0.93-1.07],0.9472919092796092
EDAR,Tumor necrosis factor receptor superfamily member EDAR,Chapter XIII Diseases of the musculoskeletal system and connective tissue,Sicca syndrome [Sjgren],26831,161,0.84 [0.72-0.98],0.0236950584834958
EDAR,Tumor necrosis factor receptor superfamily member EDAR,Chapter XIII Diseases of the musculoskeletal system and connective tissue,Soft tissue disorders,26401,2860,0.97 [0.94-1.01],0.153933973287389
EDAR,Tumor necrosis factor receptor superfamily member EDAR,Chapter XIII Diseases of the musculoskeletal system and connective tissue,"Soft tissue disorders related to use, overuse and pressure",23698,157,0.79 [0.67-0.92],0.0029706463553747
EDAR,Tumor necrosis factor receptor superfamily member EDAR,Chapter XIII Diseases of the musculoskeletal system and connective tissue,Spinal stenosis,24211,578,1.00 [0.93-1.09],0.9478520313815142
EDAR,Tumor necrosis factor receptor superfamily member EDAR,Chapter XIII Diseases of the musculoskeletal system and connective tissue,Spondyloarthritis,25997,268,0.95 [0.84-1.06],0.3629826576168568
EDAR,Tumor necrosis factor receptor superfamily member EDAR,Chapter XIII Diseases of the musculoskeletal system and connective tissue,Spondylolisthesis/Spondylolysis,23919,286,1.07 [0.95-1.19],0.2726174901699192
EDAR,Tumor necrosis factor receptor superfamily member EDAR,Chapter XIII Diseases of the musculoskeletal system and connective tissue,Spondylopathies,25421,1788,0.93 [0.89-0.97],0.0011199403229173
EDAR,Tumor necrosis factor receptor superfamily member EDAR,Chapter XIII Diseases of the musculoskeletal system and connective tissue,Spondylosis,24848,1215,0.92 [0.87-0.97],0.0018532881676449
EDAR,Tumor necrosis factor receptor superfamily member EDAR,Chapter XIII Diseases of the musculoskeletal system and connective tissue,Synovial cyst of popliteal space [Baker],23607,66,1.09 [0.86-1.38],0.4763142393135935
EDAR,Tumor necrosis factor receptor superfamily member EDAR,Chapter XIII Diseases of the musculoskeletal system and connective tissue,Systemic lupus erythematosus,26893,223,0.82 [0.72-0.94],0.0029527646025318
EDAR,Tumor necrosis factor receptor superfamily member EDAR,Chapter XIII Diseases of the musculoskeletal system and connective tissue,Trigger finger,23747,206,0.91 [0.80-1.04],0.1683929780249299
EDAR,Tumor necrosis factor receptor superfamily member EDAR,Chapter XIII Diseases of the musculoskeletal system and connective tissue,Trochanteric bursitis,23671,130,0.78 [0.66-0.93],0.0055994147782986
EDAR,Tumor necrosis factor receptor superfamily member EDAR,Chapter XIII Diseases of the musculoskeletal system and connective tissue,Wrist or foot drop (acquired),18772,55,1.05 [0.81-1.36],0.7253029692955024
EDAR,Tumor necrosis factor receptor superfamily member EDAR,Chapter XIV Diseases of the genitourinary system,Acute renal failure,26656,1274,0.94 [0.89-0.99],0.0260391147024948
EDAR,Tumor necrosis factor receptor superfamily member EDAR,Chapter XIV Diseases of the genitourinary system,Adenomyosis (Endometriosis of uterus),20769,105,0.99 [0.83-1.20],0.9527921744726168
EDAR,Tumor necrosis factor receptor superfamily member EDAR,Chapter XIV Diseases of the genitourinary system,Benign mammary dysplasia,27032,111,0.96 [0.80-1.14],0.6214409625476254
EDAR,Tumor necrosis factor receptor superfamily member EDAR,Chapter XIV Diseases of the genitourinary system,Calculus of kidney and ureter,27580,238,1.12 [0.99-1.26],0.0717562678786532
EDAR,Tumor necrosis factor receptor superfamily member EDAR,Chapter XIV Diseases of the genitourinary system,Calculus of lower urinary tract,27369,27,0.60 [0.40-0.88],0.0097339776437375
EDAR,Tumor necrosis factor receptor superfamily member EDAR,Chapter XIV Diseases of the genitourinary system,Chronic kidney disease,26885,1503,0.99 [0.94-1.04],0.5740004914981114
EDAR,Tumor necrosis factor receptor superfamily member EDAR,Chapter XIV Diseases of the genitourinary system,Chronic nephritic syndrome,27569,80,0.92 [0.74-1.14],0.4293018070973199
EDAR,Tumor necrosis factor receptor superfamily member EDAR,Chapter XIV Diseases of the genitourinary system,Cyst of kidney,27527,244,0.96 [0.85-1.08],0.5064490998974769
EDAR,Tumor necrosis factor receptor superfamily member EDAR,Chapter XIV Diseases of the genitourinary system,Cystitis,24474,253,0.88 [0.78-1.00],0.0418763340895229
EDAR,Tumor necrosis factor receptor superfamily member EDAR,Chapter XIV Diseases of the genitourinary system,Dialysis,25438,56,1.21 [0.94-1.56],0.1319683347618271
EDAR,Tumor necrosis factor receptor superfamily member EDAR,Chapter XIV Diseases of the genitourinary system,Disorders of breast,27262,341,0.93 [0.84-1.03],0.1863531912619395
EDAR,Tumor necrosis factor receptor superfamily member EDAR,Chapter XIV Diseases of the genitourinary system,Endometriosis,20849,185,1.01 [0.88-1.16],0.9346008175154124
EDAR,Tumor necrosis factor receptor superfamily member EDAR,Chapter XIV Diseases of the genitourinary system,"Excessive, frequent and irregular menstruation",21060,396,0.89 [0.81-0.98],0.0175573369314601
EDAR,Tumor necrosis factor receptor superfamily member EDAR,Chapter XIV Diseases of the genitourinary system,Female genital prolapse,21679,1015,1.00 [0.94-1.06],0.9915526230999356
EDAR,Tumor necrosis factor receptor superfamily member EDAR,Chapter XIV Diseases of the genitourinary system,Genitourinary diseases,21589,5119,0.96 [0.94-0.99],0.0066285917138229
EDAR,Tumor necrosis factor receptor superfamily member EDAR,Chapter XIV Diseases of the genitourinary system,Glomerular disorders in diseases classified elsewhere,27552,63,1.06 [0.83-1.35],0.6354876080372444
EDAR,Tumor necrosis factor receptor superfamily member EDAR,Chapter XIV Diseases of the genitourinary system,Hydronephrosis,25253,214,0.88 [0.77-1.01],0.0670986089532068
EDAR,Tumor necrosis factor receptor superfamily member EDAR,Chapter XIV Diseases of the genitourinary system,Inflammatory diseases of female pelvic organs,27185,402,1.01 [0.92-1.11],0.7897370192739327
EDAR,Tumor necrosis factor receptor superfamily member EDAR,Chapter XIV Diseases of the genitourinary system,Irregular menses,27271,126,0.82 [0.69-0.98],0.0263434196657409
EDAR,Tumor necrosis factor receptor superfamily member EDAR,Chapter XIV Diseases of the genitourinary system,Menorrhagia,20972,308,0.93 [0.83-1.04],0.1856299510821913
EDAR,Tumor necrosis factor receptor superfamily member EDAR,Chapter XIV Diseases of the genitourinary system,Neuromuscular dysfunction of bladder,24301,80,0.90 [0.73-1.12],0.3540259975187446
EDAR,Tumor necrosis factor receptor superfamily member EDAR,Chapter XIV Diseases of the genitourinary system,Noninflammatory disorders of female genital tract,23137,2473,0.97 [0.93-1.00],0.0815030206709413
EDAR,Tumor necrosis factor receptor superfamily member EDAR,Chapter XIV Diseases of the genitourinary system,Other abnormal uterine and vaginal bleeding,20807,143,0.93 [0.79-1.09],0.354499837122626
EDAR,Tumor necrosis factor receptor superfamily member EDAR,Chapter XIV Diseases of the genitourinary system,"Other chronic cystitis, drug-induced",27728,66,1.07 [0.85-1.36],0.559123267155308
EDAR,Tumor necrosis factor receptor superfamily member EDAR,Chapter XIV Diseases of the genitourinary system,"Other cystitis, drug-induced",27732,75,0.87 [0.70-1.09],0.2267959404200974
EDAR,Tumor necrosis factor receptor superfamily member EDAR,Chapter XIV Diseases of the genitourinary system,Other diseases of urinary system,26492,2271,0.92 [0.88-0.96],5.0640292840388775e-05
EDAR,Tumor necrosis factor receptor superfamily member EDAR,Chapter XIV Diseases of the genitourinary system,Other disorders of  bladder,24702,481,0.88 [0.81-0.97],0.0061156831425427
EDAR,Tumor necrosis factor receptor superfamily member EDAR,Chapter XIV Diseases of the genitourinary system,Other disorders of breast,27040,119,0.93 [0.78-1.11],0.4243874545296173
EDAR,Tumor necrosis factor receptor superfamily member EDAR,Chapter XIV Diseases of the genitourinary system,Other disorders of kidney and ureter,27677,394,0.99 [0.90-1.09],0.803074230660795
EDAR,Tumor necrosis factor receptor superfamily member EDAR,Chapter XIV Diseases of the genitourinary system,Other disorders of the genitourinary system,27679,92,1.06 [0.87-1.29],0.5665678571606909
EDAR,Tumor necrosis factor receptor superfamily member EDAR,Chapter XIV Diseases of the genitourinary system,Other disorders of urethra and urinary system,26167,1946,0.93 [0.89-0.97],0.0010253280392675
EDAR,Tumor necrosis factor receptor superfamily member EDAR,Chapter XIV Diseases of the genitourinary system,Other female pelvic inflammatory diseases,26989,206,1.06 [0.93-1.21],0.3775824511874817
EDAR,Tumor necrosis factor receptor superfamily member EDAR,Chapter XIV Diseases of the genitourinary system,Other noninflammatory disorders of cervix uteri,20824,160,0.99 [0.86-1.16],0.9430063535390114
EDAR,Tumor necrosis factor receptor superfamily member EDAR,Chapter XIV Diseases of the genitourinary system,"Other noninflammatory disorders of uterus, except cervix",21039,375,0.94 [0.86-1.04],0.249088459878071
EDAR,Tumor necrosis factor receptor superfamily member EDAR,Chapter XIV Diseases of the genitourinary system,Other noninflammatory disorders of vagina,20779,115,1.05 [0.88-1.25],0.6159850568733986
EDAR,Tumor necrosis factor receptor superfamily member EDAR,Chapter XIV Diseases of the genitourinary system,Other noninflammatory disorders of vulva and perineum,20870,206,1.04 [0.91-1.18],0.5966887949385391
EDAR,Tumor necrosis factor receptor superfamily member EDAR,Chapter XIV Diseases of the genitourinary system,Other obstructive and reflux uropathy,25306,267,0.94 [0.83-1.05],0.2844373259045497
EDAR,Tumor necrosis factor receptor superfamily member EDAR,Chapter XIV Diseases of the genitourinary system,Other specified disorders of kidney and ureter,27412,129,1.03 [0.87-1.22],0.7041024737537263
EDAR,Tumor necrosis factor receptor superfamily member EDAR,Chapter XIV Diseases of the genitourinary system,Ovarian cyst,20973,309,0.96 [0.86-1.07],0.5081576825223836
EDAR,Tumor necrosis factor receptor superfamily member EDAR,Chapter XIV Diseases of the genitourinary system,Pain and other conditions associated with female genital organs and menstrual cycle,20772,108,0.91 [0.76-1.10],0.345047409583281
EDAR,Tumor necrosis factor receptor superfamily member EDAR,Chapter XIV Diseases of the genitourinary system,Polyp of the female genital tract,21318,654,0.96 [0.89-1.04],0.331111040826513
EDAR,Tumor necrosis factor receptor superfamily member EDAR,Chapter XIV Diseases of the genitourinary system,Postmenopausal atrophic vaginitis,20826,162,1.05 [0.91-1.22],0.5141246384774295
EDAR,Tumor necrosis factor receptor superfamily member EDAR,Chapter XIV Diseases of the genitourinary system,Postmenopausal bleeding,21263,599,1.00 [0.92-1.08],0.9345900884113582
EDAR,Tumor necrosis factor receptor superfamily member EDAR,Chapter XIV Diseases of the genitourinary system,Recurrent and persistent haematuria,27526,37,1.11 [0.82-1.52],0.498605272626795
EDAR,Tumor necrosis factor receptor superfamily member EDAR,Chapter XIV Diseases of the genitourinary system,Renal tubulo-interstitial diseases,27543,2504,0.96 [0.93-1.00],0.0456836826517402
EDAR,Tumor necrosis factor receptor superfamily member EDAR,Chapter XIV Diseases of the genitourinary system,"Tubulo-interstitial nephritis, not specified as acute or chronic",25206,167,0.95 [0.82-1.10],0.4572685174339027
EDAR,Tumor necrosis factor receptor superfamily member EDAR,Chapter XIV Diseases of the genitourinary system,Unspecified kidney failure,25483,101,0.97 [0.80-1.17],0.753104301149677
EDAR,Tumor necrosis factor receptor superfamily member EDAR,Chapter XIV Diseases of the genitourinary system,Unspecified renal colic,27376,34,0.94 [0.68-1.31],0.7296627104093797
EDAR,Tumor necrosis factor receptor superfamily member EDAR,Chapter XIV Diseases of the genitourinary system,Urethral stricture,24368,147,1.00 [0.85-1.17],0.9588749058419654
EDAR,Tumor necrosis factor receptor superfamily member EDAR,Chapter XIV Diseases of the genitourinary system,Urolithiasis,27612,270,1.06 [0.94-1.19],0.3522150485431989
EDAR,Tumor necrosis factor receptor superfamily member EDAR,Chapter XIV Diseases of the genitourinary system,Uterine polyps,20806,142,0.99 [0.84-1.16],0.892412405803084
