Protein,Protein_definition,Disease_category,Disease,NB_individual,NB_case,HR[95%CI],P_value
CRACR2A,EF-hand calcium-binding domain-containing protein 4B,Chapter I Certain infectious and parasitic diseases,"Bacterial infection, other or unspecified",26255,119,1.14 [0.95-1.36],0.1516346615270181
CRACR2A,EF-hand calcium-binding domain-containing protein 4B,Chapter I Certain infectious and parasitic diseases,"Bacterial intestinal infections, IBD co-morbidities",26989,200,0.93 [0.80-1.08],0.3604053464022759
CRACR2A,EF-hand calcium-binding domain-containing protein 4B,Chapter I Certain infectious and parasitic diseases,"Bacterial, viral and other infectious agents",26710,1319,1.04 [0.99-1.10],0.1318594603945523
CRACR2A,EF-hand calcium-binding domain-containing protein 4B,Chapter I Certain infectious and parasitic diseases,Candidiasis,27016,466,1.02 [0.93-1.12],0.6894798002480687
CRACR2A,EF-hand calcium-binding domain-containing protein 4B,Chapter I Certain infectious and parasitic diseases,Certain infectious and parasitic diseases,26170,3457,1.03 [1.00-1.07],0.0552804244934195
CRACR2A,EF-hand calcium-binding domain-containing protein 4B,Chapter I Certain infectious and parasitic diseases,Condition for Implicit Sepsis (Organ dysfunction codes),26399,2852,1.04 [1.00-1.08],0.0412061674837722
CRACR2A,EF-hand calcium-binding domain-containing protein 4B,Chapter I Certain infectious and parasitic diseases,Diarrhoea and gastroenteritis of presumed infectious origin,26734,1366,1.04 [0.99-1.10],0.1372448901479178
CRACR2A,EF-hand calcium-binding domain-containing protein 4B,Chapter I Certain infectious and parasitic diseases,Enterocolitis due to Clostridium difficile,26913,91,0.97 [0.78-1.21],0.8153382041440062
CRACR2A,EF-hand calcium-binding domain-containing protein 4B,Chapter I Certain infectious and parasitic diseases,Explicit Sepsis,25172,805,1.02 [0.95-1.10],0.5686843902020849
CRACR2A,EF-hand calcium-binding domain-containing protein 4B,Chapter I Certain infectious and parasitic diseases,Implicit bacterial Sepsis,24355,947,1.05 [0.98-1.12],0.1353000524377205
CRACR2A,EF-hand calcium-binding domain-containing protein 4B,Chapter I Certain infectious and parasitic diseases,Implicit fungal Sepsis,24365,254,1.00 [0.88-1.14],0.9989151666400616
CRACR2A,EF-hand calcium-binding domain-containing protein 4B,Chapter I Certain infectious and parasitic diseases,Implicit Sepsis,18968,1663,1.06 [1.01-1.11],0.0232529049659682
CRACR2A,EF-hand calcium-binding domain-containing protein 4B,Chapter I Certain infectious and parasitic diseases,Implicit viral Sepsis,24149,369,1.05 [0.95-1.17],0.3507710693540447
CRACR2A,EF-hand calcium-binding domain-containing protein 4B,Chapter I Certain infectious and parasitic diseases,Intestinal infectious diseases,26953,1585,1.03 [0.98-1.08],0.3232020568670537
CRACR2A,EF-hand calcium-binding domain-containing protein 4B,Chapter I Certain infectious and parasitic diseases,Mycoses,27078,528,1.03 [0.94-1.12],0.5287082057329952
CRACR2A,EF-hand calcium-binding domain-containing protein 4B,Chapter I Certain infectious and parasitic diseases,Other bacterial agents as the cause of diseases classified to other chapters,26327,936,1.02 [0.96-1.10],0.4760676107090228
CRACR2A,EF-hand calcium-binding domain-containing protein 4B,Chapter I Certain infectious and parasitic diseases,Other bacterial diseases,27023,887,1.04 [0.97-1.11],0.2953486244159701
CRACR2A,EF-hand calcium-binding domain-containing protein 4B,Chapter I Certain infectious and parasitic diseases,Other bacterial intestinal infections,25568,200,0.94 [0.81-1.09],0.3763350203383816
CRACR2A,EF-hand calcium-binding domain-containing protein 4B,Chapter I Certain infectious and parasitic diseases,Other infectious diseases,27138,47,1.15 [0.87-1.53],0.322297789128161
CRACR2A,EF-hand calcium-binding domain-containing protein 4B,Chapter I Certain infectious and parasitic diseases,Other septicaemia,26915,779,1.01 [0.94-1.09],0.7102991236075629
CRACR2A,EF-hand calcium-binding domain-containing protein 4B,Chapter I Certain infectious and parasitic diseases,Other specified/unspecified bacterial intestinal infections,26902,80,0.91 [0.72-1.16],0.4435065364281155
CRACR2A,EF-hand calcium-binding domain-containing protein 4B,Chapter I Certain infectious and parasitic diseases,Other viral diseases,27040,190,1.08 [0.93-1.24],0.3252473809433005
CRACR2A,EF-hand calcium-binding domain-containing protein 4B,Chapter I Certain infectious and parasitic diseases,"Other viral diseases, not elsewhere classified",27022,172,1.05 [0.90-1.23],0.5104809486545712
CRACR2A,EF-hand calcium-binding domain-containing protein 4B,Chapter I Certain infectious and parasitic diseases,Streptococcus and staphylococcus as the cause of diseases classified to other chapters,25735,344,1.08 [0.97-1.20],0.1740967755264911
CRACR2A,EF-hand calcium-binding domain-containing protein 4B,Chapter I Certain infectious and parasitic diseases,Viral agents as the cause of diseases classified to other chapters,25650,259,1.04 [0.91-1.17],0.5855872726143136
CRACR2A,EF-hand calcium-binding domain-containing protein 4B,Chapter I Certain infectious and parasitic diseases,Viral and other specified intestinal infections,25494,126,1.18 [1.00-1.40],0.0503210589065639
CRACR2A,EF-hand calcium-binding domain-containing protein 4B,Chapter I Certain infectious and parasitic diseases,Viral hepatitis,27113,34,0.75 [0.51-1.11],0.1514941378208127
CRACR2A,EF-hand calcium-binding domain-containing protein 4B,Chapter I Certain infectious and parasitic diseases,Viral infections characterized by skin and mucous membrane lesions,27065,153,0.93 [0.78-1.10],0.3929896168451126
CRACR2A,EF-hand calcium-binding domain-containing protein 4B,Chapter I Certain infectious and parasitic diseases,Viral warts,26959,47,0.88 [0.64-1.20],0.413256585232864
CRACR2A,EF-hand calcium-binding domain-containing protein 4B,Chapter I Certain infectious and parasitic diseases,Zoster [herpes zoster],26985,73,0.96 [0.75-1.22],0.7351230563614604
CRACR2A,EF-hand calcium-binding domain-containing protein 4B,Chapter II Neoplasms,Benign lipomatous neoplasm,26869,240,1.15 [1.02-1.30],0.0251466064005525
CRACR2A,EF-hand calcium-binding domain-containing protein 4B,Chapter II Neoplasms,Benign lipomatous neoplasm of skin and subcutaneous tissue of limbs,27034,70,1.26 [1.01-1.56],0.0410510983094348
CRACR2A,EF-hand calcium-binding domain-containing protein 4B,Chapter II Neoplasms,Benign lipomatous neoplasm of skin and subcutaneous tissue of trunk,27033,70,1.32 [1.07-1.63],0.0099827512395049
CRACR2A,EF-hand calcium-binding domain-containing protein 4B,Chapter II Neoplasms,"Benign neoplasm of colon, rectum, anus and anal canal",26853,1207,1.01 [0.95-1.07],0.7467405490272875
CRACR2A,EF-hand calcium-binding domain-containing protein 4B,Chapter II Neoplasms,Benign neoplasm of meninges,27110,78,1.19 [0.96-1.48],0.1084141877133464
CRACR2A,EF-hand calcium-binding domain-containing protein 4B,Chapter II Neoplasms,Benign neoplasm of other and ill-defined parts of digestive system,27073,63,1.15 [0.91-1.47],0.2453304863756646
CRACR2A,EF-hand calcium-binding domain-containing protein 4B,Chapter II Neoplasms,Benign neoplasm of other and unspecified endocrine glands,27104,132,0.98 [0.82-1.18],0.8461816910679946
CRACR2A,EF-hand calcium-binding domain-containing protein 4B,Chapter II Neoplasms,Benign neoplasm of ovary,27056,171,0.94 [0.80-1.10],0.4500119672808123
CRACR2A,EF-hand calcium-binding domain-containing protein 4B,Chapter II Neoplasms,Benign neoplasm: Ascending colon,27116,271,0.99 [0.88-1.13],0.9073029732157992
CRACR2A,EF-hand calcium-binding domain-containing protein 4B,Chapter II Neoplasms,Benign neoplasm: Caecum,27122,248,0.98 [0.86-1.12],0.7645206114383611
CRACR2A,EF-hand calcium-binding domain-containing protein 4B,Chapter II Neoplasms,"Benign neoplasm: Colon, unspecified",27050,60,0.92 [0.70-1.21],0.543164015623064
CRACR2A,EF-hand calcium-binding domain-containing protein 4B,Chapter II Neoplasms,Benign neoplasm: Descending colon,27121,154,0.90 [0.76-1.07],0.2544497732176611
CRACR2A,EF-hand calcium-binding domain-containing protein 4B,Chapter II Neoplasms,Benign neoplasm: Rectum,27083,279,1.05 [0.93-1.18],0.444102497890392
CRACR2A,EF-hand calcium-binding domain-containing protein 4B,Chapter II Neoplasms,Benign neoplasm: Sigmoid colon,27033,491,1.00 [0.92-1.10],0.931595621661176
CRACR2A,EF-hand calcium-binding domain-containing protein 4B,Chapter II Neoplasms,Benign neoplasm: Transverse colon,27118,295,0.91 [0.80-1.03],0.126147049038225
CRACR2A,EF-hand calcium-binding domain-containing protein 4B,Chapter II Neoplasms,Carcinoma in situ of breast,22008,134,0.82 [0.68-1.00],0.0453053416761261
CRACR2A,EF-hand calcium-binding domain-containing protein 4B,Chapter II Neoplasms,"Carcinoma in situ of breast, intraductal",22099,164,0.97 [0.82-1.14],0.6714460611456373
CRACR2A,EF-hand calcium-binding domain-containing protein 4B,Chapter II Neoplasms,"Chronic lymphocytic leukaemia and small lyphocytis leukaemia, excluding all cancers (controls excluding all cancers)",22075,32,0.93 [0.64-1.35],0.6961812510084906
CRACR2A,EF-hand calcium-binding domain-containing protein 4B,Chapter II Neoplasms,"Diffuse large B-cell lymphoma, excluding all cancers (controls excluding all cancers)",22110,67,1.07 [0.84-1.36],0.6060993031915163
CRACR2A,EF-hand calcium-binding domain-containing protein 4B,Chapter II Neoplasms,"Haemangioma and lymphangioma, any site",27071,135,0.86 [0.72-1.04],0.1279093243261139
CRACR2A,EF-hand calcium-binding domain-containing protein 4B,Chapter II Neoplasms,"Haemangioma, any site",27072,134,0.88 [0.73-1.06],0.1632595379776092
CRACR2A,EF-hand calcium-binding domain-containing protein 4B,Chapter II Neoplasms,Leiomyoma of uterus,26159,574,0.97 [0.89-1.06],0.5279721282693526
CRACR2A,EF-hand calcium-binding domain-containing protein 4B,Chapter II Neoplasms,Lung cancer and mesothelioma,19472,310,0.97 [0.86-1.09],0.6040823869885863
CRACR2A,EF-hand calcium-binding domain-containing protein 4B,Chapter II Neoplasms,Lymphoid leukaemia,22081,38,1.13 [0.82-1.55],0.4460088717205411
CRACR2A,EF-hand calcium-binding domain-containing protein 4B,Chapter II Neoplasms,"Malignant melanoma of skin, excluding all cancers (controls excluding all cancers)",22219,176,1.05 [0.90-1.22],0.5440282753401834
CRACR2A,EF-hand calcium-binding domain-containing protein 4B,Chapter II Neoplasms,"Malignant neoplasm of bladder, excluding all cancers (controls excluding all cancers)",22152,109,0.92 [0.75-1.13],0.4481811126166356
CRACR2A,EF-hand calcium-binding domain-containing protein 4B,Chapter II Neoplasms,"Malignant neoplasm of corpus uteri, excluding all cancers (controls excluding all cancers)",22228,185,0.98 [0.84-1.14],0.7619669807915356
CRACR2A,EF-hand calcium-binding domain-containing protein 4B,Chapter II Neoplasms,"Malignant neoplasm of intrahepatic ducts, biliary tract and gallbladder, excluding all cancers (controls excluding all cancers)",22112,69,1.00 [0.78-1.28],0.993536917442095
CRACR2A,EF-hand calcium-binding domain-containing protein 4B,Chapter II Neoplasms,"Malignant neoplasm of kidney, except renal pelvis, excluding all cancers (controls excluding all cancers)",22113,70,1.04 [0.82-1.33],0.7242603837253303
CRACR2A,EF-hand calcium-binding domain-containing protein 4B,Chapter II Neoplasms,"Malignant neoplasm of oesophagus, excluding all cancers (controls excluding all cancers)",22096,53,0.91 [0.68-1.22],0.5258993383268142
CRACR2A,EF-hand calcium-binding domain-containing protein 4B,Chapter II Neoplasms,"Malignant neoplasm of ovary, excluding all cancers (controls excluding all cancers)",22182,139,0.96 [0.80-1.14],0.6387544695675548
CRACR2A,EF-hand calcium-binding domain-containing protein 4B,Chapter II Neoplasms,"Malignant neoplasm of pancreas, excluding all cancers (controls excluding all cancers)",22145,102,1.08 [0.89-1.32],0.4186747560055385
CRACR2A,EF-hand calcium-binding domain-containing protein 4B,Chapter II Neoplasms,"Malignant neoplasm of rectum, excluding all cancers (controls excluding all cancers)",22121,78,0.90 [0.70-1.15],0.3824483642436066
CRACR2A,EF-hand calcium-binding domain-containing protein 4B,Chapter II Neoplasms,"Malignant neoplasm of stomach, excluding all cancers (controls excluding all cancers)",22085,42,1.05 [0.77-1.43],0.776709492718306
CRACR2A,EF-hand calcium-binding domain-containing protein 4B,Chapter II Neoplasms,Malignant neoplasms of independent (primary) multiple sites,22124,81,1.08 [0.87-1.35],0.4844188107099284
CRACR2A,EF-hand calcium-binding domain-containing protein 4B,Chapter II Neoplasms,Melanocytic naevi,26882,227,1.07 [0.94-1.22],0.2912187824923057
CRACR2A,EF-hand calcium-binding domain-containing protein 4B,Chapter II Neoplasms,Melanocytic naevi of trunk,27093,78,1.10 [0.88-1.37],0.3999885297047808
CRACR2A,EF-hand calcium-binding domain-containing protein 4B,Chapter II Neoplasms,Melanoma in situ,22078,88,1.06 [0.85-1.31],0.6127013137117754
CRACR2A,EF-hand calcium-binding domain-containing protein 4B,Chapter II Neoplasms,"Non-follicular lymphoma, hilmo, excluding all cancers",22122,79,1.09 [0.87-1.36],0.4612029713819643
CRACR2A,EF-hand calcium-binding domain-containing protein 4B,Chapter II Neoplasms,"Non-Hodgkin lymphoma, all, excluding all cancers (controls excluding all cancers)",22194,151,1.14 [0.97-1.33],0.1134695943917245
CRACR2A,EF-hand calcium-binding domain-containing protein 4B,Chapter II Neoplasms,"Non-small cell lung cancer, excluding all cancers (controls excluding all cancers)",22272,229,0.86 [0.74-0.99],0.033808960356391
CRACR2A,EF-hand calcium-binding domain-containing protein 4B,Chapter II Neoplasms,"Other and unspecified types of non-Hodgkin lymphoma, hilmo, excluding all cancers",22135,92,1.26 [1.04-1.52],0.0181222114074061
CRACR2A,EF-hand calcium-binding domain-containing protein 4B,Chapter II Neoplasms,Other benign neoplasms of skin,26913,163,1.03 [0.88-1.21],0.7179224479547155
CRACR2A,EF-hand calcium-binding domain-containing protein 4B,Chapter II Neoplasms,"Other malignant neoplasms of skin (=non-melanoma skin cancer), excluding all cancers (controls excluding all cancers)",22966,923,0.98 [0.91-1.05],0.5153353159254508
CRACR2A,EF-hand calcium-binding domain-containing protein 4B,Chapter II Neoplasms,"Squamous cell neoplasms and carcinomas of the skin, excluding all cancers (controls excluding all cancers)",23005,962,0.98 [0.91-1.04],0.4803614628195106
CRACR2A,EF-hand calcium-binding domain-containing protein 4B,Chapter III Diseases of the blood and blood-forming organs and certain disorders involving the immune mechanism,Agranulocytosis,26834,362,0.97 [0.87-1.08],0.5870983113087085
CRACR2A,EF-hand calcium-binding domain-containing protein 4B,Chapter III Diseases of the blood and blood-forming organs and certain disorders involving the immune mechanism,Anaemia in chronic diseases classified elsewhere,25145,105,1.06 [0.87-1.29],0.5439465519722133
CRACR2A,EF-hand calcium-binding domain-containing protein 4B,Chapter III Diseases of the blood and blood-forming organs and certain disorders involving the immune mechanism,Diseases of spleen,26541,69,1.32 [1.06-1.64],0.0113427440374778
CRACR2A,EF-hand calcium-binding domain-containing protein 4B,Chapter III Diseases of the blood and blood-forming organs and certain disorders involving the immune mechanism,Diseases of the blood and blood-forming organs and certain disorders involving the immune mechanism,26135,2935,1.06 [1.02-1.10],0.0010892073595102
CRACR2A,EF-hand calcium-binding domain-containing protein 4B,Chapter III Diseases of the blood and blood-forming organs and certain disorders involving the immune mechanism,Folate deficiency anaemia,25510,36,0.89 [0.62-1.27],0.5252515704855701
CRACR2A,EF-hand calcium-binding domain-containing protein 4B,Chapter III Diseases of the blood and blood-forming organs and certain disorders involving the immune mechanism,Idiopathic thrombocytopenic purpura,26739,48,1.21 [0.92-1.58],0.1677258897137892
CRACR2A,EF-hand calcium-binding domain-containing protein 4B,Chapter III Diseases of the blood and blood-forming organs and certain disorders involving the immune mechanism,Other anaemias,26557,1517,1.06 [1.00-1.11],0.0381637466026911
CRACR2A,EF-hand calcium-binding domain-containing protein 4B,Chapter III Diseases of the blood and blood-forming organs and certain disorders involving the immune mechanism,Other and unspecified anaemias,26557,1517,1.06 [1.00-1.11],0.0381637466026911
CRACR2A,EF-hand calcium-binding domain-containing protein 4B,Chapter III Diseases of the blood and blood-forming organs and certain disorders involving the immune mechanism,Other and unspecified aplastic anaemias,25108,68,0.92 [0.71-1.19],0.5140071782034288
CRACR2A,EF-hand calcium-binding domain-containing protein 4B,Chapter III Diseases of the blood and blood-forming organs and certain disorders involving the immune mechanism,Other and unspecified iron deficiency,26733,1259,1.13 [1.07-1.20],6.825785052290508e-06
CRACR2A,EF-hand calcium-binding domain-containing protein 4B,Chapter III Diseases of the blood and blood-forming organs and certain disorders involving the immune mechanism,Other coagulation defects,26812,121,0.92 [0.76-1.12],0.3930954458733529
CRACR2A,EF-hand calcium-binding domain-containing protein 4B,Chapter III Diseases of the blood and blood-forming organs and certain disorders involving the immune mechanism,Other diseases of blood and blood-forming organs,26523,51,0.91 [0.67-1.23],0.5286341289805369
CRACR2A,EF-hand calcium-binding domain-containing protein 4B,Chapter III Diseases of the blood and blood-forming organs and certain disorders involving the immune mechanism,Other disorders of white blood cells,26529,57,0.93 [0.70-1.23],0.5973955032837732
CRACR2A,EF-hand calcium-binding domain-containing protein 4B,Chapter III Diseases of the blood and blood-forming organs and certain disorders involving the immune mechanism,Purpura and other haemorrhagic conditions,26922,231,0.97 [0.84-1.11],0.627568453943588
CRACR2A,EF-hand calcium-binding domain-containing protein 4B,Chapter III Diseases of the blood and blood-forming organs and certain disorders involving the immune mechanism,Sarcoidosis,27023,60,1.36 [1.09-1.70],0.00745649164724
CRACR2A,EF-hand calcium-binding domain-containing protein 4B,Chapter III Diseases of the blood and blood-forming organs and certain disorders involving the immune mechanism,"Thrombocytopenia, unspecified",26884,193,0.86 [0.74-1.01],0.0689567631683152
CRACR2A,EF-hand calcium-binding domain-containing protein 4B,Chapter III Diseases of the blood and blood-forming organs and certain disorders involving the immune mechanism,Vitamin B12 deficiency anaemia,25605,131,1.22 [1.04-1.43],0.0175741529165395
CRACR2A,EF-hand calcium-binding domain-containing protein 4B,"Chapter IV Endocrine, nutritional and metabolic diseases",Acidosis,21810,248,1.04 [0.91-1.18],0.5633703035135436
CRACR2A,EF-hand calcium-binding domain-containing protein 4B,"Chapter IV Endocrine, nutritional and metabolic diseases",Acute alcohol intoxication,25721,67,1.01 [0.79-1.30],0.9135869958094388
CRACR2A,EF-hand calcium-binding domain-containing protein 4B,"Chapter IV Endocrine, nutritional and metabolic diseases",Alcohol dependence,25718,64,1.15 [0.90-1.48],0.2605219761212137
CRACR2A,EF-hand calcium-binding domain-containing protein 4B,"Chapter IV Endocrine, nutritional and metabolic diseases",Alkalosis,21615,53,1.14 [0.88-1.49],0.3298646245849225
CRACR2A,EF-hand calcium-binding domain-containing protein 4B,"Chapter IV Endocrine, nutritional and metabolic diseases",Bipolar affective disorders,24882,69,1.19 [0.95-1.49],0.1376702129888476
CRACR2A,EF-hand calcium-binding domain-containing protein 4B,"Chapter IV Endocrine, nutritional and metabolic diseases",Deficiency of other B group vitamins,24535,247,0.96 [0.84-1.10],0.5493216428831099
CRACR2A,EF-hand calcium-binding domain-containing protein 4B,"Chapter IV Endocrine, nutritional and metabolic diseases","Delirium, not induced by alcohol and other psychoactive substances",26699,510,1.03 [0.94-1.12],0.5705870432439624
CRACR2A,EF-hand calcium-binding domain-containing protein 4B,"Chapter IV Endocrine, nutritional and metabolic diseases",Dementia in Alzheimer disease,26475,286,1.02 [0.91-1.16],0.7115562626916844
CRACR2A,EF-hand calcium-binding domain-containing protein 4B,"Chapter IV Endocrine, nutritional and metabolic diseases",Dementia in other diseases classified elsewhere,26275,86,1.22 [1.00-1.50],0.0488137215285331
CRACR2A,EF-hand calcium-binding domain-containing protein 4B,"Chapter IV Endocrine, nutritional and metabolic diseases",Depression,26741,1928,1.03 [0.98-1.08],0.2487806260496438
CRACR2A,EF-hand calcium-binding domain-containing protein 4B,"Chapter IV Endocrine, nutritional and metabolic diseases",Depression or dysthymia,23994,1878,1.03 [0.98-1.08],0.1851326641147876
CRACR2A,EF-hand calcium-binding domain-containing protein 4B,"Chapter IV Endocrine, nutritional and metabolic diseases","Disorder of lipoprotein metabolism, unspecified",21621,59,1.05 [0.81-1.37],0.7084861549140655
CRACR2A,EF-hand calcium-binding domain-containing protein 4B,"Chapter IV Endocrine, nutritional and metabolic diseases","Disorder of thyroid, unspecified",24066,118,1.16 [0.97-1.39],0.1010499727287794
CRACR2A,EF-hand calcium-binding domain-containing protein 4B,"Chapter IV Endocrine, nutritional and metabolic diseases",Disorders of calcium metabolism,21844,282,1.17 [1.05-1.32],0.0061951211303354
CRACR2A,EF-hand calcium-binding domain-containing protein 4B,"Chapter IV Endocrine, nutritional and metabolic diseases",Disorders of iron metabolism,21610,48,1.21 [0.92-1.59],0.1628286045959769
CRACR2A,EF-hand calcium-binding domain-containing protein 4B,"Chapter IV Endocrine, nutritional and metabolic diseases",Disorders of lipoprotein metabolism and other lipidaemias,24692,3130,1.06 [1.03-1.10],0.0008661126351791
CRACR2A,EF-hand calcium-binding domain-containing protein 4B,"Chapter IV Endocrine, nutritional and metabolic diseases",Disorders of magnesium metabolism,21759,197,1.10 [0.95-1.27],0.1897779802539478
CRACR2A,EF-hand calcium-binding domain-containing protein 4B,"Chapter IV Endocrine, nutritional and metabolic diseases",Disorders of mineral metabolism,22096,534,1.12 [1.03-1.22],0.0066398551125446
CRACR2A,EF-hand calcium-binding domain-containing protein 4B,"Chapter IV Endocrine, nutritional and metabolic diseases",Disorders of other endocrine glands,27033,361,1.06 [0.95-1.17],0.3024413892361113
CRACR2A,EF-hand calcium-binding domain-containing protein 4B,"Chapter IV Endocrine, nutritional and metabolic diseases",Disorders of parathyroid gland,26849,177,1.12 [0.96-1.29],0.1401711566808678
CRACR2A,EF-hand calcium-binding domain-containing protein 4B,"Chapter IV Endocrine, nutritional and metabolic diseases",Disorders of phosphorus metabolism and phosphatases,21664,102,1.00 [0.81-1.22],0.9672900844614394
CRACR2A,EF-hand calcium-binding domain-containing protein 4B,"Chapter IV Endocrine, nutritional and metabolic diseases","Disorders of plasma-protein metabolism, not elsewhere classified",21617,55,1.17 [0.90-1.51],0.238701079108766
CRACR2A,EF-hand calcium-binding domain-containing protein 4B,"Chapter IV Endocrine, nutritional and metabolic diseases",Disorders of the thyroid gland,26256,2308,1.04 [1.00-1.09],0.0439299107340369
CRACR2A,EF-hand calcium-binding domain-containing protein 4B,"Chapter IV Endocrine, nutritional and metabolic diseases",Fluid overload,21767,205,1.13 [0.98-1.30],0.0831200086384687
CRACR2A,EF-hand calcium-binding domain-containing protein 4B,"Chapter IV Endocrine, nutritional and metabolic diseases",Hyperkalaemia,21774,212,1.23 [1.08-1.40],0.0022326081822209
CRACR2A,EF-hand calcium-binding domain-containing protein 4B,"Chapter IV Endocrine, nutritional and metabolic diseases","Hyperlipidaemia, other/unspecified",22092,530,1.05 [0.96-1.15],0.248929219360203
CRACR2A,EF-hand calcium-binding domain-containing protein 4B,"Chapter IV Endocrine, nutritional and metabolic diseases",Hyperosmolality and hypernatraemia,21654,92,1.05 [0.85-1.29],0.6526082085718472
CRACR2A,EF-hand calcium-binding domain-containing protein 4B,"Chapter IV Endocrine, nutritional and metabolic diseases",Hyperparathyroidism,26839,167,1.07 [0.92-1.25],0.3957481438956916
CRACR2A,EF-hand calcium-binding domain-containing protein 4B,"Chapter IV Endocrine, nutritional and metabolic diseases",Hypo-osmolality and hyponatraemia,22189,627,1.02 [0.94-1.10],0.690737056900857
CRACR2A,EF-hand calcium-binding domain-containing protein 4B,"Chapter IV Endocrine, nutritional and metabolic diseases",Hypokalaemia,22126,564,0.99 [0.91-1.08],0.8348977317564118
CRACR2A,EF-hand calcium-binding domain-containing protein 4B,"Chapter IV Endocrine, nutritional and metabolic diseases",Iron deficiency,24358,70,0.93 [0.72-1.21],0.6007565768662461
CRACR2A,EF-hand calcium-binding domain-containing protein 4B,"Chapter IV Endocrine, nutritional and metabolic diseases",Metabolic disorders,26236,4674,1.06 [1.03-1.09],9.874482720656344e-05
CRACR2A,EF-hand calcium-binding domain-containing protein 4B,"Chapter IV Endocrine, nutritional and metabolic diseases",Nontoxic multinodular goitre,24025,77,0.90 [0.71-1.15],0.4168603904302731
CRACR2A,EF-hand calcium-binding domain-containing protein 4B,"Chapter IV Endocrine, nutritional and metabolic diseases",Nontoxic single thyroid nodule,24037,89,1.00 [0.80-1.24],0.987848950032971
CRACR2A,EF-hand calcium-binding domain-containing protein 4B,"Chapter IV Endocrine, nutritional and metabolic diseases",Obesity,26943,2067,1.01 [0.96-1.05],0.750949813688749
CRACR2A,EF-hand calcium-binding domain-containing protein 4B,"Chapter IV Endocrine, nutritional and metabolic diseases","Obesity, other/unspecified",26947,2065,1.01 [0.96-1.05],0.7708556582054871
CRACR2A,EF-hand calcium-binding domain-containing protein 4B,"Chapter IV Endocrine, nutritional and metabolic diseases",Other and/or unspecified nontoxic goitre,24029,81,0.97 [0.77-1.22],0.7902919457310147
CRACR2A,EF-hand calcium-binding domain-containing protein 4B,"Chapter IV Endocrine, nutritional and metabolic diseases",Other anxiety disorders,26731,1569,1.02 [0.97-1.07],0.4448596383181382
CRACR2A,EF-hand calcium-binding domain-containing protein 4B,"Chapter IV Endocrine, nutritional and metabolic diseases","Other disorders of fluid, electrolyte and acid-base balance",23079,1517,1.05 [1.00-1.11],0.0695298728126304
CRACR2A,EF-hand calcium-binding domain-containing protein 4B,"Chapter IV Endocrine, nutritional and metabolic diseases",Other disorders of glucose regulation and pancreatic internal secretion,27123,180,1.00 [0.85-1.16],0.9595142745007812
CRACR2A,EF-hand calcium-binding domain-containing protein 4B,"Chapter IV Endocrine, nutritional and metabolic diseases",Other mental disorders due to brain damage and dysfunction and to physical disease,26244,55,1.19 [0.92-1.54],0.1918768639940694
CRACR2A,EF-hand calcium-binding domain-containing protein 4B,"Chapter IV Endocrine, nutritional and metabolic diseases",Panic disorder,25289,127,0.93 [0.77-1.13],0.4671915497502931
CRACR2A,EF-hand calcium-binding domain-containing protein 4B,"Chapter IV Endocrine, nutritional and metabolic diseases",Phobic anxiety disorders,25356,194,1.15 [1.00-1.31],0.0543457828556511
CRACR2A,EF-hand calcium-binding domain-containing protein 4B,"Chapter IV Endocrine, nutritional and metabolic diseases","Postprocedural endocrine and metabolic disorders, not elsewhere classified",21824,262,1.18 [1.05-1.33],0.0049874447541187
CRACR2A,EF-hand calcium-binding domain-containing protein 4B,"Chapter IV Endocrine, nutritional and metabolic diseases",Type 1 diabetes without complications,25326,138,1.14 [0.96-1.34],0.1288312559165119
CRACR2A,EF-hand calcium-binding domain-containing protein 4B,"Chapter IV Endocrine, nutritional and metabolic diseases",Type 2 diabetes with neurological complications,1682,45,0.84 [0.60-1.18],0.3128790014288508
CRACR2A,EF-hand calcium-binding domain-containing protein 4B,"Chapter IV Endocrine, nutritional and metabolic diseases",Type 2 diabetes with ophthalmic complications,1798,185,1.10 [0.95-1.27],0.2215613364822071
CRACR2A,EF-hand calcium-binding domain-containing protein 4B,"Chapter IV Endocrine, nutritional and metabolic diseases",Type 2 diabetes with peripheral circulatory complications,25213,25,0.88 [0.57-1.37],0.5674575524340455
CRACR2A,EF-hand calcium-binding domain-containing protein 4B,"Chapter IV Endocrine, nutritional and metabolic diseases",Type 2 diabetes with renal complications,1668,32,1.17 [0.83-1.63],0.3672817506793633
CRACR2A,EF-hand calcium-binding domain-containing protein 4B,"Chapter IV Endocrine, nutritional and metabolic diseases",Type 2 diabetes without complications,26655,1467,1.08 [1.02-1.14],0.0055794724485706
CRACR2A,EF-hand calcium-binding domain-containing protein 4B,"Chapter IV Endocrine, nutritional and metabolic diseases",Unspecified dementia,26529,340,0.97 [0.87-1.09],0.6431888323299924
CRACR2A,EF-hand calcium-binding domain-containing protein 4B,"Chapter IV Endocrine, nutritional and metabolic diseases",Vitamin D deficiency,24763,475,1.02 [0.93-1.12],0.6166031680883087
CRACR2A,EF-hand calcium-binding domain-containing protein 4B,"Chapter IV Endocrine, nutritional and metabolic diseases",Volume depletion,22288,726,1.06 [0.98-1.14],0.1567106882541805
CRACR2A,EF-hand calcium-binding domain-containing protein 4B,Chapter IX Diseases of the circulatory system,"!Phlebitis/thrombophlebitis venae iliacae [externae/internae/communis], drug-induced",27036,232,1.08 [0.94-1.23],0.2750120973373203
CRACR2A,EF-hand calcium-binding domain-containing protein 4B,Chapter IX Diseases of the circulatory system,Abdominal aortic aneurysm (AAA),26147,51,0.99 [0.74-1.32],0.9287574760267532
CRACR2A,EF-hand calcium-binding domain-containing protein 4B,Chapter IX Diseases of the circulatory system,Angina pectoris,25609,865,1.13 [1.06-1.21],0.0003521113669204
CRACR2A,EF-hand calcium-binding domain-containing protein 4B,Chapter IX Diseases of the circulatory system,Aortic aneurysm,26191,95,0.85 [0.68-1.07],0.1626790657311745
CRACR2A,EF-hand calcium-binding domain-containing protein 4B,Chapter IX Diseases of the circulatory system,Arterial embolism and thrombosis of lower extremity artery,26129,33,1.09 [0.77-1.55],0.6080323237211167
CRACR2A,EF-hand calcium-binding domain-containing protein 4B,Chapter IX Diseases of the circulatory system,"Atherosclerosis, excluding cerebral and coronary sclerosis",26244,148,1.00 [0.84-1.18],0.9822483078207472
CRACR2A,EF-hand calcium-binding domain-containing protein 4B,Chapter IX Diseases of the circulatory system,Atrial fibrillation and flutter,17629,1458,1.05 [1.00-1.11],0.0733430338154679
CRACR2A,EF-hand calcium-binding domain-containing protein 4B,Chapter IX Diseases of the circulatory system,AV-block,23757,234,0.98 [0.86-1.13],0.7952641576629016
CRACR2A,EF-hand calcium-binding domain-containing protein 4B,Chapter IX Diseases of the circulatory system,"Bradycardia, unspecified, drug-induced",27096,303,0.93 [0.83-1.05],0.2671978371254266
CRACR2A,EF-hand calcium-binding domain-containing protein 4B,Chapter IX Diseases of the circulatory system,Cardiac arrest,16299,128,1.12 [0.94-1.33],0.2115312279969718
CRACR2A,EF-hand calcium-binding domain-containing protein 4B,Chapter IX Diseases of the circulatory system,Cardiomyopathy,23657,134,0.98 [0.82-1.17],0.7910763134480223
CRACR2A,EF-hand calcium-binding domain-containing protein 4B,Chapter IX Diseases of the circulatory system,"Cardiomyopathy, other and unspecified",23602,79,1.13 [0.91-1.41],0.2537622226507031
CRACR2A,EF-hand calcium-binding domain-containing protein 4B,Chapter IX Diseases of the circulatory system,Cerebral atherosclerosis,27133,34,0.84 [0.58-1.23],0.3767832834063601
CRACR2A,EF-hand calcium-binding domain-containing protein 4B,Chapter IX Diseases of the circulatory system,Conduction disorders,24242,719,1.03 [0.95-1.11],0.4983290928295011
CRACR2A,EF-hand calcium-binding domain-containing protein 4B,Chapter IX Diseases of the circulatory system,Coronary atherosclerosis,26231,1497,1.10 [1.04-1.16],0.0003367723281962
CRACR2A,EF-hand calcium-binding domain-containing protein 4B,Chapter IX Diseases of the circulatory system,Death due to cardiac causes,24376,7174,1.04 [1.01-1.06],0.0028447910439045
CRACR2A,EF-hand calcium-binding domain-containing protein 4B,Chapter IX Diseases of the circulatory system,DVT of lower extremities,25631,247,1.11 [0.98-1.26],0.0958298541933578
CRACR2A,EF-hand calcium-binding domain-containing protein 4B,Chapter IX Diseases of the circulatory system,Endocarditis,23585,62,1.24 [0.98-1.57],0.0678946450634172
CRACR2A,EF-hand calcium-binding domain-containing protein 4B,Chapter IX Diseases of the circulatory system,"Heart failure, strict",27038,848,1.08 [1.01-1.16],0.0196126404211038
CRACR2A,EF-hand calcium-binding domain-containing protein 4B,Chapter IX Diseases of the circulatory system,Hypertension,24997,6078,1.04 [1.01-1.07],0.0031465089653883
CRACR2A,EF-hand calcium-binding domain-containing protein 4B,Chapter IX Diseases of the circulatory system,"Hypertension, essential",25009,6090,1.04 [1.01-1.07],0.0032672954056104
CRACR2A,EF-hand calcium-binding domain-containing protein 4B,Chapter IX Diseases of the circulatory system,"Hypertension, portal",27025,42,0.83 [0.59-1.17],0.3000560321573204
CRACR2A,EF-hand calcium-binding domain-containing protein 4B,Chapter IX Diseases of the circulatory system,"Hypertension, Pulmonary Arterial",19083,164,1.01 [0.86-1.19],0.8562607741272321
CRACR2A,EF-hand calcium-binding domain-containing protein 4B,Chapter IX Diseases of the circulatory system,Hypertensive Renal Disease,19021,102,1.28 [1.06-1.53],0.0084869276144166
CRACR2A,EF-hand calcium-binding domain-containing protein 4B,Chapter IX Diseases of the circulatory system,Hypotension,26997,1094,0.99 [0.93-1.05],0.6443422988623988
CRACR2A,EF-hand calcium-binding domain-containing protein 4B,Chapter IX Diseases of the circulatory system,Intracerebral haemorrhage,26384,97,1.04 [0.85-1.27],0.7223891194772295
CRACR2A,EF-hand calcium-binding domain-containing protein 4B,Chapter IX Diseases of the circulatory system,"Ischaemic heart disease, wide definition",26418,1674,1.11 [1.06-1.16],2.0320881142879403e-05
CRACR2A,EF-hand calcium-binding domain-containing protein 4B,Chapter IX Diseases of the circulatory system,"Ischaemic Stroke, excluding all haemorrhages",26824,453,1.05 [0.95-1.15],0.3368319017725001
CRACR2A,EF-hand calcium-binding domain-containing protein 4B,Chapter IX Diseases of the circulatory system,Left bundle-branch block,23819,296,1.03 [0.92-1.16],0.5802764277676039
CRACR2A,EF-hand calcium-binding domain-containing protein 4B,Chapter IX Diseases of the circulatory system,Major coronary heart disease event,26915,600,1.10 [1.02-1.19],0.0189405738300889
CRACR2A,EF-hand calcium-binding domain-containing protein 4B,Chapter IX Diseases of the circulatory system,"Myocardial infarction, strict",25230,486,1.12 [1.03-1.23],0.0091301860946664
CRACR2A,EF-hand calcium-binding domain-containing protein 4B,Chapter IX Diseases of the circulatory system,"Myocardial infarction, with ST-elevation",27113,85,1.33 [1.10-1.62],0.0034145202802116
CRACR2A,EF-hand calcium-binding domain-containing protein 4B,Chapter IX Diseases of the circulatory system,"Myocardial infarction, without ST-elevation",27132,242,1.05 [0.93-1.20],0.4177576456101735
CRACR2A,EF-hand calcium-binding domain-containing protein 4B,Chapter IX Diseases of the circulatory system,Oesophageal varices,25421,37,0.73 [0.50-1.07],0.1099492223077038
CRACR2A,EF-hand calcium-binding domain-containing protein 4B,Chapter IX Diseases of the circulatory system,Other aneurysm,26151,55,0.86 [0.64-1.15],0.3113980855781527
CRACR2A,EF-hand calcium-binding domain-containing protein 4B,Chapter IX Diseases of the circulatory system,Other arrhythmias,23880,357,1.05 [0.94-1.16],0.4164093598897935
CRACR2A,EF-hand calcium-binding domain-containing protein 4B,Chapter IX Diseases of the circulatory system,Other arterial embolism and thrombosis,26159,63,1.15 [0.90-1.46],0.267027403965842
CRACR2A,EF-hand calcium-binding domain-containing protein 4B,Chapter IX Diseases of the circulatory system,Other diseases of arteries and capillaries,26285,189,1.08 [0.94-1.25],0.2808323381070177
CRACR2A,EF-hand calcium-binding domain-containing protein 4B,Chapter IX Diseases of the circulatory system,Other diseases of pericardium,23682,159,1.05 [0.89-1.23],0.5636906408434659
CRACR2A,EF-hand calcium-binding domain-containing protein 4B,Chapter IX Diseases of the circulatory system,Other disorders of veins,25479,95,0.98 [0.79-1.21],0.8630404751791518
CRACR2A,EF-hand calcium-binding domain-containing protein 4B,Chapter IX Diseases of the circulatory system,Other embolism and thrombosis,25428,44,1.06 [0.78-1.43],0.7206026925052537
CRACR2A,EF-hand calcium-binding domain-containing protein 4B,Chapter IX Diseases of the circulatory system,Other intracranial haemorrhages,25887,38,0.85 [0.60-1.22],0.3818919177964659
CRACR2A,EF-hand calcium-binding domain-containing protein 4B,Chapter IX Diseases of the circulatory system,Other noninfective disorders of lymphatic vessels and lymph nodes,25542,158,0.98 [0.83-1.16],0.838191386191397
CRACR2A,EF-hand calcium-binding domain-containing protein 4B,Chapter IX Diseases of the circulatory system,Other or ill-defined heart diseases,24320,797,1.05 [0.98-1.13],0.1696787370799211
CRACR2A,EF-hand calcium-binding domain-containing protein 4B,Chapter IX Diseases of the circulatory system,Other other unspecified disorders of the circulatory system,25946,43,0.81 [0.58-1.14],0.2248613941021691
CRACR2A,EF-hand calcium-binding domain-containing protein 4B,Chapter IX Diseases of the circulatory system,Other peripheral vascular diseases,26586,490,0.98 [0.89-1.07],0.6414384718806835
CRACR2A,EF-hand calcium-binding domain-containing protein 4B,Chapter IX Diseases of the circulatory system,Other pulmonary heart/vessel disease,26570,322,1.02 [0.91-1.15],0.7011506845071396
CRACR2A,EF-hand calcium-binding domain-containing protein 4B,Chapter IX Diseases of the circulatory system,"Other specified cerebrovascular diseases, other cerebrovascular disorders in diseases classified elsewhere",26393,544,0.95 [0.86-1.04],0.2249458087243986
CRACR2A,EF-hand calcium-binding domain-containing protein 4B,Chapter IX Diseases of the circulatory system,Paroxysmal tachycardia,16460,289,1.04 [0.92-1.17],0.5139396800467774
CRACR2A,EF-hand calcium-binding domain-containing protein 4B,Chapter IX Diseases of the circulatory system,Peripheral artery disease,26350,267,0.95 [0.83-1.08],0.4118008861643161
CRACR2A,EF-hand calcium-binding domain-containing protein 4B,Chapter IX Diseases of the circulatory system,Phlebitis and thrombophlebitis (not including DVT),25708,324,1.09 [0.97-1.21],0.1329222178991667
CRACR2A,EF-hand calcium-binding domain-containing protein 4B,Chapter IX Diseases of the circulatory system,Pulmonary embolism,26682,434,1.03 [0.93-1.13],0.59566597062496
CRACR2A,EF-hand calcium-binding domain-containing protein 4B,Chapter IX Diseases of the circulatory system,Rheumatic valve diseases,27062,591,1.03 [0.95-1.12],0.4452032312828079
CRACR2A,EF-hand calcium-binding domain-containing protein 4B,Chapter IX Diseases of the circulatory system,Right bundle-branch block,23744,221,1.09 [0.96-1.25],0.1958206250754184
CRACR2A,EF-hand calcium-binding domain-containing protein 4B,Chapter IX Diseases of the circulatory system,Secondary right heart disease,26563,315,1.02 [0.91-1.14],0.7420932160506295
CRACR2A,EF-hand calcium-binding domain-containing protein 4B,Chapter IX Diseases of the circulatory system,Sequelae of cerebrovascular disease,26010,161,1.01 [0.86-1.18],0.9263352345950512
CRACR2A,EF-hand calcium-binding domain-containing protein 4B,Chapter IX Diseases of the circulatory system,"Stroke, excluding SAH",26817,530,1.04 [0.95-1.13],0.3914851605748938
CRACR2A,EF-hand calcium-binding domain-containing protein 4B,Chapter IX Diseases of the circulatory system,"Stroke, including SAH",26791,576,1.05 [0.97-1.14],0.2268106626353539
CRACR2A,EF-hand calcium-binding domain-containing protein 4B,Chapter IX Diseases of the circulatory system,Subarachnoid haemorrhage,26351,70,1.07 [0.85-1.36],0.5596151765564261
CRACR2A,EF-hand calcium-binding domain-containing protein 4B,Chapter IX Diseases of the circulatory system,Thoracic aortic aneurysm,26142,46,0.88 [0.64-1.21],0.4388996115233795
CRACR2A,EF-hand calcium-binding domain-containing protein 4B,Chapter IX Diseases of the circulatory system,Transient ischemic attack,26588,217,1.01 [0.87-1.16],0.9358456530350538
CRACR2A,EF-hand calcium-binding domain-containing protein 4B,Chapter IX Diseases of the circulatory system,Unstable angina pectoris,26512,197,1.11 [0.96-1.27],0.1621520006225154
CRACR2A,EF-hand calcium-binding domain-containing protein 4B,Chapter IX Diseases of the circulatory system,Varicose veins,25842,458,1.03 [0.94-1.13],0.5273976148625877
CRACR2A,EF-hand calcium-binding domain-containing protein 4B,Chapter IX Diseases of the circulatory system,Vascular diseases of the intestine,26107,97,0.84 [0.67-1.05],0.133240468443161
CRACR2A,EF-hand calcium-binding domain-containing protein 4B,Chapter IX Diseases of the circulatory system,Venous thromboembolism,26924,691,1.05 [0.97-1.13],0.2082573226709009
CRACR2A,EF-hand calcium-binding domain-containing protein 4B,Chapter V Mental and behavioural disorders,"Alcohol use disorder, ICD-based",27093,215,0.96 [0.83-1.11],0.566758859427746
CRACR2A,EF-hand calcium-binding domain-containing protein 4B,Chapter V Mental and behavioural disorders,"Anxiety disorders, excluding more controls",24081,1831,1.03 [0.98-1.08],0.2416323654186251
CRACR2A,EF-hand calcium-binding domain-containing protein 4B,Chapter V Mental and behavioural disorders,Any mental disorder,26525,4275,1.03 [1.00-1.07],0.041050813019722
CRACR2A,EF-hand calcium-binding domain-containing protein 4B,Chapter V Mental and behavioural disorders,"Mental and behavioural disorders due to alcohol, excluding acute intoxication",27061,254,0.95 [0.83-1.09],0.4620918274715764
CRACR2A,EF-hand calcium-binding domain-containing protein 4B,Chapter V Mental and behavioural disorders,"Mood disorders, excluding more controls",24199,1949,1.04 [0.99-1.09],0.0897449433678985
CRACR2A,EF-hand calcium-binding domain-containing protein 4B,Chapter V Mental and behavioural disorders,"Schizophrenia or delusion, excluding more controls",22344,94,0.98 [0.79-1.22],0.8826141001850892
CRACR2A,EF-hand calcium-binding domain-containing protein 4B,Chapter V Mental and behavioural disorders,Smoking dependency,26728,1188,1.06 [1.00-1.13],0.0351900804265378
CRACR2A,EF-hand calcium-binding domain-containing protein 4B,Chapter V Mental and behavioural disorders,"Substance abuse, excluding more controls",23618,1368,1.05 [1.00-1.11],0.0657094558380115
CRACR2A,EF-hand calcium-binding domain-containing protein 4B,Chapter V Mental and behavioural disorders,Vascular dementia,26634,100,1.01 [0.82-1.24],0.9203324324355072
CRACR2A,EF-hand calcium-binding domain-containing protein 4B,Chapter VI Diseases of the nervous system,Alzheimer disease,27137,356,1.01 [0.91-1.13],0.8051784853553097
CRACR2A,EF-hand calcium-binding domain-containing protein 4B,Chapter VI Diseases of the nervous system,"AlzheimerÕs disease (Atypical or mixed), excluding more controls",18500,58,1.08 [0.83-1.41],0.5704079489590509
CRACR2A,EF-hand calcium-binding domain-containing protein 4B,Chapter VI Diseases of the nervous system,Bell's palsy,24997,85,0.89 [0.70-1.12],0.3089495173679369
CRACR2A,EF-hand calcium-binding domain-containing protein 4B,Chapter VI Diseases of the nervous system,Carpal tunnel syndrome,25530,618,1.07 [0.98-1.16],0.1214707674641327
CRACR2A,EF-hand calcium-binding domain-containing protein 4B,Chapter VI Diseases of the nervous system,Cerebral cysts,26740,220,0.98 [0.85-1.12],0.7494362216984175
CRACR2A,EF-hand calcium-binding domain-containing protein 4B,Chapter VI Diseases of the nervous system,Cerebral palsy and other paralytic syndromes,27064,274,0.95 [0.84-1.08],0.432108244727143
CRACR2A,EF-hand calcium-binding domain-containing protein 4B,Chapter VI Diseases of the nervous system,Circumscribed brain atrophy,26654,39,0.91 [0.65-1.28],0.584996313446241
CRACR2A,EF-hand calcium-binding domain-containing protein 4B,Chapter VI Diseases of the nervous system,Diseases of the myoneural junction and muscle,27123,45,1.06 [0.79-1.43],0.6916707789513379
CRACR2A,EF-hand calcium-binding domain-containing protein 4B,Chapter VI Diseases of the nervous system,"Disorders of brain, other and unspecified",26573,53,1.12 [0.85-1.46],0.4192624367459052
CRACR2A,EF-hand calcium-binding domain-containing protein 4B,Chapter VI Diseases of the nervous system,Epilepsy,25662,281,0.96 [0.85-1.09],0.5564874694212641
CRACR2A,EF-hand calcium-binding domain-containing protein 4B,Chapter VI Diseases of the nervous system,Episodal and paroxysmal disorders,26720,1339,1.03 [0.97-1.08],0.3709348030557988
CRACR2A,EF-hand calcium-binding domain-containing protein 4B,Chapter VI Diseases of the nervous system,Extrapyramidal and movement disorders,27089,508,1.13 [1.04-1.24],0.0044191928082144
CRACR2A,EF-hand calcium-binding domain-containing protein 4B,Chapter VI Diseases of the nervous system,Falls/tendency to fall,26506,2883,0.98 [0.94-1.02],0.3357139632957354
CRACR2A,EF-hand calcium-binding domain-containing protein 4B,Chapter VI Diseases of the nervous system,Generalized epilepsy,26767,46,1.08 [0.81-1.45],0.6033824454916106
CRACR2A,EF-hand calcium-binding domain-containing protein 4B,Chapter VI Diseases of the nervous system,Hemiplegia,27008,218,0.97 [0.85-1.12],0.7041808037806236
CRACR2A,EF-hand calcium-binding domain-containing protein 4B,Chapter VI Diseases of the nervous system,Hydrocephalus,26587,67,1.19 [0.94-1.49],0.1450652809189765
CRACR2A,EF-hand calcium-binding domain-containing protein 4B,Chapter VI Diseases of the nervous system,Inflammatory diseases of the central nervous system,27118,75,1.20 [0.96-1.49],0.1061914298190881
CRACR2A,EF-hand calcium-binding domain-containing protein 4B,Chapter VI Diseases of the nervous system,Lesion of plantar nerve,25034,122,0.95 [0.78-1.15],0.5820218978988212
CRACR2A,EF-hand calcium-binding domain-containing protein 4B,Chapter VI Diseases of the nervous system,Lesion of ulnar nerve,24976,64,1.11 [0.87-1.42],0.3988959207785096
CRACR2A,EF-hand calcium-binding domain-containing protein 4B,Chapter VI Diseases of the nervous system,Memory loss,26510,96,1.10 [0.90-1.35],0.353556498409432
CRACR2A,EF-hand calcium-binding domain-containing protein 4B,Chapter VI Diseases of the nervous system,Migraine,25885,504,1.02 [0.93-1.12],0.6209722023235449
CRACR2A,EF-hand calcium-binding domain-containing protein 4B,Chapter VI Diseases of the nervous system,"Migraine, unspecified, drug-induced",27022,453,1.00 [0.91-1.11],0.924838669248083
CRACR2A,EF-hand calcium-binding domain-containing protein 4B,Chapter VI Diseases of the nervous system,Motor neuron disease,18586,119,1.07 [0.89-1.28],0.4931035282184642
CRACR2A,EF-hand calcium-binding domain-containing protein 4B,Chapter VI Diseases of the nervous system,MS-disease / Multiple Sclerosis,26923,142,1.02 [0.86-1.21],0.838301863292165
CRACR2A,EF-hand calcium-binding domain-containing protein 4B,Chapter VI Diseases of the nervous system,"Nerve, nerve root and plexus disorders",26289,1377,1.06 [1.01-1.12],0.0305210552122856
CRACR2A,EF-hand calcium-binding domain-containing protein 4B,Chapter VI Diseases of the nervous system,Neurological diseases,25533,3770,1.03 [1.00-1.07],0.071337894833309
CRACR2A,EF-hand calcium-binding domain-containing protein 4B,Chapter VI Diseases of the nervous system,Other and unspecified degenerative diseases of nervous system,26774,159,0.93 [0.79-1.11],0.4253219373829803
CRACR2A,EF-hand calcium-binding domain-containing protein 4B,Chapter VI Diseases of the nervous system,"Other and unspecified nerve root and plexus disorders, also in other diseases",25335,423,1.11 [1.01-1.23],0.0261464652140859
CRACR2A,EF-hand calcium-binding domain-containing protein 4B,Chapter VI Diseases of the nervous system,"Other and unspecified polyneuropathies, also in other diseases",27081,230,0.96 [0.84-1.11],0.5954177464723991
CRACR2A,EF-hand calcium-binding domain-containing protein 4B,Chapter VI Diseases of the nervous system,Other degenerative diseases of the nervous system,21839,660,1.00 [0.92-1.09],0.973190080933755
CRACR2A,EF-hand calcium-binding domain-containing protein 4B,Chapter VI Diseases of the nervous system,Other diseases of spinal cord,26589,69,1.07 [0.84-1.35],0.6045316351872215
CRACR2A,EF-hand calcium-binding domain-containing protein 4B,Chapter VI Diseases of the nervous system,Other disorders of nervous system,26642,122,1.01 [0.84-1.21],0.9367324588840666
CRACR2A,EF-hand calcium-binding domain-containing protein 4B,Chapter VI Diseases of the nervous system,Other extrapyramidal and movement disorders in other diseases,26765,184,1.02 [0.88-1.19],0.7517716443217093
CRACR2A,EF-hand calcium-binding domain-containing protein 4B,Chapter VI Diseases of the nervous system,Other facial nerve disorders,25007,95,0.94 [0.76-1.17],0.6040675156711091
CRACR2A,EF-hand calcium-binding domain-containing protein 4B,Chapter VI Diseases of the nervous system,Other headache syndromes,25454,73,1.10 [0.87-1.38],0.4395323643586916
CRACR2A,EF-hand calcium-binding domain-containing protein 4B,Chapter VI Diseases of the nervous system,Other neurological diseases,27020,500,1.10 [1.01-1.20],0.032740818544273
CRACR2A,EF-hand calcium-binding domain-containing protein 4B,Chapter VI Diseases of the nervous system,Other sleep disorders,25783,402,1.04 [0.94-1.15],0.4418061924164288
CRACR2A,EF-hand calcium-binding domain-containing protein 4B,Chapter VI Diseases of the nervous system,Parkinson's disease,27113,306,1.15 [1.03-1.28],0.0161571854781816
CRACR2A,EF-hand calcium-binding domain-containing protein 4B,Chapter VI Diseases of the nervous system,Postviral fatigue syndrome,26603,83,0.98 [0.78-1.23],0.8753042923750753
CRACR2A,EF-hand calcium-binding domain-containing protein 4B,Chapter VI Diseases of the nervous system,Restless leg syndrome,27136,103,1.02 [0.83-1.25],0.8445608883307759
CRACR2A,EF-hand calcium-binding domain-containing protein 4B,Chapter VI Diseases of the nervous system,Sleep apnoea,26959,318,1.01 [0.90-1.14],0.8401027060407636
CRACR2A,EF-hand calcium-binding domain-containing protein 4B,Chapter VI Diseases of the nervous system,Small fibre neuropathy,26891,40,0.98 [0.71-1.36],0.913239432630541
CRACR2A,EF-hand calcium-binding domain-containing protein 4B,Chapter VI Diseases of the nervous system,Systemic atrophies primarily affecting the central nervous system,27127,147,0.96 [0.81-1.15],0.672267483341586
CRACR2A,EF-hand calcium-binding domain-containing protein 4B,Chapter VI Diseases of the nervous system,Trigeminal neuralgia,24977,65,1.16 [0.92-1.48],0.2091391685030659
CRACR2A,EF-hand calcium-binding domain-containing protein 4B,Chapter VI Diseases of the nervous system,Unspecific neurodegenerative disorder,27137,360,1.01 [0.91-1.13],0.8037988832437832
CRACR2A,EF-hand calcium-binding domain-containing protein 4B,Chapter VI Diseases of the nervous system,Vascular dementia (undefined),26591,97,1.00 [0.81-1.24],0.9666998853735376
CRACR2A,EF-hand calcium-binding domain-containing protein 4B,"Chapter VII Diseases of the eye, adnexa, ear and mastoid process",Amblyopia ex anopsia,26559,109,0.84 [0.68-1.04],0.1048942551604335
CRACR2A,EF-hand calcium-binding domain-containing protein 4B,"Chapter VII Diseases of the eye, adnexa, ear and mastoid process",Astigmatism,26680,479,0.93 [0.85-1.03],0.1497242710234286
CRACR2A,EF-hand calcium-binding domain-containing protein 4B,"Chapter VII Diseases of the eye, adnexa, ear and mastoid process",Background diabetic retinopathy,26992,172,1.11 [0.96-1.29],0.1693218481766204
CRACR2A,EF-hand calcium-binding domain-containing protein 4B,"Chapter VII Diseases of the eye, adnexa, ear and mastoid process",Blepharochalasis,26033,61,1.24 [0.98-1.57],0.0766402871130506
CRACR2A,EF-hand calcium-binding domain-containing protein 4B,"Chapter VII Diseases of the eye, adnexa, ear and mastoid process",Chalazion,26026,54,1.26 [0.98-1.62],0.0661316116240899
CRACR2A,EF-hand calcium-binding domain-containing protein 4B,"Chapter VII Diseases of the eye, adnexa, ear and mastoid process","Conjunctivitis (acute, non atopic)",27020,54,1.16 [0.90-1.51],0.2511307456491975
CRACR2A,EF-hand calcium-binding domain-containing protein 4B,"Chapter VII Diseases of the eye, adnexa, ear and mastoid process",Corneal degeneration,26851,164,0.88 [0.74-1.04],0.1266571282009289
CRACR2A,EF-hand calcium-binding domain-containing protein 4B,"Chapter VII Diseases of the eye, adnexa, ear and mastoid process","Diabetic nephropathy, excluding more controls",1675,38,1.19 [0.88-1.62],0.2649696886944262
CRACR2A,EF-hand calcium-binding domain-containing protein 4B,"Chapter VII Diseases of the eye, adnexa, ear and mastoid process",Diabetic neuropathy,2016,68,0.92 [0.71-1.19],0.5183940411442085
CRACR2A,EF-hand calcium-binding domain-containing protein 4B,"Chapter VII Diseases of the eye, adnexa, ear and mastoid process",Diplopia,26538,88,0.91 [0.72-1.14],0.4047911135924069
CRACR2A,EF-hand calcium-binding domain-containing protein 4B,"Chapter VII Diseases of the eye, adnexa, ear and mastoid process",Disorders of choroid and retina,26960,1056,1.01 [0.95-1.08],0.7174302147991927
CRACR2A,EF-hand calcium-binding domain-containing protein 4B,"Chapter VII Diseases of the eye, adnexa, ear and mastoid process","Disorders of eyelid, lacrimal system and orbit",26718,746,1.04 [0.96-1.12],0.3537593333229227
CRACR2A,EF-hand calcium-binding domain-containing protein 4B,"Chapter VII Diseases of the eye, adnexa, ear and mastoid process",Disorders of lacrimal system,26265,293,1.05 [0.93-1.18],0.4285704267517195
CRACR2A,EF-hand calcium-binding domain-containing protein 4B,"Chapter VII Diseases of the eye, adnexa, ear and mastoid process","Disorders of ocular muscles, binocular movement, accommodation and refraction",27044,843,0.98 [0.91-1.05],0.5153332539705995
CRACR2A,EF-hand calcium-binding domain-containing protein 4B,"Chapter VII Diseases of the eye, adnexa, ear and mastoid process",Disorders of optic nerve and visual pathways,27120,68,1.12 [0.88-1.41],0.3630251338781846
CRACR2A,EF-hand calcium-binding domain-containing protein 4B,"Chapter VII Diseases of the eye, adnexa, ear and mastoid process",Disorders of refraction and accommodation,26968,767,0.98 [0.90-1.05],0.517660631963492
CRACR2A,EF-hand calcium-binding domain-containing protein 4B,"Chapter VII Diseases of the eye, adnexa, ear and mastoid process","Disorders of sclera, cornea, iris and ciliary body",27092,405,0.99 [0.89-1.09],0.8140916330704795
CRACR2A,EF-hand calcium-binding domain-containing protein 4B,"Chapter VII Diseases of the eye, adnexa, ear and mastoid process",Disorders of vitreous body,27043,200,0.92 [0.80-1.07],0.2925256474207904
CRACR2A,EF-hand calcium-binding domain-containing protein 4B,"Chapter VII Diseases of the eye, adnexa, ear and mastoid process",Ectropion of eyelid,26012,40,1.07 [0.78-1.48],0.6755011050255618
CRACR2A,EF-hand calcium-binding domain-containing protein 4B,"Chapter VII Diseases of the eye, adnexa, ear and mastoid process",Entropion and trichiasis of eyelid,26019,47,1.14 [0.86-1.52],0.360165731994388
CRACR2A,EF-hand calcium-binding domain-containing protein 4B,"Chapter VII Diseases of the eye, adnexa, ear and mastoid process",Epiphora,26037,65,1.09 [0.86-1.40],0.4709671386901884
CRACR2A,EF-hand calcium-binding domain-containing protein 4B,"Chapter VII Diseases of the eye, adnexa, ear and mastoid process",Glaucoma,27049,714,1.01 [0.94-1.09],0.780887860024172
CRACR2A,EF-hand calcium-binding domain-containing protein 4B,"Chapter VII Diseases of the eye, adnexa, ear and mastoid process",Glaucoma suspect,26516,181,0.90 [0.77-1.06],0.2001332821938976
CRACR2A,EF-hand calcium-binding domain-containing protein 4B,"Chapter VII Diseases of the eye, adnexa, ear and mastoid process",Hypermetropia,26266,65,0.96 [0.74-1.25],0.7741773023261667
CRACR2A,EF-hand calcium-binding domain-containing protein 4B,"Chapter VII Diseases of the eye, adnexa, ear and mastoid process",Iridocyclitis,26789,102,1.15 [0.95-1.39],0.1490678650679608
CRACR2A,EF-hand calcium-binding domain-containing protein 4B,"Chapter VII Diseases of the eye, adnexa, ear and mastoid process",Keratitis,26996,309,0.93 [0.82-1.05],0.2229344659289898
CRACR2A,EF-hand calcium-binding domain-containing protein 4B,"Chapter VII Diseases of the eye, adnexa, ear and mastoid process",Myopia,26410,209,1.06 [0.92-1.21],0.4287977908674223
CRACR2A,EF-hand calcium-binding domain-containing protein 4B,"Chapter VII Diseases of the eye, adnexa, ear and mastoid process",Other and unspecified disorders of vitreous body,26974,131,0.91 [0.76-1.10],0.3415241548419531
CRACR2A,EF-hand calcium-binding domain-containing protein 4B,"Chapter VII Diseases of the eye, adnexa, ear and mastoid process",Other and unspecified glaucoma,26803,468,1.03 [0.93-1.13],0.5737976297882008
CRACR2A,EF-hand calcium-binding domain-containing protein 4B,"Chapter VII Diseases of the eye, adnexa, ear and mastoid process",Other and unspecified visual disturbances,26601,151,0.89 [0.75-1.06],0.1951490494488884
CRACR2A,EF-hand calcium-binding domain-containing protein 4B,"Chapter VII Diseases of the eye, adnexa, ear and mastoid process",Other cataract,25347,2470,1.04 [1.00-1.08],0.0559593959281613
CRACR2A,EF-hand calcium-binding domain-containing protein 4B,"Chapter VII Diseases of the eye, adnexa, ear and mastoid process",Other disorders of cornea,26956,269,0.93 [0.82-1.06],0.2706966420682761
CRACR2A,EF-hand calcium-binding domain-containing protein 4B,"Chapter VII Diseases of the eye, adnexa, ear and mastoid process",Other disorders of eye and adnexa,27111,153,1.08 [0.92-1.27],0.3571789598511972
CRACR2A,EF-hand calcium-binding domain-containing protein 4B,"Chapter VII Diseases of the eye, adnexa, ear and mastoid process",Other disorders of eyelid,26356,384,1.08 [0.97-1.20],0.1416974356697112
CRACR2A,EF-hand calcium-binding domain-containing protein 4B,"Chapter VII Diseases of the eye, adnexa, ear and mastoid process",Other disorders of iris and ciliary body,26750,63,1.11 [0.86-1.42],0.4278231717434233
CRACR2A,EF-hand calcium-binding domain-containing protein 4B,"Chapter VII Diseases of the eye, adnexa, ear and mastoid process",Other disorders of optic [2nd] nerve and visual pathways,27105,53,1.18 [0.90-1.53],0.225845159139997
CRACR2A,EF-hand calcium-binding domain-containing protein 4B,"Chapter VII Diseases of the eye, adnexa, ear and mastoid process",Other inflammation of eyelid,26065,93,0.99 [0.80-1.23],0.9634232649020016
CRACR2A,EF-hand calcium-binding domain-containing protein 4B,"Chapter VII Diseases of the eye, adnexa, ear and mastoid process",Other specified and unspecified  disorders of eyelid,26121,149,0.92 [0.77-1.10],0.350202831455447
CRACR2A,EF-hand calcium-binding domain-containing protein 4B,"Chapter VII Diseases of the eye, adnexa, ear and mastoid process",Other specified and unspecified retinal disorders,26010,106,1.01 [0.83-1.23],0.9293734017120956
CRACR2A,EF-hand calcium-binding domain-containing protein 4B,"Chapter VII Diseases of the eye, adnexa, ear and mastoid process",Other strabismus,26272,71,1.05 [0.83-1.33],0.700098894833848
CRACR2A,EF-hand calcium-binding domain-containing protein 4B,"Chapter VII Diseases of the eye, adnexa, ear and mastoid process","Other, unspecified and serous retinal detachments",25961,57,0.68 [0.50-0.93],0.0168670069958549
CRACR2A,EF-hand calcium-binding domain-containing protein 4B,"Chapter VII Diseases of the eye, adnexa, ear and mastoid process",Primary angle-closure glaucoma,26452,117,1.03 [0.85-1.24],0.7539822646247856
CRACR2A,EF-hand calcium-binding domain-containing protein 4B,"Chapter VII Diseases of the eye, adnexa, ear and mastoid process","Primary open-angle glaucoma, strict",26515,180,1.00 [0.86-1.17],0.987340669011416
CRACR2A,EF-hand calcium-binding domain-containing protein 4B,"Chapter VII Diseases of the eye, adnexa, ear and mastoid process",Ptosis of eyelid,26103,131,1.26 [1.07-1.48],0.0044776649087816
CRACR2A,EF-hand calcium-binding domain-containing protein 4B,"Chapter VII Diseases of the eye, adnexa, ear and mastoid process",Retinal detachment with retinal break,26002,98,1.17 [0.97-1.42],0.1035804090244426
CRACR2A,EF-hand calcium-binding domain-containing protein 4B,"Chapter VII Diseases of the eye, adnexa, ear and mastoid process",Retinal vascular occlusion,25979,75,1.08 [0.86-1.36],0.5061157991279627
CRACR2A,EF-hand calcium-binding domain-containing protein 4B,"Chapter VII Diseases of the eye, adnexa, ear and mastoid process",Senile cataract,24958,2081,0.98 [0.94-1.03],0.4255138747043823
CRACR2A,EF-hand calcium-binding domain-containing protein 4B,"Chapter VII Diseases of the eye, adnexa, ear and mastoid process",Stenosis and insufficiency of lacrimal passages,26055,83,1.09 [0.88-1.36],0.4228836229507245
CRACR2A,EF-hand calcium-binding domain-containing protein 4B,"Chapter VII Diseases of the eye, adnexa, ear and mastoid process",Visual disturbances,26873,423,0.93 [0.84-1.03],0.1492604865948443
CRACR2A,EF-hand calcium-binding domain-containing protein 4B,"Chapter VII Diseases of the eye, adnexa, ear and mastoid process",Visual field defects,26496,46,0.96 [0.70-1.30],0.7676934500220378
CRACR2A,EF-hand calcium-binding domain-containing protein 4B,"Chapter VII Diseases of the eye, adnexa, ear and mastoid process",Visual impairment including blindness (binocular or monocular),26616,166,1.18 [1.01-1.36],0.0317502395129176
CRACR2A,EF-hand calcium-binding domain-containing protein 4B,Chapter VIII Diseases of the ear and mastoid process,Benign paroxysmal vertigo,26898,113,0.92 [0.75-1.12],0.4117504310529993
CRACR2A,EF-hand calcium-binding domain-containing protein 4B,Chapter VIII Diseases of the ear and mastoid process,Diseases of external ear,27089,116,1.11 [0.92-1.33],0.2748408932827219
CRACR2A,EF-hand calcium-binding domain-containing protein 4B,Chapter VIII Diseases of the ear and mastoid process,Diseases of middle ear and mastoid,27011,139,1.04 [0.88-1.24],0.6158571594792384
CRACR2A,EF-hand calcium-binding domain-containing protein 4B,Chapter VIII Diseases of the ear and mastoid process,Labyrinthitis,26850,65,1.05 [0.82-1.35],0.7035255299634326
CRACR2A,EF-hand calcium-binding domain-containing protein 4B,Chapter VIII Diseases of the ear and mastoid process,Mnire disease,26851,66,0.96 [0.74-1.24],0.7375864974475571
CRACR2A,EF-hand calcium-binding domain-containing protein 4B,Chapter VIII Diseases of the ear and mastoid process,Other disorders of ear,27033,813,1.02 [0.95-1.09],0.6776965305457188
CRACR2A,EF-hand calcium-binding domain-containing protein 4B,Chapter VIII Diseases of the ear and mastoid process,Other specified/unspecified hearing loss,26779,559,1.02 [0.94-1.11],0.6181152402241872
CRACR2A,EF-hand calcium-binding domain-containing protein 4B,Chapter VIII Diseases of the ear and mastoid process,Sensorineural hearing loss,26343,123,1.02 [0.85-1.22],0.855602069135228
CRACR2A,EF-hand calcium-binding domain-containing protein 4B,Chapter VIII Diseases of the ear and mastoid process,Tinnitus,26306,86,1.02 [0.82-1.27],0.8603028740481924
CRACR2A,EF-hand calcium-binding domain-containing protein 4B,Chapter X Diseases of the respiratory system,Acute pharyngitis,26870,83,0.79 [0.62-1.01],0.0634057417888565
CRACR2A,EF-hand calcium-binding domain-containing protein 4B,Chapter X Diseases of the respiratory system,Acute upper respiratory infections,27014,227,0.89 [0.77-1.03],0.1097928049196596
CRACR2A,EF-hand calcium-binding domain-containing protein 4B,Chapter X Diseases of the respiratory system,Acute upper respiratory infections of multiple and unspecified sites,26851,64,0.94 [0.72-1.22],0.6429894855545192
CRACR2A,EF-hand calcium-binding domain-containing protein 4B,Chapter X Diseases of the respiratory system,All influenza,25436,126,0.90 [0.74-1.09],0.2662118509863335
CRACR2A,EF-hand calcium-binding domain-containing protein 4B,Chapter X Diseases of the respiratory system,All influenza (not pneumonia),25434,124,0.90 [0.74-1.09],0.2883751605500486
CRACR2A,EF-hand calcium-binding domain-containing protein 4B,Chapter X Diseases of the respiratory system,Allergic asthma (mode),19286,124,1.03 [0.86-1.24],0.7397637426924223
CRACR2A,EF-hand calcium-binding domain-containing protein 4B,Chapter X Diseases of the respiratory system,Allergic rhinitis,26987,283,1.15 [1.03-1.29],0.0156033015120942
CRACR2A,EF-hand calcium-binding domain-containing protein 4B,Chapter X Diseases of the respiratory system,"Asthma, excluding more controls",20999,2023,1.02 [0.98-1.07],0.3082528717460528
CRACR2A,EF-hand calcium-binding domain-containing protein 4B,Chapter X Diseases of the respiratory system,"Asthma, unspecified (mode)",21159,1997,1.03 [0.98-1.07],0.2564795877855875
CRACR2A,EF-hand calcium-binding domain-containing protein 4B,Chapter X Diseases of the respiratory system,Bacterial pneumonia (organism specified),26724,120,1.02 [0.85-1.23],0.7945943626535628
CRACR2A,EF-hand calcium-binding domain-containing protein 4B,Chapter X Diseases of the respiratory system,"Bacterial pneumonia, not elsewhere classified",25375,65,1.16 [0.91-1.46],0.2258825710112319
CRACR2A,EF-hand calcium-binding domain-containing protein 4B,Chapter X Diseases of the respiratory system,Bronchiectasis,23494,410,1.09 [0.99-1.20],0.0853394928731603
CRACR2A,EF-hand calcium-binding domain-containing protein 4B,Chapter X Diseases of the respiratory system,"Bronchitis, not specified as acute or chronic",23154,70,1.27 [1.02-1.58],0.0318209328545169
CRACR2A,EF-hand calcium-binding domain-containing protein 4B,Chapter X Diseases of the respiratory system,Chronic lower respiratory diseases,26000,2916,1.02 [0.98-1.06],0.3149860221236394
CRACR2A,EF-hand calcium-binding domain-containing protein 4B,Chapter X Diseases of the respiratory system,"Chronic rhinitis, nasopharyngitis and pharyngitis",25863,62,0.89 [0.67-1.17],0.392273103362785
CRACR2A,EF-hand calcium-binding domain-containing protein 4B,Chapter X Diseases of the respiratory system,Chronic sinusitis,25944,143,1.04 [0.88-1.23],0.6338638431025205
CRACR2A,EF-hand calcium-binding domain-containing protein 4B,Chapter X Diseases of the respiratory system,"COPD, hospital admissions 1, only main diagnosis",26967,1049,1.03 [0.97-1.10],0.3355516245878221
CRACR2A,EF-hand calcium-binding domain-containing protein 4B,Chapter X Diseases of the respiratory system,Deviated nasal septum,25875,74,1.04 [0.82-1.31],0.7560730422556012
CRACR2A,EF-hand calcium-binding domain-containing protein 4B,Chapter X Diseases of the respiratory system,Diseases of the respiratory system,25077,5100,1.04 [1.01-1.07],0.0032416623434474
CRACR2A,EF-hand calcium-binding domain-containing protein 4B,Chapter X Diseases of the respiratory system,"Diseases of vocal cords and larynx+other diseases of upper respiratory tract, no elsewhere classified",26134,333,1.04 [0.94-1.17],0.437024912310099
CRACR2A,EF-hand calcium-binding domain-containing protein 4B,Chapter X Diseases of the respiratory system,Early onset COPD,26230,312,1.07 [0.95-1.20],0.2667681565728655
CRACR2A,EF-hand calcium-binding domain-containing protein 4B,Chapter X Diseases of the respiratory system,Emphysema,23353,269,1.10 [0.98-1.23],0.1097279934138291
CRACR2A,EF-hand calcium-binding domain-containing protein 4B,Chapter X Diseases of the respiratory system,Idiopathic pulmonary fibrosis,25536,227,0.98 [0.86-1.13],0.814866608421629
CRACR2A,EF-hand calcium-binding domain-containing protein 4B,Chapter X Diseases of the respiratory system,Influenza and pneumonia,26944,1634,1.01 [0.96-1.07],0.5897574803636221
CRACR2A,EF-hand calcium-binding domain-containing protein 4B,Chapter X Diseases of the respiratory system,Interstitial lung disease,25573,264,0.99 [0.88-1.13],0.9319467116708632
CRACR2A,EF-hand calcium-binding domain-containing protein 4B,Chapter X Diseases of the respiratory system,Later onset COPD,26240,737,1.02 [0.95-1.10],0.5827284474990334
CRACR2A,EF-hand calcium-binding domain-containing protein 4B,Chapter X Diseases of the respiratory system,Lung diseases due to external agents,27130,222,1.07 [0.93-1.22],0.329026490035497
CRACR2A,EF-hand calcium-binding domain-containing protein 4B,Chapter X Diseases of the respiratory system,Nasal polyp,25866,65,0.99 [0.76-1.28],0.9260447304697964
CRACR2A,EF-hand calcium-binding domain-containing protein 4B,Chapter X Diseases of the respiratory system,Other acute lower respiratory infections,26916,908,1.02 [0.96-1.10],0.4875101060011306
CRACR2A,EF-hand calcium-binding domain-containing protein 4B,Chapter X Diseases of the respiratory system,Other diseases of pleura,26950,1731,1.01 [0.96-1.06],0.6115446568440195
CRACR2A,EF-hand calcium-binding domain-containing protein 4B,Chapter X Diseases of the respiratory system,Other diseases of upper respiratory tract,26582,781,1.11 [1.03-1.19],0.0048047531477542
CRACR2A,EF-hand calcium-binding domain-containing protein 4B,Chapter X Diseases of the respiratory system,Other pleural conditions,25255,36,0.86 [0.60-1.24],0.4201953307186925
CRACR2A,EF-hand calcium-binding domain-containing protein 4B,Chapter X Diseases of the respiratory system,Other respiratory diseases principally affecting the interstitium,27058,337,0.98 [0.87-1.09],0.6672526915937729
CRACR2A,EF-hand calcium-binding domain-containing protein 4B,Chapter X Diseases of the respiratory system,Other respiratory disorders and diseases,27050,1169,1.04 [0.98-1.10],0.1943982264163223
CRACR2A,EF-hand calcium-binding domain-containing protein 4B,Chapter X Diseases of the respiratory system,Pleural effusion,26058,839,1.01 [0.94-1.09],0.7050406564642309
CRACR2A,EF-hand calcium-binding domain-containing protein 4B,Chapter X Diseases of the respiratory system,Pleural plaque,25263,44,1.21 [0.91-1.60],0.1897810105498906
CRACR2A,EF-hand calcium-binding domain-containing protein 4B,Chapter X Diseases of the respiratory system,"Pneumonia, organism unspecified",26717,1407,1.02 [0.96-1.07],0.5290315714246451
CRACR2A,EF-hand calcium-binding domain-containing protein 4B,Chapter X Diseases of the respiratory system,Pneumonitis due to solids and liquids,27103,195,1.08 [0.94-1.25],0.286125949597254
CRACR2A,EF-hand calcium-binding domain-containing protein 4B,Chapter X Diseases of the respiratory system,Pneumothorax,25307,88,0.89 [0.71-1.12],0.3222718556086966
CRACR2A,EF-hand calcium-binding domain-containing protein 4B,Chapter X Diseases of the respiratory system,Pollen allergy,27106,237,1.14 [1.01-1.29],0.0371091401346503
CRACR2A,EF-hand calcium-binding domain-containing protein 4B,Chapter X Diseases of the respiratory system,Pulmonary oedema,26782,61,0.97 [0.75-1.27],0.8312544258542816
CRACR2A,EF-hand calcium-binding domain-containing protein 4B,Chapter X Diseases of the respiratory system,Respiratory insufficiency,19214,52,1.28 [1.02-1.61],0.0321032616037686
CRACR2A,EF-hand calcium-binding domain-containing protein 4B,Chapter X Diseases of the respiratory system,Unspecified acute lower respiratory infection,26892,884,1.02 [0.95-1.09],0.5436332653688829
CRACR2A,EF-hand calcium-binding domain-containing protein 4B,Chapter X Diseases of the respiratory system,Vasomotor and allergic rhinitis,26084,283,1.15 [1.03-1.29],0.0150702953476656
CRACR2A,EF-hand calcium-binding domain-containing protein 4B,Chapter X Diseases of the respiratory system,Viral pneumonia,25516,206,1.01 [0.87-1.16],0.9171288711221934
CRACR2A,EF-hand calcium-binding domain-containing protein 4B,Chapter X Diseases of the respiratory system,"Viral pneumonia (unknown virus, not influenza)",26735,164,1.02 [0.87-1.20],0.7950517351332765
CRACR2A,EF-hand calcium-binding domain-containing protein 4B,Chapter X Diseases of the respiratory system,Vocal cord dysfunction,13112,106,1.05 [0.86-1.27],0.6607967940938322
CRACR2A,EF-hand calcium-binding domain-containing protein 4B,Chapter XI Diseases of the digestive system,Abscess of anal and rectal regions,19335,37,0.97 [0.69-1.37],0.8708069810257206
CRACR2A,EF-hand calcium-binding domain-containing protein 4B,Chapter XI Diseases of the digestive system,Acute appendicitis,26951,146,0.94 [0.79-1.11],0.4567016761900213
CRACR2A,EF-hand calcium-binding domain-containing protein 4B,Chapter XI Diseases of the digestive system,Acute gastritis,20372,91,1.07 [0.87-1.32],0.5160565193577191
CRACR2A,EF-hand calcium-binding domain-containing protein 4B,Chapter XI Diseases of the digestive system,Acute pancreatitis,24856,160,1.13 [0.97-1.31],0.1273046730955803
CRACR2A,EF-hand calcium-binding domain-containing protein 4B,Chapter XI Diseases of the digestive system,Acute peritonitis,26572,87,0.99 [0.79-1.24],0.931651956940078
CRACR2A,EF-hand calcium-binding domain-containing protein 4B,Chapter XI Diseases of the digestive system,Alcoholic liver disease,26264,33,0.78 [0.53-1.16],0.2259404959634401
CRACR2A,EF-hand calcium-binding domain-containing protein 4B,Chapter XI Diseases of the digestive system,Barrett oesophagus,20611,330,1.05 [0.94-1.18],0.3517890707180517
CRACR2A,EF-hand calcium-binding domain-containing protein 4B,Chapter XI Diseases of the digestive system,"Cholangitis (primary sclerosing, PSC)",24774,78,1.19 [0.96-1.48],0.1153309060119158
CRACR2A,EF-hand calcium-binding domain-containing protein 4B,Chapter XI Diseases of the digestive system,"Cholangitis (primary sclerosing, PSC), with reimbursement 202",26711,78,1.18 [0.95-1.47],0.1307123439376922
CRACR2A,EF-hand calcium-binding domain-containing protein 4B,Chapter XI Diseases of the digestive system,Cholecystitis,24878,182,1.08 [0.93-1.25],0.2971548913735077
CRACR2A,EF-hand calcium-binding domain-containing protein 4B,Chapter XI Diseases of the digestive system,Cholelithiasis,25870,1174,1.02 [0.96-1.08],0.5647793237354379
CRACR2A,EF-hand calcium-binding domain-containing protein 4B,Chapter XI Diseases of the digestive system,Chronic gastritis,20618,337,1.12 [1.01-1.25],0.0350094493320771
CRACR2A,EF-hand calcium-binding domain-containing protein 4B,Chapter XI Diseases of the digestive system,Chronic pancreatitis,24736,40,1.03 [0.75-1.43],0.8388598005035951
CRACR2A,EF-hand calcium-binding domain-containing protein 4B,Chapter XI Diseases of the digestive system,"Cirrhosis of liver, NAS",27054,71,0.74 [0.57-0.98],0.0342358152353324
CRACR2A,EF-hand calcium-binding domain-containing protein 4B,Chapter XI Diseases of the digestive system,Coeliac disease,25607,149,0.99 [0.83-1.17],0.8894849846933627
CRACR2A,EF-hand calcium-binding domain-containing protein 4B,Chapter XI Diseases of the digestive system,Collagenous colitis,25251,111,0.96 [0.79-1.17],0.686173943362195
CRACR2A,EF-hand calcium-binding domain-containing protein 4B,Chapter XI Diseases of the digestive system,Colonic or urogenital fistula,26999,149,1.04 [0.88-1.23],0.6483160528281626
CRACR2A,EF-hand calcium-binding domain-containing protein 4B,Chapter XI Diseases of the digestive system,Constipation,26795,1714,1.02 [0.97-1.07],0.3790510938603306
CRACR2A,EF-hand calcium-binding domain-containing protein 4B,Chapter XI Diseases of the digestive system,Crohn disease,25234,94,1.02 [0.83-1.26],0.8349936914612631
CRACR2A,EF-hand calcium-binding domain-containing protein 4B,Chapter XI Diseases of the digestive system,"Crohn disease (strict definition, all UC cases excluded)",26781,70,1.02 [0.80-1.30],0.8858477590263826
CRACR2A,EF-hand calcium-binding domain-containing protein 4B,Chapter XI Diseases of the digestive system,Crohn's disease NAS,25237,97,1.03 [0.84-1.26],0.7936933902588986
CRACR2A,EF-hand calcium-binding domain-containing protein 4B,Chapter XI Diseases of the digestive system,Dental caries,26332,228,1.12 [0.99-1.27],0.0836407180125909
CRACR2A,EF-hand calcium-binding domain-containing protein 4B,Chapter XI Diseases of the digestive system,Diaphragmatic hernia,25530,2449,1.05 [1.01-1.10],0.0101176395327875
CRACR2A,EF-hand calcium-binding domain-containing protein 4B,Chapter XI Diseases of the digestive system,Diseases of appendix,26994,189,0.99 [0.85-1.15],0.909273237568145
CRACR2A,EF-hand calcium-binding domain-containing protein 4B,Chapter XI Diseases of the digestive system,Diseases of liver,27035,804,1.00 [0.93-1.07],0.9840394096793952
CRACR2A,EF-hand calcium-binding domain-containing protein 4B,Chapter XI Diseases of the digestive system,"Diseases of oesophagus, stomach and duodenum",24855,4574,1.01 [0.98-1.05],0.337965003551833
CRACR2A,EF-hand calcium-binding domain-containing protein 4B,Chapter XI Diseases of the digestive system,"Diseases of oral cavity, salivary glands and jaws",26677,573,1.07 [0.99-1.16],0.0994198761277934
CRACR2A,EF-hand calcium-binding domain-containing protein 4B,Chapter XI Diseases of the digestive system,Diseases of peritoneum,27013,528,0.98 [0.90-1.07],0.6947451745628079
CRACR2A,EF-hand calcium-binding domain-containing protein 4B,Chapter XI Diseases of the digestive system,Diseases of pulp and periapical tissues,26217,113,0.98 [0.80-1.18],0.799555737080321
CRACR2A,EF-hand calcium-binding domain-containing protein 4B,Chapter XI Diseases of the digestive system,Diseases of salivary glands,26069,65,0.89 [0.68-1.16],0.389331526726807
CRACR2A,EF-hand calcium-binding domain-containing protein 4B,Chapter XI Diseases of the digestive system,Diseases of the digestive system,26841,1383,1.02 [0.97-1.08],0.4700282600540081
CRACR2A,EF-hand calcium-binding domain-containing protein 4B,Chapter XI Diseases of the digestive system,Diseases of tongue,26078,110,0.89 [0.73-1.10],0.2801050345756085
CRACR2A,EF-hand calcium-binding domain-containing protein 4B,Chapter XI Diseases of the digestive system,"Disorders of gallbladder, biliary tract and pancreas",26276,1580,1.03 [0.98-1.08],0.3178353123309111
CRACR2A,EF-hand calcium-binding domain-containing protein 4B,Chapter XI Diseases of the digestive system,Diverticular disease of intestine,22475,3177,1.02 [0.98-1.06],0.2781846811418995
CRACR2A,EF-hand calcium-binding domain-containing protein 4B,Chapter XI Diseases of the digestive system,Duodenal ulcer,20408,127,1.06 [0.89-1.27],0.5014253504576208
CRACR2A,EF-hand calcium-binding domain-containing protein 4B,Chapter XI Diseases of the digestive system,"Duodenal ulcer - Unspecified as acute or chronic, without haemorrhage or perforation, drug-induced",27084,107,1.04 [0.86-1.27],0.6729792297198578
CRACR2A,EF-hand calcium-binding domain-containing protein 4B,Chapter XI Diseases of the digestive system,Embedded and impacted teeth,27034,60,1.18 [0.93-1.51],0.1754434384945639
CRACR2A,EF-hand calcium-binding domain-containing protein 4B,Chapter XI Diseases of the digestive system,Fibrosis and cirrhosis of liver,26323,92,0.79 [0.62-1.00],0.0506116412870132
CRACR2A,EF-hand calcium-binding domain-containing protein 4B,Chapter XI Diseases of the digestive system,Fissure and fistula of anal and rectal regions,19409,111,1.07 [0.88-1.29],0.5040277958227584
CRACR2A,EF-hand calcium-binding domain-containing protein 4B,Chapter XI Diseases of the digestive system,Functional dyspepsia,20936,655,1.08 [1.00-1.17],0.0434093963901243
CRACR2A,EF-hand calcium-binding domain-containing protein 4B,Chapter XI Diseases of the digestive system,Gastric ulcer,20626,345,1.07 [0.96-1.19],0.2218784277529084
CRACR2A,EF-hand calcium-binding domain-containing protein 4B,Chapter XI Diseases of the digestive system,Gastro-oesophageal reflux disease,23046,2765,1.01 [0.97-1.05],0.7231179001420063
CRACR2A,EF-hand calcium-binding domain-containing protein 4B,Chapter XI Diseases of the digestive system,Gastroduodenal ulcer,20747,466,1.06 [0.96-1.16],0.2291702617387562
CRACR2A,EF-hand calcium-binding domain-containing protein 4B,Chapter XI Diseases of the digestive system,Gastrointestinal diseases,21214,8369,1.02 [1.00-1.04],0.0562348141151343
CRACR2A,EF-hand calcium-binding domain-containing protein 4B,Chapter XI Diseases of the digestive system,GI-bleeding,26585,1127,1.03 [0.97-1.09],0.4171946998758261
CRACR2A,EF-hand calcium-binding domain-containing protein 4B,Chapter XI Diseases of the digestive system,Gingivitis and periodontal diseases,26167,63,0.92 [0.70-1.20],0.545570947682797
CRACR2A,EF-hand calcium-binding domain-containing protein 4B,Chapter XI Diseases of the digestive system,Haemorrhoids and perianal venous thrombosis,20263,1255,1.04 [0.99-1.11],0.1303876984263769
CRACR2A,EF-hand calcium-binding domain-containing protein 4B,Chapter XI Diseases of the digestive system,"Hepatic failure, not elsewhere classified",26272,41,0.91 [0.65-1.26],0.5592759608906628
CRACR2A,EF-hand calcium-binding domain-containing protein 4B,Chapter XI Diseases of the digestive system,Hernia,25958,2877,1.04 [1.00-1.08],0.0417412373469148
CRACR2A,EF-hand calcium-binding domain-containing protein 4B,Chapter XI Diseases of the digestive system,Impacted teeth,27044,55,1.19 [0.92-1.53],0.1877723202198722
CRACR2A,EF-hand calcium-binding domain-containing protein 4B,Chapter XI Diseases of the digestive system,Impaction of intestines,19362,64,1.18 [0.94-1.50],0.1563103650653836
CRACR2A,EF-hand calcium-binding domain-containing protein 4B,Chapter XI Diseases of the digestive system,Inguinal hernia,23243,162,0.86 [0.72-1.02],0.0885476169374146
CRACR2A,EF-hand calcium-binding domain-containing protein 4B,Chapter XI Diseases of the digestive system,Intestinal adhesions without obstruction,19399,101,0.80 [0.65-1.00],0.0532877208394198
CRACR2A,EF-hand calcium-binding domain-containing protein 4B,Chapter XI Diseases of the digestive system,Intestinal malabsorption,25629,171,0.99 [0.85-1.16],0.9394251576759172
CRACR2A,EF-hand calcium-binding domain-containing protein 4B,Chapter XI Diseases of the digestive system,Irritable bowel syndrome,20104,806,1.03 [0.96-1.11],0.346368523126642
CRACR2A,EF-hand calcium-binding domain-containing protein 4B,Chapter XI Diseases of the digestive system,Nonalcoholic fatty liver disease,27121,355,1.12 [1.01-1.24],0.0358069792959732
CRACR2A,EF-hand calcium-binding domain-containing protein 4B,Chapter XI Diseases of the digestive system,Noninfectious colitis NAS,25952,812,1.08 [1.01-1.16],0.0277620446342068
CRACR2A,EF-hand calcium-binding domain-containing protein 4B,Chapter XI Diseases of the digestive system,Noninfective enteritis and colitis,26236,1096,1.07 [1.00-1.13],0.0380870709359642
CRACR2A,EF-hand calcium-binding domain-containing protein 4B,Chapter XI Diseases of the digestive system,Oesophageal obstruction,20438,157,1.12 [0.96-1.31],0.1542885301891059
CRACR2A,EF-hand calcium-binding domain-containing protein 4B,Chapter XI Diseases of the digestive system,Oesophagitis,20850,569,1.02 [0.93-1.11],0.7190879296052537
CRACR2A,EF-hand calcium-binding domain-containing protein 4B,Chapter XI Diseases of the digestive system,Oral lichen ruber planus,27090,154,1.10 [0.94-1.29],0.2502723312285616
CRACR2A,EF-hand calcium-binding domain-containing protein 4B,Chapter XI Diseases of the digestive system,Other and unspecified abdominal hernia,23140,59,1.07 [0.83-1.39],0.6020495208430638
CRACR2A,EF-hand calcium-binding domain-containing protein 4B,Chapter XI Diseases of the digestive system,Other diseases of anus and rectum,20563,1265,1.03 [0.97-1.09],0.3414009702011762
CRACR2A,EF-hand calcium-binding domain-containing protein 4B,Chapter XI Diseases of the digestive system,Other diseases of biliary tract,24995,299,1.08 [0.96-1.21],0.2056402783795844
CRACR2A,EF-hand calcium-binding domain-containing protein 4B,Chapter XI Diseases of the digestive system,Other diseases of gallbladder,24888,192,0.98 [0.85-1.14],0.817262400751501
CRACR2A,EF-hand calcium-binding domain-containing protein 4B,Chapter XI Diseases of the digestive system,Other diseases of intestine,20879,1581,0.99 [0.94-1.04],0.6900088399149809
CRACR2A,EF-hand calcium-binding domain-containing protein 4B,Chapter XI Diseases of the digestive system,Other diseases of intestines,24982,5684,1.01 [0.98-1.03],0.6836243677423903
CRACR2A,EF-hand calcium-binding domain-containing protein 4B,Chapter XI Diseases of the digestive system,Other diseases of lip and oral mucosa,26070,228,1.09 [0.95-1.24],0.2176846695856124
CRACR2A,EF-hand calcium-binding domain-containing protein 4B,Chapter XI Diseases of the digestive system,Other diseases of liver,26907,676,1.02 [0.94-1.10],0.6776205263470809
CRACR2A,EF-hand calcium-binding domain-containing protein 4B,Chapter XI Diseases of the digestive system,Other diseases of oesophagus,20849,568,1.01 [0.92-1.10],0.8595331148818488
CRACR2A,EF-hand calcium-binding domain-containing protein 4B,Chapter XI Diseases of the digestive system,Other diseases of pancreas,24853,157,0.90 [0.76-1.07],0.2196294612512327
CRACR2A,EF-hand calcium-binding domain-containing protein 4B,Chapter XI Diseases of the digestive system,Other diseases of peritoneum,26949,464,0.98 [0.89-1.08],0.7414574829590675
CRACR2A,EF-hand calcium-binding domain-containing protein 4B,Chapter XI Diseases of the digestive system,Other diseases of stomach and duodenum,21351,1070,1.01 [0.95-1.07],0.7758197358608594
CRACR2A,EF-hand calcium-binding domain-containing protein 4B,Chapter XI Diseases of the digestive system,Other diseases of the digestive system,26601,1143,1.02 [0.96-1.09],0.4255712293008045
CRACR2A,EF-hand calcium-binding domain-containing protein 4B,Chapter XI Diseases of the digestive system,Other disorders of teeth and supporting structures,26290,186,1.10 [0.95-1.27],0.1835543064335232
CRACR2A,EF-hand calcium-binding domain-containing protein 4B,Chapter XI Diseases of the digestive system,Other functional intestinal disorders,21065,1767,1.03 [0.98-1.08],0.2929408060152709
CRACR2A,EF-hand calcium-binding domain-containing protein 4B,Chapter XI Diseases of the digestive system,Other gastritis (incl. Duodenitis),22387,2106,1.01 [0.97-1.06],0.6282506975226482
CRACR2A,EF-hand calcium-binding domain-containing protein 4B,Chapter XI Diseases of the digestive system,Other inflammatory liver diseases,26328,97,0.88 [0.71-1.10],0.2637078521034062
CRACR2A,EF-hand calcium-binding domain-containing protein 4B,Chapter XI Diseases of the digestive system,Other noninfective gastroenteritis and colitis,26105,965,1.06 [0.99-1.13],0.0827976140355145
CRACR2A,EF-hand calcium-binding domain-containing protein 4B,Chapter XI Diseases of the digestive system,"Other or unspecified ileus, impaction or obstruction",19624,326,0.99 [0.88-1.11],0.8563875027414358
CRACR2A,EF-hand calcium-binding domain-containing protein 4B,Chapter XI Diseases of the digestive system,Palatinal maxillary canine,27023,68,1.14 [0.90-1.44],0.2757508492127918
CRACR2A,EF-hand calcium-binding domain-containing protein 4B,Chapter XI Diseases of the digestive system,Paralytic ileus and intestinal obstruction,19787,489,0.95 [0.86-1.04],0.274107149123912
CRACR2A,EF-hand calcium-binding domain-containing protein 4B,Chapter XI Diseases of the digestive system,"Postprocedural disorders of digestive system, not elsewhere classified",25585,127,1.03 [0.86-1.23],0.7749292756687465
CRACR2A,EF-hand calcium-binding domain-containing protein 4B,Chapter XI Diseases of the digestive system,Recurring oral aphthae,27128,68,0.87 [0.67-1.13],0.2931995623836306
CRACR2A,EF-hand calcium-binding domain-containing protein 4B,Chapter XI Diseases of the digestive system,Stomatitis and related lesions,26104,124,0.93 [0.77-1.12],0.4449393148571995
CRACR2A,EF-hand calcium-binding domain-containing protein 4B,Chapter XI Diseases of the digestive system,Toxic colitis,25206,66,0.99 [0.77-1.28],0.9553300780139092
CRACR2A,EF-hand calcium-binding domain-containing protein 4B,Chapter XI Diseases of the digestive system,Ulcer of oesophagus,20514,233,1.18 [1.04-1.34],0.010754235507706
CRACR2A,EF-hand calcium-binding domain-containing protein 4B,Chapter XI Diseases of the digestive system,Ulcerative colitis,25304,164,1.07 [0.92-1.26],0.3666135168866171
CRACR2A,EF-hand calcium-binding domain-containing protein 4B,Chapter XI Diseases of the digestive system,"Ulcerative colitis, NAS",25275,135,1.08 [0.91-1.28],0.3774244043572243
CRACR2A,EF-hand calcium-binding domain-containing protein 4B,Chapter XI Diseases of the digestive system,Umbilical hernia,23252,171,0.96 [0.82-1.13],0.6564153309749425
CRACR2A,EF-hand calcium-binding domain-containing protein 4B,Chapter XI Diseases of the digestive system,Vascular disorders of the intestines,19489,191,0.94 [0.80-1.09],0.3912999207250801
CRACR2A,EF-hand calcium-binding domain-containing protein 4B,Chapter XI Diseases of the digestive system,Ventral hernia,23329,248,1.04 [0.91-1.18],0.5964412446306869
CRACR2A,EF-hand calcium-binding domain-containing protein 4B,Chapter XI Diseases of the digestive system,Volvulus,19383,85,0.96 [0.77-1.20],0.7240359594540098
CRACR2A,EF-hand calcium-binding domain-containing protein 4B,Chapter XII Diseases of the skin and subcutaneous tissue,Actinic keratosis,27051,258,1.06 [0.93-1.20],0.3872571427904848
CRACR2A,EF-hand calcium-binding domain-containing protein 4B,Chapter XII Diseases of the skin and subcutaneous tissue,Arthropathic psoriasis,26820,74,0.93 [0.73-1.19],0.574283295545116
CRACR2A,EF-hand calcium-binding domain-containing protein 4B,Chapter XII Diseases of the skin and subcutaneous tissue,Atrophic disorders of skin,25087,219,1.11 [0.97-1.26],0.1361566043146444
CRACR2A,EF-hand calcium-binding domain-containing protein 4B,Chapter XII Diseases of the skin and subcutaneous tissue,Cellulitis,26613,622,1.00 [0.92-1.09],0.9569992706017948
CRACR2A,EF-hand calcium-binding domain-containing protein 4B,Chapter XII Diseases of the skin and subcutaneous tissue,"Cutaneous abscess, furuncle and carbuncle",26132,141,0.99 [0.83-1.18],0.913883939136952
CRACR2A,EF-hand calcium-binding domain-containing protein 4B,Chapter XII Diseases of the skin and subcutaneous tissue,Decubitus ulcer and pressure area,25196,328,1.07 [0.96-1.19],0.2427645928974267
CRACR2A,EF-hand calcium-binding domain-containing protein 4B,Chapter XII Diseases of the skin and subcutaneous tissue,Dermatitis,26825,277,1.13 [1.00-1.27],0.0447687675587293
CRACR2A,EF-hand calcium-binding domain-containing protein 4B,Chapter XII Diseases of the skin and subcutaneous tissue,Dermatitis and eczema,27027,479,1.06 [0.97-1.16],0.2190215706117105
CRACR2A,EF-hand calcium-binding domain-containing protein 4B,Chapter XII Diseases of the skin and subcutaneous tissue,Dermatitis due to substances taken internally,26599,51,1.18 [0.90-1.53],0.2246272859678703
CRACR2A,EF-hand calcium-binding domain-containing protein 4B,Chapter XII Diseases of the skin and subcutaneous tissue,Diseases of the skin and subcutaneous tissue,25544,3142,1.04 [1.00-1.08],0.0452602692580804
CRACR2A,EF-hand calcium-binding domain-containing protein 4B,Chapter XII Diseases of the skin and subcutaneous tissue,Disorders of skin appendages,26685,472,1.06 [0.97-1.17],0.1793669729826985
CRACR2A,EF-hand calcium-binding domain-containing protein 4B,Chapter XII Diseases of the skin and subcutaneous tissue,Follicular cysts of skin and subcutaneous tissue,26542,329,1.10 [0.99-1.23],0.0741879546600402
CRACR2A,EF-hand calcium-binding domain-containing protein 4B,Chapter XII Diseases of the skin and subcutaneous tissue,Infections of the skin and subcutaneous tissue,26825,834,0.99 [0.92-1.06],0.7989656375072891
CRACR2A,EF-hand calcium-binding domain-containing protein 4B,Chapter XII Diseases of the skin and subcutaneous tissue,"Lichen planus, including avohilmo",27115,75,1.06 [0.84-1.34],0.6271687402942107
CRACR2A,EF-hand calcium-binding domain-containing protein 4B,Chapter XII Diseases of the skin and subcutaneous tissue,Lupus erythematosus,24958,90,0.91 [0.72-1.14],0.4021821594630913
CRACR2A,EF-hand calcium-binding domain-containing protein 4B,Chapter XII Diseases of the skin and subcutaneous tissue,Nail disorders,26258,45,1.14 [0.85-1.52],0.3842703668791378
CRACR2A,EF-hand calcium-binding domain-containing protein 4B,Chapter XII Diseases of the skin and subcutaneous tissue,Other and unspecified dermatitis,26810,262,1.13 [1.00-1.27],0.0550114777568177
CRACR2A,EF-hand calcium-binding domain-containing protein 4B,Chapter XII Diseases of the skin and subcutaneous tissue,Other and unspecified disorders of skin and subcutaneous tissue,25282,414,1.06 [0.97-1.17],0.2107760052738784
CRACR2A,EF-hand calcium-binding domain-containing protein 4B,Chapter XII Diseases of the skin and subcutaneous tissue,Other and unspecified epidermal thickening,24914,46,0.92 [0.67-1.26],0.6079245811072896
CRACR2A,EF-hand calcium-binding domain-containing protein 4B,Chapter XII Diseases of the skin and subcutaneous tissue,Other and unspecified erythematous conditions,27032,83,0.92 [0.72-1.16],0.4662388699328794
CRACR2A,EF-hand calcium-binding domain-containing protein 4B,Chapter XII Diseases of the skin and subcutaneous tissue,Other and unspecified local infections of skin and subcutaneous tissue,26148,157,1.07 [0.91-1.25],0.4117422684393236
CRACR2A,EF-hand calcium-binding domain-containing protein 4B,Chapter XII Diseases of the skin and subcutaneous tissue,Other and unspecified psoriasis,26910,164,0.80 [0.68-0.96],0.0145553611012967
CRACR2A,EF-hand calcium-binding domain-containing protein 4B,Chapter XII Diseases of the skin and subcutaneous tissue,Other contact dermatitis,26602,54,0.94 [0.70-1.26],0.6830541746166409
CRACR2A,EF-hand calcium-binding domain-containing protein 4B,Chapter XII Diseases of the skin and subcutaneous tissue,Other disorders of pigmentation,24931,63,1.17 [0.92-1.48],0.2085231880977183
CRACR2A,EF-hand calcium-binding domain-containing protein 4B,Chapter XII Diseases of the skin and subcutaneous tissue,Other disorders of skin and subcutaneous tissue,26448,1580,1.04 [0.98-1.09],0.1826096636878069
CRACR2A,EF-hand calcium-binding domain-containing protein 4B,Chapter XII Diseases of the skin and subcutaneous tissue,"Other disorders of skin and subcutaneous tissue, not elsewhere classified",25316,448,1.05 [0.95-1.15],0.3406593459360817
CRACR2A,EF-hand calcium-binding domain-containing protein 4B,Chapter XII Diseases of the skin and subcutaneous tissue,Other epidermal thickening,24918,50,0.92 [0.68-1.25],0.5987404771081584
CRACR2A,EF-hand calcium-binding domain-containing protein 4B,Chapter XII Diseases of the skin and subcutaneous tissue,Papulosquamous disorders,27051,305,0.95 [0.84-1.07],0.4306484957033101
CRACR2A,EF-hand calcium-binding domain-containing protein 4B,Chapter XII Diseases of the skin and subcutaneous tissue,Pruritus,26630,82,0.98 [0.78-1.23],0.8299340943498146
CRACR2A,EF-hand calcium-binding domain-containing protein 4B,Chapter XII Diseases of the skin and subcutaneous tissue,Psoriasis,26980,234,0.92 [0.80-1.06],0.2303283812524749
CRACR2A,EF-hand calcium-binding domain-containing protein 4B,Chapter XII Diseases of the skin and subcutaneous tissue,Radiation-related disorders of the skin and subcutaneous tissue,27087,294,1.05 [0.94-1.18],0.3954289116062349
CRACR2A,EF-hand calcium-binding domain-containing protein 4B,Chapter XII Diseases of the skin and subcutaneous tissue,Scar conditions and fibrosis of skin,25028,160,1.16 [1.00-1.35],0.0539794633314595
CRACR2A,EF-hand calcium-binding domain-containing protein 4B,Chapter XII Diseases of the skin and subcutaneous tissue,Seborrhoeic keratosis,25128,260,1.05 [0.92-1.19],0.467488048769333
CRACR2A,EF-hand calcium-binding domain-containing protein 4B,Chapter XII Diseases of the skin and subcutaneous tissue,Skin changes due to chronic exposure to nonionizing radiation,27073,280,1.04 [0.92-1.17],0.550540399680153
CRACR2A,EF-hand calcium-binding domain-containing protein 4B,Chapter XII Diseases of the skin and subcutaneous tissue,"Ulcer of lower limb, not elsewhere classified",25064,196,1.03 [0.89-1.20],0.6500516225118023
CRACR2A,EF-hand calcium-binding domain-containing protein 4B,Chapter XII Diseases of the skin and subcutaneous tissue,Urticaria and erythema,27100,151,0.97 [0.82-1.15],0.7092756939681761
CRACR2A,EF-hand calcium-binding domain-containing protein 4B,Chapter XIII Diseases of the musculoskeletal system and connective tissue,Adhesive capsulitis of shoulder,23152,127,1.07 [0.89-1.27],0.4671799155456591
CRACR2A,EF-hand calcium-binding domain-containing protein 4B,Chapter XIII Diseases of the musculoskeletal system and connective tissue,Arthropathies,24662,6332,1.01 [0.98-1.03],0.6304559403095239
CRACR2A,EF-hand calcium-binding domain-containing protein 4B,Chapter XIII Diseases of the musculoskeletal system and connective tissue,Arthrosis,23274,4944,1.02 [0.99-1.05],0.207972083365506
CRACR2A,EF-hand calcium-binding domain-containing protein 4B,Chapter XIII Diseases of the musculoskeletal system and connective tissue,Bursitis of shoulder,23100,75,0.89 [0.70-1.14],0.3623089724071349
CRACR2A,EF-hand calcium-binding domain-containing protein 4B,Chapter XIII Diseases of the musculoskeletal system and connective tissue,Cervical disc disorders,23270,152,1.08 [0.92-1.26],0.3680827101651475
CRACR2A,EF-hand calcium-binding domain-containing protein 4B,Chapter XIII Diseases of the musculoskeletal system and connective tissue,Cervicalgia,23326,208,1.04 [0.91-1.20],0.5765604263457509
CRACR2A,EF-hand calcium-binding domain-containing protein 4B,Chapter XIII Diseases of the musculoskeletal system and connective tissue,Chondropathies,26848,113,0.88 [0.72-1.08],0.2085246360355042
CRACR2A,EF-hand calcium-binding domain-containing protein 4B,Chapter XIII Diseases of the musculoskeletal system and connective tissue,"Collapsed vertebra, not elsewhere classified",23232,114,0.93 [0.77-1.14],0.5041742995861782
CRACR2A,EF-hand calcium-binding domain-containing protein 4B,Chapter XIII Diseases of the musculoskeletal system and connective tissue,Coxarthrosis,19693,1363,1.02 [0.96-1.08],0.5317593087444968
CRACR2A,EF-hand calcium-binding domain-containing protein 4B,Chapter XIII Diseases of the musculoskeletal system and connective tissue,"Coxarthrosis, primary",26985,220,1.13 [0.99-1.29],0.0634884278394892
CRACR2A,EF-hand calcium-binding domain-containing protein 4B,Chapter XIII Diseases of the musculoskeletal system and connective tissue,Deforming dorsopathies,23725,607,1.05 [0.96-1.14],0.2726456170439819
CRACR2A,EF-hand calcium-binding domain-containing protein 4B,Chapter XIII Diseases of the musculoskeletal system and connective tissue,Diseases of the musculoskeletal system and connective tissue,22820,8037,1.00 [0.98-1.03],0.8624669611720562
CRACR2A,EF-hand calcium-binding domain-containing protein 4B,Chapter XIII Diseases of the musculoskeletal system and connective tissue,Disorders of continuity of bone,24310,137,0.92 [0.77-1.10],0.3596313163221508
CRACR2A,EF-hand calcium-binding domain-containing protein 4B,Chapter XIII Diseases of the musculoskeletal system and connective tissue,Disorders of muscles,23156,131,1.07 [0.90-1.27],0.4588542806711763
CRACR2A,EF-hand calcium-binding domain-containing protein 4B,Chapter XIII Diseases of the musculoskeletal system and connective tissue,Disorders of synovium and tendon,23709,684,1.04 [0.96-1.12],0.3605968263043634
CRACR2A,EF-hand calcium-binding domain-containing protein 4B,Chapter XIII Diseases of the musculoskeletal system and connective tissue,Dorsopathies,26125,3007,1.02 [0.98-1.06],0.3394241736801989
CRACR2A,EF-hand calcium-binding domain-containing protein 4B,Chapter XIII Diseases of the musculoskeletal system and connective tissue,Fibroblastic disorders,23198,173,0.96 [0.82-1.13],0.649208433305557
CRACR2A,EF-hand calcium-binding domain-containing protein 4B,Chapter XIII Diseases of the musculoskeletal system and connective tissue,Fibromyalgia,23396,371,1.06 [0.96-1.18],0.2447600738414329
CRACR2A,EF-hand calcium-binding domain-containing protein 4B,Chapter XIII Diseases of the musculoskeletal system and connective tissue,Ganglion,23192,167,1.11 [0.96-1.29],0.1654645658180837
CRACR2A,EF-hand calcium-binding domain-containing protein 4B,Chapter XIII Diseases of the musculoskeletal system and connective tissue,Giant cell arteritis,26207,102,0.79 [0.63-0.99],0.0405721125851344
CRACR2A,EF-hand calcium-binding domain-containing protein 4B,Chapter XIII Diseases of the musculoskeletal system and connective tissue,Gonarthrosis,20189,1859,1.01 [0.96-1.06],0.6465083797378441
CRACR2A,EF-hand calcium-binding domain-containing protein 4B,Chapter XIII Diseases of the musculoskeletal system and connective tissue,Gout,18552,222,1.14 [1.00-1.31],0.0443579977920767
CRACR2A,EF-hand calcium-binding domain-containing protein 4B,Chapter XIII Diseases of the musculoskeletal system and connective tissue,"Gout, unspecified",27125,219,1.13 [0.99-1.29],0.0789965271407847
CRACR2A,EF-hand calcium-binding domain-containing protein 4B,Chapter XIII Diseases of the musculoskeletal system and connective tissue,Hallux rigidus,18427,97,1.05 [0.85-1.29],0.6511367179519028
CRACR2A,EF-hand calcium-binding domain-containing protein 4B,Chapter XIII Diseases of the musculoskeletal system and connective tissue,Hallux valgus (acquired),18904,574,0.96 [0.88-1.05],0.3539857426589095
CRACR2A,EF-hand calcium-binding domain-containing protein 4B,Chapter XIII Diseases of the musculoskeletal system and connective tissue,Impingement syndrome of shoulder,23358,333,0.96 [0.86-1.08],0.5156394995296896
CRACR2A,EF-hand calcium-binding domain-containing protein 4B,Chapter XIII Diseases of the musculoskeletal system and connective tissue,Internal derangement of knee,18956,626,0.96 [0.89-1.05],0.4018391350139954
CRACR2A,EF-hand calcium-binding domain-containing protein 4B,Chapter XIII Diseases of the musculoskeletal system and connective tissue,Kyphosis,23186,68,1.04 [0.82-1.33],0.7448925610107611
CRACR2A,EF-hand calcium-binding domain-containing protein 4B,Chapter XIII Diseases of the musculoskeletal system and connective tissue,Low back pain,23825,707,1.04 [0.96-1.12],0.3631817570514343
CRACR2A,EF-hand calcium-binding domain-containing protein 4B,Chapter XIII Diseases of the musculoskeletal system and connective tissue,Lumbar disc prolapse,23453,335,1.13 [1.01-1.25],0.0278013230500125
CRACR2A,EF-hand calcium-binding domain-containing protein 4B,Chapter XIII Diseases of the musculoskeletal system and connective tissue,Meniscus derangement,18914,584,0.98 [0.90-1.06],0.5962295042533962
CRACR2A,EF-hand calcium-binding domain-containing protein 4B,Chapter XIII Diseases of the musculoskeletal system and connective tissue,Myalgia,23115,90,1.13 [0.92-1.39],0.2316094416231764
CRACR2A,EF-hand calcium-binding domain-containing protein 4B,Chapter XIII Diseases of the musculoskeletal system and connective tissue,"Neuralgia and neuritis, unspecified",23094,69,1.04 [0.81-1.33],0.7594473786649305
CRACR2A,EF-hand calcium-binding domain-containing protein 4B,Chapter XIII Diseases of the musculoskeletal system and connective tissue,Osteomyelitis,24219,46,1.22 [0.93-1.61],0.1537507149153329
CRACR2A,EF-hand calcium-binding domain-containing protein 4B,Chapter XIII Diseases of the musculoskeletal system and connective tissue,Osteopathies and chondropathies,26660,2487,0.98 [0.94-1.02],0.4039120737873469
CRACR2A,EF-hand calcium-binding domain-containing protein 4B,Chapter XIII Diseases of the musculoskeletal system and connective tissue,Osteoporosis,25970,1797,0.99 [0.94-1.04],0.6164423101905572
CRACR2A,EF-hand calcium-binding domain-containing protein 4B,Chapter XIII Diseases of the musculoskeletal system and connective tissue,"Other (seronegative) rheumatoid arthritis, wide",26937,604,1.10 [1.01-1.19],0.0202093091255615
CRACR2A,EF-hand calcium-binding domain-containing protein 4B,Chapter XIII Diseases of the musculoskeletal system and connective tissue,Other arthrosis,21341,3011,1.02 [0.98-1.06],0.255020536648893
CRACR2A,EF-hand calcium-binding domain-containing protein 4B,Chapter XIII Diseases of the musculoskeletal system and connective tissue,Other articular cartilage disorders,18402,72,0.96 [0.75-1.23],0.7655555576850877
CRACR2A,EF-hand calcium-binding domain-containing protein 4B,Chapter XIII Diseases of the musculoskeletal system and connective tissue,Other bursopathies,23126,101,1.25 [1.04-1.50],0.0179450897798947
CRACR2A,EF-hand calcium-binding domain-containing protein 4B,Chapter XIII Diseases of the musculoskeletal system and connective tissue,Other crystal arthropathies,18373,43,0.89 [0.64-1.25],0.5092539692911047
CRACR2A,EF-hand calcium-binding domain-containing protein 4B,Chapter XIII Diseases of the musculoskeletal system and connective tissue,Other deformities of toe(s),18531,201,1.01 [0.87-1.16],0.9285112302448169
CRACR2A,EF-hand calcium-binding domain-containing protein 4B,Chapter XIII Diseases of the musculoskeletal system and connective tissue,Other disorders of bone,24461,288,0.90 [0.79-1.02],0.1007739052766178
CRACR2A,EF-hand calcium-binding domain-containing protein 4B,Chapter XIII Diseases of the musculoskeletal system and connective tissue,Other disorders of bone density and structure,24756,583,0.98 [0.90-1.06],0.579169199929507
CRACR2A,EF-hand calcium-binding domain-containing protein 4B,Chapter XIII Diseases of the musculoskeletal system and connective tissue,Other disorders of the musculoskeletal system and connective tissue,27106,112,1.05 [0.86-1.27],0.6477360027075507
CRACR2A,EF-hand calcium-binding domain-containing protein 4B,Chapter XIII Diseases of the musculoskeletal system and connective tissue,"Other dorsopathies, not elsewhere classified",25140,2022,1.03 [0.98-1.08],0.2324692961516125
CRACR2A,EF-hand calcium-binding domain-containing protein 4B,Chapter XIII Diseases of the musculoskeletal system and connective tissue,Other enthesopathies,23156,131,1.16 [0.98-1.37],0.0840586934422281
CRACR2A,EF-hand calcium-binding domain-containing protein 4B,Chapter XIII Diseases of the musculoskeletal system and connective tissue,Other hammer toe(s) (acquired),18560,230,0.93 [0.81-1.07],0.3067555807885773
CRACR2A,EF-hand calcium-binding domain-containing protein 4B,Chapter XIII Diseases of the musculoskeletal system and connective tissue,Other intervertebral disc disorders,23932,814,1.04 [0.96-1.11],0.339167084349856
CRACR2A,EF-hand calcium-binding domain-containing protein 4B,Chapter XIII Diseases of the musculoskeletal system and connective tissue,Other joint disorders,20845,2515,0.99 [0.95-1.04],0.7610158575282105
CRACR2A,EF-hand calcium-binding domain-containing protein 4B,Chapter XIII Diseases of the musculoskeletal system and connective tissue,Other necrotizing vasculopathies,26230,125,0.83 [0.68-1.02],0.0727713054286064
CRACR2A,EF-hand calcium-binding domain-containing protein 4B,Chapter XIII Diseases of the musculoskeletal system and connective tissue,Other psoriatic arthropathies,27117,74,0.95 [0.75-1.22],0.7009857102095212
CRACR2A,EF-hand calcium-binding domain-containing protein 4B,Chapter XIII Diseases of the musculoskeletal system and connective tissue,Other shoulder lesions,23106,81,0.82 [0.64-1.05],0.1154866650994497
CRACR2A,EF-hand calcium-binding domain-containing protein 4B,Chapter XIII Diseases of the musculoskeletal system and connective tissue,"Other soft tissue disorders, not elsewhere classified",24484,1459,1.04 [0.99-1.10],0.1516010937250811
CRACR2A,EF-hand calcium-binding domain-containing protein 4B,Chapter XIII Diseases of the musculoskeletal system and connective tissue,Other specified disorders of muscle,23106,81,1.01 [0.81-1.27],0.9093898571134926
CRACR2A,EF-hand calcium-binding domain-containing protein 4B,Chapter XIII Diseases of the musculoskeletal system and connective tissue,Other specified/unspecified arthritis,20309,1979,1.06 [1.01-1.11],0.0123251994922761
CRACR2A,EF-hand calcium-binding domain-containing protein 4B,Chapter XIII Diseases of the musculoskeletal system and connective tissue,Other specified/unspecified disorders of  bone/cartilage,24307,134,0.96 [0.80-1.15],0.63949067479978
CRACR2A,EF-hand calcium-binding domain-containing protein 4B,Chapter XIII Diseases of the musculoskeletal system and connective tissue,Other specified/unspecified disorders of synovium and tendon +Other specified/unspecified bursopathies,23089,64,1.06 [0.83-1.37],0.6243528469825115
CRACR2A,EF-hand calcium-binding domain-containing protein 4B,Chapter XIII Diseases of the musculoskeletal system and connective tissue,Other specified/unspecified inflammatory spondylopathies,23311,193,0.95 [0.81-1.10],0.4836745928551069
CRACR2A,EF-hand calcium-binding domain-containing protein 4B,Chapter XIII Diseases of the musculoskeletal system and connective tissue,Other specified/unspecified soft tissue disorders,23609,584,1.00 [0.92-1.09],0.9887080230910618
CRACR2A,EF-hand calcium-binding domain-containing protein 4B,Chapter XIII Diseases of the musculoskeletal system and connective tissue,Other systemic involvement of connective tissue,26603,498,1.06 [0.97-1.16],0.1952330836114687
CRACR2A,EF-hand calcium-binding domain-containing protein 4B,Chapter XIII Diseases of the musculoskeletal system and connective tissue,Other/unspecified dorsalgia,23762,644,1.02 [0.94-1.10],0.687545009352657
CRACR2A,EF-hand calcium-binding domain-containing protein 4B,Chapter XIII Diseases of the musculoskeletal system and connective tissue,Other/unspecified rheumatoid arthritis,26952,585,1.11 [1.03-1.21],0.0090606772500481
CRACR2A,EF-hand calcium-binding domain-containing protein 4B,Chapter XIII Diseases of the musculoskeletal system and connective tissue,Other/unspecified seropositive rheumatoid arthritis,27107,69,1.08 [0.85-1.38],0.5186882791130947
CRACR2A,EF-hand calcium-binding domain-containing protein 4B,Chapter XIII Diseases of the musculoskeletal system and connective tissue,Other/unspecified synovitis and tenosynovitis,23251,226,0.99 [0.86-1.13],0.8518405672605903
CRACR2A,EF-hand calcium-binding domain-containing protein 4B,Chapter XIII Diseases of the musculoskeletal system and connective tissue,Pain in joint,20821,901,1.03 [0.96-1.10],0.3917184645998727
CRACR2A,EF-hand calcium-binding domain-containing protein 4B,Chapter XIII Diseases of the musculoskeletal system and connective tissue,Pain in limb,23690,665,1.02 [0.94-1.11],0.590020639272467
CRACR2A,EF-hand calcium-binding domain-containing protein 4B,Chapter XIII Diseases of the musculoskeletal system and connective tissue,Palmar fascial fibromatosis [Dupuytren],23148,123,1.01 [0.84-1.22],0.9157186233507264
CRACR2A,EF-hand calcium-binding domain-containing protein 4B,Chapter XIII Diseases of the musculoskeletal system and connective tissue,"Polyarthritis, unspecified",18406,76,0.92 [0.72-1.17],0.4972673908748646
CRACR2A,EF-hand calcium-binding domain-containing protein 4B,Chapter XIII Diseases of the musculoskeletal system and connective tissue,Polyarthropathies,20960,2630,1.05 [1.01-1.09],0.0104968294318385
CRACR2A,EF-hand calcium-binding domain-containing protein 4B,Chapter XIII Diseases of the musculoskeletal system and connective tissue,Polyarthrosis,19164,834,1.03 [0.96-1.11],0.3841110348310577
CRACR2A,EF-hand calcium-binding domain-containing protein 4B,Chapter XIII Diseases of the musculoskeletal system and connective tissue,Polymyalgia rheumatica,26398,293,1.07 [0.95-1.20],0.2795263795314848
CRACR2A,EF-hand calcium-binding domain-containing protein 4B,Chapter XIII Diseases of the musculoskeletal system and connective tissue,"Postprocedural musculoskeletal disorders, not elsewhere classified",27079,85,1.06 [0.85-1.32],0.598205168899214
CRACR2A,EF-hand calcium-binding domain-containing protein 4B,Chapter XIII Diseases of the musculoskeletal system and connective tissue,"Primary gonarthrosis, bilateral",24859,53,1.29 [1.01-1.66],0.0446127435782883
CRACR2A,EF-hand calcium-binding domain-containing protein 4B,Chapter XIII Diseases of the musculoskeletal system and connective tissue,Psoriatic arthropathies,18404,74,0.96 [0.75-1.22],0.7419252968044051
CRACR2A,EF-hand calcium-binding domain-containing protein 4B,Chapter XIII Diseases of the musculoskeletal system and connective tissue,Radiculopathy,23231,113,1.15 [0.96-1.38],0.118392679313307
CRACR2A,EF-hand calcium-binding domain-containing protein 4B,Chapter XIII Diseases of the musculoskeletal system and connective tissue,Rheumatoid arthritis,18937,607,1.11 [1.03-1.20],0.0100928512792903
CRACR2A,EF-hand calcium-binding domain-containing protein 4B,Chapter XIII Diseases of the musculoskeletal system and connective tissue,Rotator cuff syndrome,23359,334,0.95 [0.85-1.07],0.4146026326466415
CRACR2A,EF-hand calcium-binding domain-containing protein 4B,Chapter XIII Diseases of the musculoskeletal system and connective tissue,Sciatica+with lumbago,23400,282,1.05 [0.94-1.19],0.3822018945766194
CRACR2A,EF-hand calcium-binding domain-containing protein 4B,Chapter XIII Diseases of the musculoskeletal system and connective tissue,Scoliosis,23400,282,1.03 [0.92-1.17],0.5918852988651216
CRACR2A,EF-hand calcium-binding domain-containing protein 4B,Chapter XIII Diseases of the musculoskeletal system and connective tissue,Seronegative rheumatoid arthritis,20969,87,1.15 [0.93-1.41],0.1983678619244385
CRACR2A,EF-hand calcium-binding domain-containing protein 4B,Chapter XIII Diseases of the musculoskeletal system and connective tissue,"Seropositive rheumatoid arthritis, wide",27114,76,1.05 [0.83-1.32],0.7051126894133031
CRACR2A,EF-hand calcium-binding domain-containing protein 4B,Chapter XIII Diseases of the musculoskeletal system and connective tissue,Shoulder lesions,23665,640,0.98 [0.90-1.06],0.6382763249685239
CRACR2A,EF-hand calcium-binding domain-containing protein 4B,Chapter XIII Diseases of the musculoskeletal system and connective tissue,Sicca syndrome [Sjgren],26265,160,1.05 [0.89-1.23],0.5612316904476032
CRACR2A,EF-hand calcium-binding domain-containing protein 4B,Chapter XIII Diseases of the musculoskeletal system and connective tissue,Soft tissue disorders,25821,2796,1.02 [0.98-1.06],0.3382938941221704
CRACR2A,EF-hand calcium-binding domain-containing protein 4B,Chapter XIII Diseases of the musculoskeletal system and connective tissue,"Soft tissue disorders related to use, overuse and pressure",23182,157,0.84 [0.70-1.00],0.0534688049645938
CRACR2A,EF-hand calcium-binding domain-containing protein 4B,Chapter XIII Diseases of the musculoskeletal system and connective tissue,Spinal stenosis,23697,579,1.05 [0.96-1.14],0.2865135867823735
CRACR2A,EF-hand calcium-binding domain-containing protein 4B,Chapter XIII Diseases of the musculoskeletal system and connective tissue,Spondyloarthritis,25436,258,0.93 [0.82-1.06],0.2950524215904913
CRACR2A,EF-hand calcium-binding domain-containing protein 4B,Chapter XIII Diseases of the musculoskeletal system and connective tissue,Spondylolisthesis/Spondylolysis,23393,275,1.07 [0.95-1.21],0.263823877111973
CRACR2A,EF-hand calcium-binding domain-containing protein 4B,Chapter XIII Diseases of the musculoskeletal system and connective tissue,Spondylopathies,24875,1757,0.99 [0.94-1.04],0.7411587929662442
CRACR2A,EF-hand calcium-binding domain-containing protein 4B,Chapter XIII Diseases of the musculoskeletal system and connective tissue,Spondylosis,24314,1196,1.00 [0.94-1.06],0.9925746000016636
CRACR2A,EF-hand calcium-binding domain-containing protein 4B,Chapter XIII Diseases of the musculoskeletal system and connective tissue,Synovial cyst of popliteal space [Baker],23088,63,1.08 [0.84-1.39],0.5362002809404368
CRACR2A,EF-hand calcium-binding domain-containing protein 4B,Chapter XIII Diseases of the musculoskeletal system and connective tissue,Systemic lupus erythematosus,26323,218,0.94 [0.82-1.08],0.3919927610306917
CRACR2A,EF-hand calcium-binding domain-containing protein 4B,Chapter XIII Diseases of the musculoskeletal system and connective tissue,Trigger finger,23226,201,0.97 [0.84-1.13],0.6964386763046967
CRACR2A,EF-hand calcium-binding domain-containing protein 4B,Chapter XIII Diseases of the musculoskeletal system and connective tissue,Trochanteric bursitis,23153,128,0.85 [0.70-1.03],0.1039910857395068
CRACR2A,EF-hand calcium-binding domain-containing protein 4B,Chapter XIII Diseases of the musculoskeletal system and connective tissue,Wrist or foot drop (acquired),18384,54,1.16 [0.90-1.51],0.253175542358206
CRACR2A,EF-hand calcium-binding domain-containing protein 4B,Chapter XIV Diseases of the genitourinary system,Acute renal failure,26070,1240,1.10 [1.04-1.16],0.001421974760709
CRACR2A,EF-hand calcium-binding domain-containing protein 4B,Chapter XIV Diseases of the genitourinary system,Adenomyosis (Endometriosis of uterus),20292,100,0.90 [0.73-1.11],0.3415910735462784
CRACR2A,EF-hand calcium-binding domain-containing protein 4B,Chapter XIV Diseases of the genitourinary system,Benign mammary dysplasia,26439,112,0.98 [0.81-1.19],0.8289247879194173
CRACR2A,EF-hand calcium-binding domain-containing protein 4B,Chapter XIV Diseases of the genitourinary system,Calculus of kidney and ureter,26976,233,1.09 [0.96-1.24],0.1811732931265556
CRACR2A,EF-hand calcium-binding domain-containing protein 4B,Chapter XIV Diseases of the genitourinary system,Calculus of lower urinary tract,26770,27,0.55 [0.34-0.90],0.0169419317283342
CRACR2A,EF-hand calcium-binding domain-containing protein 4B,Chapter XIV Diseases of the genitourinary system,Chronic kidney disease,26307,1477,1.06 [1.00-1.12],0.0322390129609073
CRACR2A,EF-hand calcium-binding domain-containing protein 4B,Chapter XIV Diseases of the genitourinary system,Chronic nephritic syndrome,26962,79,1.12 [0.90-1.40],0.3242695131233651
CRACR2A,EF-hand calcium-binding domain-containing protein 4B,Chapter XIV Diseases of the genitourinary system,Cyst of kidney,26929,242,0.97 [0.85-1.11],0.6973062627889082
CRACR2A,EF-hand calcium-binding domain-containing protein 4B,Chapter XIV Diseases of the genitourinary system,Cystitis,23944,254,0.91 [0.80-1.04],0.1649924551190443
CRACR2A,EF-hand calcium-binding domain-containing protein 4B,Chapter XIV Diseases of the genitourinary system,Dialysis,24883,53,1.36 [1.07-1.74],0.0124674996796071
CRACR2A,EF-hand calcium-binding domain-containing protein 4B,Chapter XIV Diseases of the genitourinary system,Disorders of breast,26666,339,0.98 [0.88-1.10],0.7233806264650358
CRACR2A,EF-hand calcium-binding domain-containing protein 4B,Chapter XIV Diseases of the genitourinary system,Endometriosis,20368,176,0.95 [0.82-1.12],0.5608385610163393
CRACR2A,EF-hand calcium-binding domain-containing protein 4B,Chapter XIV Diseases of the genitourinary system,"Excessive, frequent and irregular menstruation",20583,391,0.92 [0.82-1.02],0.121415966784931
CRACR2A,EF-hand calcium-binding domain-containing protein 4B,Chapter XIV Diseases of the genitourinary system,Female genital prolapse,21189,997,1.01 [0.95-1.08],0.7158410151950518
CRACR2A,EF-hand calcium-binding domain-containing protein 4B,Chapter XIV Diseases of the genitourinary system,Genitourinary diseases,21121,5020,1.02 [0.99-1.05],0.1170896430483556
CRACR2A,EF-hand calcium-binding domain-containing protein 4B,Chapter XIV Diseases of the genitourinary system,Glomerular disorders in diseases classified elsewhere,26949,66,1.25 [1.00-1.57],0.0496145313168014
CRACR2A,EF-hand calcium-binding domain-containing protein 4B,Chapter XIV Diseases of the genitourinary system,Hydronephrosis,24708,207,1.02 [0.88-1.17],0.7927714621457708
CRACR2A,EF-hand calcium-binding domain-containing protein 4B,Chapter XIV Diseases of the genitourinary system,Inflammatory diseases of female pelvic organs,26597,393,0.96 [0.86-1.07],0.4350813617731286
CRACR2A,EF-hand calcium-binding domain-containing protein 4B,Chapter XIV Diseases of the genitourinary system,Irregular menses,26670,126,0.80 [0.65-0.97],0.0260684480505499
CRACR2A,EF-hand calcium-binding domain-containing protein 4B,Chapter XIV Diseases of the genitourinary system,Menorrhagia,20493,301,0.97 [0.86-1.10],0.6654065531645825
CRACR2A,EF-hand calcium-binding domain-containing protein 4B,Chapter XIV Diseases of the genitourinary system,Neuromuscular dysfunction of bladder,23767,77,1.12 [0.90-1.40],0.3266692369204196
CRACR2A,EF-hand calcium-binding domain-containing protein 4B,Chapter XIV Diseases of the genitourinary system,Noninflammatory disorders of female genital tract,22629,2437,0.99 [0.95-1.03],0.5312376773043983
CRACR2A,EF-hand calcium-binding domain-containing protein 4B,Chapter XIV Diseases of the genitourinary system,Other abnormal uterine and vaginal bleeding,20332,140,1.03 [0.87-1.22],0.7188183550682288
CRACR2A,EF-hand calcium-binding domain-containing protein 4B,Chapter XIV Diseases of the genitourinary system,"Other chronic cystitis, drug-induced",27122,65,1.08 [0.84-1.38],0.5585786687408716
CRACR2A,EF-hand calcium-binding domain-containing protein 4B,Chapter XIV Diseases of the genitourinary system,"Other cystitis, drug-induced",27126,73,0.85 [0.65-1.09],0.2030178951382887
CRACR2A,EF-hand calcium-binding domain-containing protein 4B,Chapter XIV Diseases of the genitourinary system,Other diseases of urinary system,25906,2216,1.03 [0.98-1.07],0.2055212254294853
CRACR2A,EF-hand calcium-binding domain-containing protein 4B,Chapter XIV Diseases of the genitourinary system,Other disorders of  bladder,24154,464,1.07 [0.98-1.18],0.1287116179097823
CRACR2A,EF-hand calcium-binding domain-containing protein 4B,Chapter XIV Diseases of the genitourinary system,Other disorders of breast,26444,117,0.91 [0.75-1.11],0.3692692115571852
CRACR2A,EF-hand calcium-binding domain-containing protein 4B,Chapter XIV Diseases of the genitourinary system,Other disorders of kidney and ureter,27075,388,1.04 [0.94-1.16],0.4133821894999245
CRACR2A,EF-hand calcium-binding domain-containing protein 4B,Chapter XIV Diseases of the genitourinary system,Other disorders of the genitourinary system,27076,91,1.08 [0.88-1.33],0.4564014477124579
CRACR2A,EF-hand calcium-binding domain-containing protein 4B,Chapter XIV Diseases of the genitourinary system,Other disorders of urethra and urinary system,25595,1905,1.04 [1.00-1.09],0.0660259621114914
CRACR2A,EF-hand calcium-binding domain-containing protein 4B,Chapter XIV Diseases of the genitourinary system,Other female pelvic inflammatory diseases,26402,198,0.96 [0.83-1.12],0.604325285500481
CRACR2A,EF-hand calcium-binding domain-containing protein 4B,Chapter XIV Diseases of the genitourinary system,Other noninflammatory disorders of cervix uteri,20346,154,1.12 [0.96-1.31],0.1600870818277431
CRACR2A,EF-hand calcium-binding domain-containing protein 4B,Chapter XIV Diseases of the genitourinary system,"Other noninflammatory disorders of uterus, except cervix",20557,365,1.00 [0.90-1.12],0.9595529762624334
CRACR2A,EF-hand calcium-binding domain-containing protein 4B,Chapter XIV Diseases of the genitourinary system,Other noninflammatory disorders of vagina,20300,108,1.06 [0.87-1.28],0.570564234855345
CRACR2A,EF-hand calcium-binding domain-containing protein 4B,Chapter XIV Diseases of the genitourinary system,Other noninflammatory disorders of vulva and perineum,20398,206,1.08 [0.94-1.24],0.2640582226055318
CRACR2A,EF-hand calcium-binding domain-containing protein 4B,Chapter XIV Diseases of the genitourinary system,Other obstructive and reflux uropathy,24761,260,1.04 [0.92-1.18],0.5207756523683962
CRACR2A,EF-hand calcium-binding domain-containing protein 4B,Chapter XIV Diseases of the genitourinary system,Other specified disorders of kidney and ureter,26812,125,1.11 [0.93-1.32],0.2404928826747659
CRACR2A,EF-hand calcium-binding domain-containing protein 4B,Chapter XIV Diseases of the genitourinary system,Ovarian cyst,20501,309,0.96 [0.85-1.08],0.4920885447829197
CRACR2A,EF-hand calcium-binding domain-containing protein 4B,Chapter XIV Diseases of the genitourinary system,Pain and other conditions associated with female genital organs and menstrual cycle,20297,105,0.98 [0.80-1.20],0.8400677617187269
CRACR2A,EF-hand calcium-binding domain-containing protein 4B,Chapter XIV Diseases of the genitourinary system,Polyp of the female genital tract,20826,634,0.96 [0.88-1.04],0.3154500023215255
CRACR2A,EF-hand calcium-binding domain-containing protein 4B,Chapter XIV Diseases of the genitourinary system,Postmenopausal atrophic vaginitis,20351,159,1.17 [1.01-1.36],0.0420593381926678
CRACR2A,EF-hand calcium-binding domain-containing protein 4B,Chapter XIV Diseases of the genitourinary system,Postmenopausal bleeding,20778,586,0.93 [0.86-1.02],0.1217528144244777
CRACR2A,EF-hand calcium-binding domain-containing protein 4B,Chapter XIV Diseases of the genitourinary system,Recurrent and persistent haematuria,26922,39,1.05 [0.76-1.44],0.7761770576061368
CRACR2A,EF-hand calcium-binding domain-containing protein 4B,Chapter XIV Diseases of the genitourinary system,Renal tubulo-interstitial diseases,26944,2443,1.06 [1.01-1.10],0.0085204203673728
CRACR2A,EF-hand calcium-binding domain-containing protein 4B,Chapter XIV Diseases of the genitourinary system,"Tubulo-interstitial nephritis, not specified as acute or chronic",24661,160,1.02 [0.87-1.20],0.7841205783666529
CRACR2A,EF-hand calcium-binding domain-containing protein 4B,Chapter XIV Diseases of the genitourinary system,Unspecified kidney failure,24934,104,1.04 [0.85-1.27],0.723995206006156
CRACR2A,EF-hand calcium-binding domain-containing protein 4B,Chapter XIV Diseases of the genitourinary system,Unspecified renal colic,26776,33,0.91 [0.63-1.32],0.6311176225168811
CRACR2A,EF-hand calcium-binding domain-containing protein 4B,Chapter XIV Diseases of the genitourinary system,Urethral stricture,23836,146,0.96 [0.81-1.15],0.6838666634301214
CRACR2A,EF-hand calcium-binding domain-containing protein 4B,Chapter XIV Diseases of the genitourinary system,Urolithiasis,27009,266,1.05 [0.93-1.19],0.4519843661755512
CRACR2A,EF-hand calcium-binding domain-containing protein 4B,Chapter XIV Diseases of the genitourinary system,Uterine polyps,20328,136,1.01 [0.85-1.20],0.9388997113151824
