Protein,Protein_definition,Disease_category,Disease,NB_individual,NB_case,OR[95%CI],P_value
CLMP,CXADR-like membrane protein,Chapter I Certain infectious and parasitic diseases,Certain infectious and parasitic diseases,20453,828,3.33 [2.55-4.35],1.028199033866106e-18
CLMP,CXADR-like membrane protein,Chapter I Certain infectious and parasitic diseases,Implicit bacterial Sepsis,19807,241,,
CLMP,CXADR-like membrane protein,Chapter I Certain infectious and parasitic diseases,Intestinal infectious diseases,22684,139,2.04 [1.09-3.83],0.0266744606962407
CLMP,CXADR-like membrane protein,Chapter I Certain infectious and parasitic diseases,Implicit Sepsis,15292,823,,
CLMP,CXADR-like membrane protein,Chapter I Certain infectious and parasitic diseases,Other bacterial intestinal infections,22645,100,1.90 [0.91-3.98],0.0890857898349633
CLMP,CXADR-like membrane protein,Chapter I Certain infectious and parasitic diseases,Explicit Sepsis,20539,93,,
CLMP,CXADR-like membrane protein,Chapter I Certain infectious and parasitic diseases,"Bacterial intestinal infections, IBD co-morbidities",23705,99,1.86 [0.89-3.85],0.0967212768914889
CLMP,CXADR-like membrane protein,Chapter I Certain infectious and parasitic diseases,Other specified/unspecified bacterial intestinal infections,23718,67,0.46 [0.18-1.21],0.1176481135215249
CLMP,CXADR-like membrane protein,Chapter I Certain infectious and parasitic diseases,Implicit viral Sepsis,20108,53,,
CLMP,CXADR-like membrane protein,Chapter I Certain infectious and parasitic diseases,Other bacterial diseases,22700,122,,
CLMP,CXADR-like membrane protein,Chapter I Certain infectious and parasitic diseases,Other septicaemia,22665,87,,
CLMP,CXADR-like membrane protein,Chapter I Certain infectious and parasitic diseases,Viral infections characterized by skin and mucous membrane lesions,23795,59,3.61 [1.50-8.69],0.0042212302297154
CLMP,CXADR-like membrane protein,Chapter I Certain infectious and parasitic diseases,Other viral diseases,23818,66,1.88 [0.73-4.86],0.1896775326804058
CLMP,CXADR-like membrane protein,Chapter I Certain infectious and parasitic diseases,"Other viral diseases, not elsewhere classified",23810,58,1.87 [0.68-5.14],0.2265001581714463
CLMP,CXADR-like membrane protein,Chapter I Certain infectious and parasitic diseases,Mycoses,23469,42,4.32 [1.69-11.06],0.0022703918182497
CLMP,CXADR-like membrane protein,Chapter I Certain infectious and parasitic diseases,"Bacterial, viral and other infectious agents",22521,397,4.08 [2.89-5.77],1.855212465092566e-15
CLMP,CXADR-like membrane protein,Chapter I Certain infectious and parasitic diseases,Streptococcus and staphylococcus as the cause of diseases classified to other chapters,22280,156,7.04 [4.33-11.46],3.767264907051088e-15
CLMP,CXADR-like membrane protein,Chapter I Certain infectious and parasitic diseases,Other bacterial agents as the cause of diseases classified to other chapters,22393,269,3.50 [2.29-5.35],6.738309232405291e-09
CLMP,CXADR-like membrane protein,Chapter II Neoplasms,"Malignant neoplasm of colon, excluding all cancers (controls excluding all cancers)",18616,80,1.26 [0.53-3.00],0.6062318835193942
CLMP,CXADR-like membrane protein,Chapter II Neoplasms,"Malignant melanoma of skin, excluding all cancers (controls excluding all cancers)",18584,48,1.71 [0.55-5.30],0.3521719840086823
CLMP,CXADR-like membrane protein,Chapter II Neoplasms,"Other malignant neoplasms of skin (=non-melanoma skin cancer), excluding all cancers (controls excluding all cancers)",18804,268,1.58 [0.98-2.53],0.0584286206862457
CLMP,CXADR-like membrane protein,Chapter II Neoplasms,"Squamous cell neoplasms and carcinomas of the skin, excluding all cancers (controls excluding all cancers)",18813,277,1.54 [0.97-2.46],0.0682745227086952
CLMP,CXADR-like membrane protein,Chapter II Neoplasms,"Malignant neoplasm of prostate, excluding all cancers (controls excluding all cancers)",18771,235,1.84 [1.12-3.02],0.0156416237686703
CLMP,CXADR-like membrane protein,Chapter II Neoplasms,"Non-Hodgkin lymphoma, all, excluding all cancers (controls excluding all cancers)",18591,55,7.09 [3.24-15.51],9.237046867020856e-07
CLMP,CXADR-like membrane protein,Chapter III Diseases of the blood and blood-forming organs and certain disorders involving the immune mechanism,Diseases of the blood and blood-forming organs and certain disorders involving the immune mechanism,21150,563,,
CLMP,CXADR-like membrane protein,Chapter II Neoplasms,"Benign neoplasm of colon, rectum, anus and anal canal",22297,379,2.01 [1.38-2.93],0.0002635036459742
CLMP,CXADR-like membrane protein,Chapter II Neoplasms,Benign neoplasm: Sigmoid colon,23212,126,2.24 [1.18-4.24],0.013299427071689
CLMP,CXADR-like membrane protein,Chapter II Neoplasms,"Benign neoplasm: Colon, unspecified",23858,134,2.49 [1.37-4.53],0.0028523791270366
CLMP,CXADR-like membrane protein,Chapter II Neoplasms,Benign neoplasm: Rectum,23517,76,1.72 [0.74-3.99],0.2099137929088699
CLMP,CXADR-like membrane protein,Chapter II Neoplasms,Benign neoplasm of other and ill-defined parts of digestive system,23875,66,3.05 [1.35-6.91],0.0075792896438568
CLMP,CXADR-like membrane protein,Chapter II Neoplasms,Benign neoplasm: Stomach,23923,48,3.14 [1.21-8.16],0.0188235285570644
CLMP,CXADR-like membrane protein,Chapter II Neoplasms,Benign lipomatous neoplasm,23594,321,0.82 [0.53-1.28],0.3835364187049702
CLMP,CXADR-like membrane protein,Chapter II Neoplasms,Benign lipomatous neoplasm of skin and subcutaneous tissue of trunk,23885,110,0.84 [0.40-1.79],0.6557960475222071
CLMP,CXADR-like membrane protein,Chapter II Neoplasms,Benign lipomatous neoplasm of skin and subcutaneous tissue of limbs,23895,75,0.74 [0.29-1.85],0.519076972012803
CLMP,CXADR-like membrane protein,Chapter II Neoplasms,"Haemangioma and lymphangioma, any site",23838,34,0.61 [0.15-2.50],0.4960960985503639
CLMP,CXADR-like membrane protein,Chapter II Neoplasms,"Haemangioma, any site",23841,34,0.61 [0.15-2.50],0.4961455333526724
CLMP,CXADR-like membrane protein,Chapter II Neoplasms,Melanocytic naevi,23768,131,0.88 [0.43-1.80],0.7211006520062375
CLMP,CXADR-like membrane protein,Chapter II Neoplasms,Melanocytic naevi of other and unspecified parts of face,23902,55,1.14 [0.39-3.37],0.807721158799495
CLMP,CXADR-like membrane protein,Chapter II Neoplasms,Other benign neoplasms of skin,23802,138,2.36 [1.27-4.41],0.0068239076125153
CLMP,CXADR-like membrane protein,Chapter III Diseases of the blood and blood-forming organs and certain disorders involving the immune mechanism,Other and unspecified iron deficiency,22718,125,6.97 [4.20-11.58],6.20019398142437e-14
CLMP,CXADR-like membrane protein,Chapter III Diseases of the blood and blood-forming organs and certain disorders involving the immune mechanism,Other anaemias,22334,258,,
CLMP,CXADR-like membrane protein,Chapter III Diseases of the blood and blood-forming organs and certain disorders involving the immune mechanism,Other and unspecified anaemias,22334,258,,
CLMP,CXADR-like membrane protein,Chapter I Certain infectious and parasitic diseases,Condition for Implicit Sepsis (Organ dysfunction codes),20082,521,8.24 [5.99-11.33],1.72083307504837e-38
CLMP,CXADR-like membrane protein,Chapter III Diseases of the blood and blood-forming organs and certain disorders involving the immune mechanism,Agranulocytosis,23394,42,8.91 [3.83-20.73],3.781506514889522e-07
CLMP,CXADR-like membrane protein,"Chapter IV Endocrine, nutritional and metabolic diseases",Disorders of other endocrine glands,23661,62,8.31 [4.17-16.57],1.851759489460234e-09
CLMP,CXADR-like membrane protein,"Chapter IV Endocrine, nutritional and metabolic diseases",Metabolic disorders,18714,1453,2.98 [2.39-3.72],3.339344861125745e-22
CLMP,CXADR-like membrane protein,"Chapter IV Endocrine, nutritional and metabolic diseases",Disorders of the thyroid gland,23195,181,2.43 [1.43-4.13],0.0010506145209474
CLMP,CXADR-like membrane protein,"Chapter IV Endocrine, nutritional and metabolic diseases",Type 1 diabetes,21122,152,,
CLMP,CXADR-like membrane protein,Chapter IX Diseases of the circulatory system,Peripheral artery disease,22541,163,9.86 [6.18-15.72],7.406663662698006e-22
CLMP,CXADR-like membrane protein,"Chapter IV Endocrine, nutritional and metabolic diseases",Type 1 diabetes without complications,21106,136,,
CLMP,CXADR-like membrane protein,"Chapter IV Endocrine, nutritional and metabolic diseases",Type 2 diabetes,21672,702,4.76 [3.62-6.27],7.17663635376383e-29
CLMP,CXADR-like membrane protein,"Chapter IV Endocrine, nutritional and metabolic diseases",Type 2 diabetes without complications,21645,675,4.42 [3.34-5.85],2.4249103445866734e-25
CLMP,CXADR-like membrane protein,"Chapter IV Endocrine, nutritional and metabolic diseases",Obesity,22155,175,2.56 [1.37-4.78],0.003153161670307
CLMP,CXADR-like membrane protein,"Chapter IV Endocrine, nutritional and metabolic diseases","Obesity, other/unspecified",22155,174,2.64 [1.42-4.94],0.0022714953107226
CLMP,CXADR-like membrane protein,"Chapter IV Endocrine, nutritional and metabolic diseases",Disorders of lipoprotein metabolism and other lipidaemias,18558,1297,2.34 [1.85-2.97],1.991679732638559e-12
CLMP,CXADR-like membrane protein,"Chapter IV Endocrine, nutritional and metabolic diseases","Hyperlipidaemia, other/unspecified",17448,187,3.01 [1.68-5.37],0.0002005715290553
CLMP,CXADR-like membrane protein,"Chapter IV Endocrine, nutritional and metabolic diseases",Pure hypercholesterolaemia,18453,1192,2.27 [1.77-2.91],7.966702406715303e-11
CLMP,CXADR-like membrane protein,"Chapter IV Endocrine, nutritional and metabolic diseases",Volume depletion,17312,51,,
CLMP,CXADR-like membrane protein,"Chapter IV Endocrine, nutritional and metabolic diseases","Other disorders of fluid, electrolyte and acid-base balance",17362,101,,
CLMP,CXADR-like membrane protein,Chapter V Mental and behavioural disorders,Any mental disorder,20288,692,3.14 [2.36-4.18],3.728716811559649e-15
CLMP,CXADR-like membrane protein,Chapter V Mental and behavioural disorders,"Substance abuse, excluding more controls",19939,343,2.05 [1.35-3.13],0.0007967411752646
CLMP,CXADR-like membrane protein,Chapter V Mental and behavioural disorders,"Mental and behavioural disorders due to alcohol, excluding acute intoxication",23352,264,1.33 [0.83-2.14],0.2366062905964181
CLMP,CXADR-like membrane protein,Chapter V Mental and behavioural disorders,"Alcohol use disorder, ICD-based",23442,201,1.57 [0.92-2.68],0.0967242627670982
CLMP,CXADR-like membrane protein,Chapter V Mental and behavioural disorders,Acute alcohol intoxication,21801,80,1.09 [0.45-2.64],0.856699237983575
CLMP,CXADR-like membrane protein,Chapter V Mental and behavioural disorders,"Acute alcohol intoxication, ICD10",23775,80,0.86 [0.36-2.04],0.725124961291485
CLMP,CXADR-like membrane protein,Chapter V Mental and behavioural disorders,"Alcohol abuse, main dg, excluding more controls",19676,80,1.13 [0.47-2.75],0.785552208565135
CLMP,CXADR-like membrane protein,Chapter V Mental and behavioural disorders,Alcohol dependence,21838,117,2.39 [1.19-4.77],0.0139333741509787
CLMP,CXADR-like membrane protein,Chapter V Mental and behavioural disorders,Smoking dependency,21833,84,4.20 [2.01-8.78],0.0001389490011353
CLMP,CXADR-like membrane protein,Chapter V Mental and behavioural disorders,"Schizophrenia or delusion, excluding more controls",19662,66,5.99 [2.75-13.05],6.492529746985808e-06
CLMP,CXADR-like membrane protein,Chapter V Mental and behavioural disorders,"Mood disorders, excluding more controls",19866,270,4.38 [2.90-6.62],2.1358915138629115e-12
CLMP,CXADR-like membrane protein,Chapter V Mental and behavioural disorders,Depression,22718,230,3.60 [2.30-5.63],2.1274886922363426e-08
CLMP,CXADR-like membrane protein,Chapter V Mental and behavioural disorders,Depression or dysthymia,19567,196,3.36 [2.02-5.59],2.863968822101468e-06
CLMP,CXADR-like membrane protein,Chapter V Mental and behavioural disorders,"Anxiety disorders, excluding more controls",19701,105,2.57 [1.27-5.24],0.0090519670759588
CLMP,CXADR-like membrane protein,Chapter V Mental and behavioural disorders,Other anxiety disorders,22919,56,2.41 [0.94-6.18],0.0667613008426676
CLMP,CXADR-like membrane protein,Chapter VI Diseases of the nervous system,Neurological diseases,20251,1330,2.15 [1.73-2.67],6.140377995792395e-12
CLMP,CXADR-like membrane protein,Chapter VI Diseases of the nervous system,Other degenerative diseases of the nervous system,18222,84,3.05 [1.34-6.94],0.0076398668240572
CLMP,CXADR-like membrane protein,Chapter VI Diseases of the nervous system,MS-disease / Multiple Sclerosis,23821,59,2.01 [0.73-5.55],0.1763171000719013
CLMP,CXADR-like membrane protein,Chapter VI Diseases of the nervous system,Episodal and paroxysmal disorders,22567,542,1.74 [1.25-2.42],0.0009711999809097
CLMP,CXADR-like membrane protein,Chapter VI Diseases of the nervous system,Epilepsy,22192,167,2.40 [1.37-4.21],0.0021909754870506
CLMP,CXADR-like membrane protein,Chapter VI Diseases of the nervous system,Migraine,22058,33,3.12 [0.96-10.09],0.0579868259887205
CLMP,CXADR-like membrane protein,Chapter VI Diseases of the nervous system,"Migraine, unspecified, drug-induced",23765,27,4.68 [1.48-14.82],0.0087147735497439
CLMP,CXADR-like membrane protein,Chapter IX Diseases of the circulatory system,Transient ischemic attack,22943,98,nan [nan-nan],
CLMP,CXADR-like membrane protein,Chapter VI Diseases of the nervous system,Other sleep disorders,22262,237,0.84 [0.50-1.42],0.5161073551664406
CLMP,CXADR-like membrane protein,Chapter VI Diseases of the nervous system,Sleep apnoea,23179,187,0.74 [0.41-1.33],0.3152478121929541
CLMP,CXADR-like membrane protein,Chapter VI Diseases of the nervous system,"Nerve, nerve root and plexus disorders",22961,479,1.59 [1.12-2.26],0.0100090771933696
CLMP,CXADR-like membrane protein,Chapter VI Diseases of the nervous system,"Other and unspecified nerve root and plexus disorders, also in other diseases",22607,125,1.47 [0.73-2.98],0.2833816601200235
CLMP,CXADR-like membrane protein,Chapter VI Diseases of the nervous system,Carpal tunnel syndrome,22705,223,1.21 [0.72-2.03],0.4797447987284458
CLMP,CXADR-like membrane protein,Chapter VI Diseases of the nervous system,Cerebral palsy and other paralytic syndromes,23573,90,4.30 [2.24-8.24],1.1539707519461749e-05
CLMP,CXADR-like membrane protein,Chapter VI Diseases of the nervous system,Hemiplegia,23542,59,4.22 [1.92-9.27],0.0003413241275884
CLMP,CXADR-like membrane protein,Chapter VI Diseases of the nervous system,Other neurological diseases,23414,123,3.89 [2.15-7.01],6.519112587389693e-06
CLMP,CXADR-like membrane protein,"Chapter VII Diseases of the eye, adnexa, ear and mastoid process","Disorders of eyelid, lacrimal system and orbit",23322,309,1.31 [0.85-2.03],0.2191979667970366
CLMP,CXADR-like membrane protein,"Chapter VII Diseases of the eye, adnexa, ear and mastoid process",Other disorders of eyelid,23189,176,1.27 [0.71-2.25],0.4186344241956556
CLMP,CXADR-like membrane protein,"Chapter VII Diseases of the eye, adnexa, ear and mastoid process",Chalazion,23092,79,0.69 [0.28-1.73],0.4312233866190296
CLMP,CXADR-like membrane protein,"Chapter VII Diseases of the eye, adnexa, ear and mastoid process",Other specified and unspecified  disorders of eyelid,23119,106,0.83 [0.38-1.79],0.6307113248257903
CLMP,CXADR-like membrane protein,"Chapter VII Diseases of the eye, adnexa, ear and mastoid process",Disorders of lacrimal system,23063,50,1.83 [0.68-4.97],0.2334290740774215
CLMP,CXADR-like membrane protein,"Chapter VII Diseases of the eye, adnexa, ear and mastoid process",Senile cataract,20892,144,2.29 [1.28-4.10],0.0051286307722186
CLMP,CXADR-like membrane protein,"Chapter VII Diseases of the eye, adnexa, ear and mastoid process",Other cataract,21132,384,2.80 [1.96-3.98],1.2751316662204852e-08
CLMP,CXADR-like membrane protein,"Chapter VII Diseases of the eye, adnexa, ear and mastoid process",Disorders of choroid and retina,22939,257,3.78 [2.50-5.71],2.827377433016268e-10
CLMP,CXADR-like membrane protein,"Chapter VII Diseases of the eye, adnexa, ear and mastoid process",Background diabetic retinopathy,23516,72,,
CLMP,CXADR-like membrane protein,"Chapter VII Diseases of the eye, adnexa, ear and mastoid process",Diabetic maculopathy,2615,72,,
CLMP,CXADR-like membrane protein,"Chapter VII Diseases of the eye, adnexa, ear and mastoid process","Diabetic maculopathy, excluding more controls",20973,72,,
CLMP,CXADR-like membrane protein,"Chapter VII Diseases of the eye, adnexa, ear and mastoid process",Glaucoma,23253,97,2.34 [1.17-4.67],0.0160936774035252
CLMP,CXADR-like membrane protein,"Chapter VII Diseases of the eye, adnexa, ear and mastoid process",Other and unspecified glaucoma,23208,52,4.00 [1.74-9.22],0.0011361073334966
CLMP,CXADR-like membrane protein,"Chapter VII Diseases of the eye, adnexa, ear and mastoid process","Disorders of ocular muscles, binocular movement, accommodation and refraction",23363,81,0.99 [0.41-2.39],0.9766584236094918
CLMP,CXADR-like membrane protein,"Chapter VII Diseases of the eye, adnexa, ear and mastoid process",Visual disturbances,23389,94,2.11 [0.99-4.50],0.0545379103599593
CLMP,CXADR-like membrane protein,"Chapter VII Diseases of the eye, adnexa, ear and mastoid process",Diseases of middle ear and mastoid,23826,139,1.43 [0.75-2.73],0.2731636123840509
CLMP,CXADR-like membrane protein,"Chapter VII Diseases of the eye, adnexa, ear and mastoid process",Other disorders of ear,22965,97,1.90 [0.89-4.06],0.0975436610443089
CLMP,CXADR-like membrane protein,Chapter IX Diseases of the circulatory system,Death due to cardiac causes,16127,3779,3.06 [2.60-3.61],1.181413314206663e-40
CLMP,CXADR-like membrane protein,Chapter IX Diseases of the circulatory system,Rheumatic valve diseases,23217,62,4.70 [2.18-10.15],8.127000347854567e-05
CLMP,CXADR-like membrane protein,Chapter IX Diseases of the circulatory system,"Hypertension, essential",17032,2475,3.92 [3.25-4.73],1.5563135933154672e-46
CLMP,CXADR-like membrane protein,Chapter IX Diseases of the circulatory system,Hypertension,17079,2522,4.39 [3.65-5.28],5.343120104769545e-56
CLMP,CXADR-like membrane protein,Chapter IX Diseases of the circulatory system,Hypertensive Renal Disease,14670,113,,
CLMP,CXADR-like membrane protein,Chapter IX Diseases of the circulatory system,"Ischaemic heart disease, wide definition",21173,1685,1.78 [1.46-2.18],1.6595788255269837e-08
CLMP,CXADR-like membrane protein,Chapter IX Diseases of the circulatory system,Angina pectoris,20427,939,1.72 [1.33-2.24],4.36298144006475e-05
CLMP,CXADR-like membrane protein,Chapter IX Diseases of the circulatory system,Unstable angina pectoris,22463,337,2.21 [1.49-3.27],7.430270425266041e-05
CLMP,CXADR-like membrane protein,Chapter IX Diseases of the circulatory system,Major coronary heart disease event,22865,739,1.53 [1.15-2.03],0.0030887452748779
CLMP,CXADR-like membrane protein,Chapter IX Diseases of the circulatory system,"Myocardial infarction, with ST-elevation",23716,167,1.38 [0.77-2.48],0.2841765441997028
CLMP,CXADR-like membrane protein,Chapter IX Diseases of the circulatory system,"Myocardial infarction, strict",19994,506,1.50 [1.05-2.13],0.0261412582415408
CLMP,CXADR-like membrane protein,Chapter IX Diseases of the circulatory system,Coronary atherosclerosis,20903,1439,1.79 [1.44-2.22],1.222588018160584e-07
CLMP,CXADR-like membrane protein,Chapter IX Diseases of the circulatory system,Pulmonary embolism,23042,119,2.55 [1.33-4.89],0.0047432255735143
CLMP,CXADR-like membrane protein,Chapter IX Diseases of the circulatory system,Venous thromboembolism,23151,241,3.21 [2.07-4.99],1.913756903095626e-07
CLMP,CXADR-like membrane protein,Chapter IX Diseases of the circulatory system,Secondary right heart disease,23007,84,5.12 [2.66-9.83],9.531553206115124e-07
CLMP,CXADR-like membrane protein,Chapter IX Diseases of the circulatory system,Other pulmonary heart/vessel disease,23009,86,5.26 [2.77-9.99],4.005984849576732e-07
CLMP,CXADR-like membrane protein,Chapter IX Diseases of the circulatory system,"Hypertension, Pulmonary Arterial",14637,80,9.91 [4.88-20.14],2.2739019456186008e-10
CLMP,CXADR-like membrane protein,Chapter IX Diseases of the circulatory system,Cardiomyopathy,18690,79,6.40 [2.90-14.12],4.175947702407589e-06
CLMP,CXADR-like membrane protein,Chapter IX Diseases of the circulatory system,Conduction disorders,18778,167,4.70 [2.63-8.38],1.635257123875313e-07
CLMP,CXADR-like membrane protein,Chapter IX Diseases of the circulatory system,Paroxysmal tachycardia,11818,135,8.14 [4.07-16.28],3.175143277390536e-09
CLMP,CXADR-like membrane protein,Chapter IX Diseases of the circulatory system,Atrial fibrillation and flutter,12289,606,3.46 [2.40-4.99],2.483621089093788e-11
CLMP,CXADR-like membrane protein,Chapter IX Diseases of the circulatory system,Other arrhythmias,18696,85,2.62 [1.12-6.14],0.0268039331126271
CLMP,CXADR-like membrane protein,Chapter IX Diseases of the circulatory system,Other or ill-defined heart diseases,18740,129,8.42 [4.60-15.43],5.356361367341376e-12
CLMP,CXADR-like membrane protein,Chapter IX Diseases of the circulatory system,"Heart failure, strict",22603,318,5.66 [3.91-8.19],4.265182901333953e-20
CLMP,CXADR-like membrane protein,Chapter IX Diseases of the circulatory system,"Stroke, including SAH",22879,186,6.66 [4.32-10.27],9.491065506945365e-18
CLMP,CXADR-like membrane protein,Chapter IX Diseases of the circulatory system,"Stroke, excluding SAH",22906,168,6.81 [4.35-10.66],5.5255151246581787e-17
CLMP,CXADR-like membrane protein,Chapter IX Diseases of the circulatory system,"Ischaemic Stroke, excluding all haemorrhages",22994,149,6.61 [4.12-10.63],5.9134183072222504e-15
CLMP,CXADR-like membrane protein,Chapter IX Diseases of the circulatory system,Other diseases of arteries and capillaries,22514,87,7.87 [4.26-14.53],4.514241760479474e-11
CLMP,CXADR-like membrane protein,Chapter IX Diseases of the circulatory system,Other peripheral vascular diseases,22571,144,6.85 [4.10-11.45],2.1775638566000242e-13
CLMP,CXADR-like membrane protein,Chapter IX Diseases of the circulatory system,Phlebitis and thrombophlebitis (not including DVT),22575,150,4.57 [2.71-7.71],1.2239568455696032e-08
CLMP,CXADR-like membrane protein,Chapter IX Diseases of the circulatory system,DVT of lower extremities,22559,134,4.55 [2.62-7.90],7.572975269410512e-08
CLMP,CXADR-like membrane protein,Chapter IX Diseases of the circulatory system,"!Phlebitis/thrombophlebitis venae iliacae [externae/internae/communis], drug-induced",23687,127,4.27 [2.43-7.50],4.596154896777289e-07
CLMP,CXADR-like membrane protein,Chapter IX Diseases of the circulatory system,Varicose veins,22765,340,1.76 [1.16-2.66],0.0077697262801815
CLMP,CXADR-like membrane protein,Chapter IX Diseases of the circulatory system,Hypotension,22624,82,2.79 [1.29-6.00],0.0088334234547567
CLMP,CXADR-like membrane protein,Chapter X Diseases of the respiratory system,Diseases of the respiratory system,18632,2019,2.37 [1.97-2.85],8.557350793111512e-20
CLMP,CXADR-like membrane protein,Chapter X Diseases of the respiratory system,Acute upper respiratory infections,23749,89,0.83 [0.36-1.92],0.6635344010302966
CLMP,CXADR-like membrane protein,Chapter X Diseases of the respiratory system,Influenza and pneumonia,21781,251,5.84 [3.88-8.81],3.4363212013337865e-17
CLMP,CXADR-like membrane protein,Chapter X Diseases of the respiratory system,"Pneumonia, organism unspecified",21743,213,6.31 [4.08-9.75],1.1976256151048464e-16
CLMP,CXADR-like membrane protein,Chapter X Diseases of the respiratory system,Other acute lower respiratory infections,22932,275,4.66 [3.15-6.89],1.2631074528164224e-14
CLMP,CXADR-like membrane protein,Chapter X Diseases of the respiratory system,Unspecified acute lower respiratory infection,22929,272,4.71 [3.19-6.98],9.153329682689131e-15
CLMP,CXADR-like membrane protein,Chapter X Diseases of the respiratory system,Other diseases of upper respiratory tract,23068,661,1.05 [0.77-1.44],0.750390950776607
CLMP,CXADR-like membrane protein,Chapter X Diseases of the respiratory system,Chronic sinusitis,22482,75,1.60 [0.66-3.83],0.2957946844480914
CLMP,CXADR-like membrane protein,Chapter X Diseases of the respiratory system,Nasal polyp,22576,169,0.59 [0.31-1.10],0.0948390323506769
CLMP,CXADR-like membrane protein,Chapter X Diseases of the respiratory system,"Diseases of vocal cords and larynx+other diseases of upper respiratory tract, no elsewhere classified",22837,430,1.01 [0.68-1.48],0.9716845908239478
CLMP,CXADR-like membrane protein,Chapter X Diseases of the respiratory system,Deviated nasal septum,22634,227,0.86 [0.50-1.48],0.5763767052531066
CLMP,CXADR-like membrane protein,Chapter X Diseases of the respiratory system,Vocal cord dysfunction,10367,62,1.28 [0.42-3.95],0.6620486278033761
CLMP,CXADR-like membrane protein,Chapter X Diseases of the respiratory system,Chronic lower respiratory diseases,21373,850,1.83 [1.41-2.38],5.068624497634088e-06
CLMP,CXADR-like membrane protein,Chapter X Diseases of the respiratory system,Early onset COPD,22603,194,3.26 [2.02-5.26],1.376390482432842e-06
CLMP,CXADR-like membrane protein,Chapter X Diseases of the respiratory system,"COPD, hospital admissions 1, only main diagnosis",22636,227,3.28 [2.10-5.11],1.7910349806866189e-07
CLMP,CXADR-like membrane protein,Chapter X Diseases of the respiratory system,"Other chronic obstructive pulmonary disease, including avohilmo",22636,227,3.28 [2.10-5.11],1.7910349806866189e-07
CLMP,CXADR-like membrane protein,Chapter X Diseases of the respiratory system,"Asthma, hospital admissions , main diagnosis only",22494,662,1.41 [1.05-1.91],0.022994264022344
CLMP,CXADR-like membrane protein,Chapter X Diseases of the respiratory system,Asthma,16244,662,1.91 [1.40-2.62],5.143374622730654e-05
CLMP,CXADR-like membrane protein,Chapter X Diseases of the respiratory system,"Asthma, excluding more controls",15894,662,1.99 [1.45-2.73],2.195546620188567e-05
CLMP,CXADR-like membrane protein,Chapter X Diseases of the respiratory system,"Asthma, unspecified (mode)",16234,652,1.92 [1.40-2.64],5.2755569947557566e-05
CLMP,CXADR-like membrane protein,Chapter X Diseases of the respiratory system,Other respiratory diseases principally affecting the interstitium,23489,98,3.39 [1.77-6.53],0.0002465394058896
CLMP,CXADR-like membrane protein,Chapter X Diseases of the respiratory system,Interstitial lung disease,22742,78,2.74 [1.27-5.92],0.0100968562238804
CLMP,CXADR-like membrane protein,Chapter X Diseases of the respiratory system,"ILD, hospital admissions",23574,78,2.60 [1.21-5.60],0.0147860524991224
CLMP,CXADR-like membrane protein,Chapter X Diseases of the respiratory system,Idiopathic pulmonary fibrosis,22735,71,2.70 [1.20-6.06],0.0160167730790394
CLMP,CXADR-like membrane protein,Chapter X Diseases of the respiratory system,Pleural effusion,21581,134,7.22 [4.31-12.08],5.1851067166377295e-14
CLMP,CXADR-like membrane protein,Chapter X Diseases of the respiratory system,Other diseases of pleura,21733,286,6.25 [4.29-9.12],1.8078587141703704e-21
CLMP,CXADR-like membrane protein,Chapter X Diseases of the respiratory system,Other respiratory disorders and diseases,22545,128,5.39 [3.17-9.17],4.9737306127369e-10
CLMP,CXADR-like membrane protein,Chapter XI Diseases of the digestive system,Gastrointestinal diseases,15920,5637,1.89 [1.65-2.17],5.548040205447452e-20
CLMP,CXADR-like membrane protein,Chapter XI Diseases of the digestive system,"Diseases of oral cavity, salivary glands and jaws",23423,365,1.78 [1.19-2.66],0.0052569921022474
CLMP,CXADR-like membrane protein,Chapter XI Diseases of the digestive system,Embedded and impacted teeth,23893,78,0.93 [0.36-2.39],0.8739396600844107
CLMP,CXADR-like membrane protein,Chapter XI Diseases of the digestive system,Impacted teeth,23896,75,0.94 [0.36-2.46],0.8978939956783638
CLMP,CXADR-like membrane protein,Chapter XI Diseases of the digestive system,Dental caries,23169,111,3.20 [1.66-6.16],0.000513311556756
CLMP,CXADR-like membrane protein,Chapter XI Diseases of the digestive system,Diseases of pulp and periapical tissues,23138,80,1.26 [0.52-3.03],0.6059556141644771
CLMP,CXADR-like membrane protein,Chapter XI Diseases of the digestive system,Palatinal maxillary canine,23883,86,0.87 [0.35-2.14],0.7560071873667836
CLMP,CXADR-like membrane protein,Chapter XI Diseases of the digestive system,Other disorders of teeth and supporting structures,23138,80,2.22 [0.97-5.06],0.0581760628435385
CLMP,CXADR-like membrane protein,Chapter XI Diseases of the digestive system,Other diseases of lip and oral mucosa,22906,78,1.25 [0.51-3.03],0.6245911623469674
CLMP,CXADR-like membrane protein,Chapter XI Diseases of the digestive system,Oral lichen ruber planus,23827,56,1.47 [0.53-4.10],0.4567690863966555
CLMP,CXADR-like membrane protein,Chapter XI Diseases of the digestive system,Gastroduodenal ulcer,18307,327,2.96 [1.96-4.47],2.200738371629048e-07
CLMP,CXADR-like membrane protein,Chapter XI Diseases of the digestive system,"Diseases of oesophagus, stomach and duodenum",19989,2009,2.08 [1.73-2.50],5.047764573567193e-15
CLMP,CXADR-like membrane protein,Chapter XI Diseases of the digestive system,Oesophagitis,18373,393,2.65 [1.80-3.91],7.900553004673735e-07
CLMP,CXADR-like membrane protein,Chapter XI Diseases of the digestive system,Gastro-oesophageal reflux disease,18632,652,1.86 [1.36-2.54],9.311927663528108e-05
CLMP,CXADR-like membrane protein,Chapter XI Diseases of the digestive system,Other diseases of oesophagus,18054,74,2.35 [0.97-5.70],0.0591355206427723
CLMP,CXADR-like membrane protein,Chapter XI Diseases of the digestive system,Ulcer of oesophagus,18256,276,2.26 [1.43-3.58],0.0004857359697268
CLMP,CXADR-like membrane protein,Chapter XI Diseases of the digestive system,Oesophageal obstruction,18055,75,2.22 [0.92-5.32],0.0750025571878747
CLMP,CXADR-like membrane protein,Chapter XI Diseases of the digestive system,Gastric ulcer,18143,163,2.35 [1.31-4.21],0.0040562972745095
CLMP,CXADR-like membrane protein,Chapter XI Diseases of the digestive system,Duodenal ulcer,18152,172,3.36 [1.92-5.87],2.082832564387041e-05
CLMP,CXADR-like membrane protein,Chapter XI Diseases of the digestive system,"Duodenal ulcer - Unspecified as acute or chronic, without haemorrhage or perforation, drug-induced",23730,117,2.35 [1.22-4.52],0.0102168645132911
CLMP,CXADR-like membrane protein,Chapter XI Diseases of the digestive system,Chronic gastritis,18095,115,2.01 [1.00-4.04],0.0492401398182104
CLMP,CXADR-like membrane protein,Chapter XI Diseases of the digestive system,Other gastritis (incl. Duodenitis),18762,782,1.95 [1.47-2.58],3.5107738754950985e-06
CLMP,CXADR-like membrane protein,Chapter XI Diseases of the digestive system,Diseases of appendix,23763,104,1.38 [0.63-3.03],0.415906340102707
CLMP,CXADR-like membrane protein,Chapter XI Diseases of the digestive system,Functional dyspepsia,18274,294,1.35 [0.84-2.17],0.2104602944517668
CLMP,CXADR-like membrane protein,Chapter XI Diseases of the digestive system,Other diseases of stomach and duodenum,18141,161,1.86 [1.01-3.40],0.0458127066089369
CLMP,CXADR-like membrane protein,Chapter XI Diseases of the digestive system,Colonic or urogenital fistula,23719,169,1.70 [0.96-3.02],0.0704842887678737
CLMP,CXADR-like membrane protein,Chapter XI Diseases of the digestive system,Acute appendicitis,23744,85,1.47 [0.62-3.50],0.378360106348563
CLMP,CXADR-like membrane protein,Chapter XI Diseases of the digestive system,Hernia,20386,2061,1.14 [0.95-1.38],0.1516746828638031
CLMP,CXADR-like membrane protein,Chapter XI Diseases of the digestive system,Inguinal hernia,19456,1131,0.88 [0.69-1.13],0.3199335759773896
CLMP,CXADR-like membrane protein,Chapter XI Diseases of the digestive system,Umbilical hernia,18510,185,0.75 [0.41-1.34],0.3249740366158021
CLMP,CXADR-like membrane protein,Chapter XI Diseases of the digestive system,Ventral hernia,18422,97,1.97 [0.94-4.15],0.0732695822781069
CLMP,CXADR-like membrane protein,Chapter XI Diseases of the digestive system,Diaphragmatic hernia,19095,770,1.77 [1.34-2.34],5.871382257847425e-05
CLMP,CXADR-like membrane protein,Chapter XI Diseases of the digestive system,Noninfective enteritis and colitis,23046,609,3.42 [2.55-4.59],2.009025729598118e-16
CLMP,CXADR-like membrane protein,Chapter XI Diseases of the digestive system,Other diseases of intestines,18452,1829,2.25 [1.86-2.72],6.880554734316707e-17
CLMP,CXADR-like membrane protein,Chapter XI Diseases of the digestive system,"Crohn disease (strict definition, all UC cases excluded)",23583,55,4.95 [2.11-11.63],0.0002404158966309
CLMP,CXADR-like membrane protein,Chapter XI Diseases of the digestive system,"Crohn disease (strict definition, require KELA, min 2 HDR)",23848,71,4.18 [1.91-9.15],0.0003341349708438
CLMP,CXADR-like membrane protein,Chapter XI Diseases of the digestive system,Crohn disease,22508,71,4.62 [2.10-10.19],0.0001454712276714
CLMP,CXADR-like membrane protein,Chapter XI Diseases of the digestive system,Crohn's disease NAS,22493,56,4.06 [1.62-10.16],0.0027805453462499
CLMP,CXADR-like membrane protein,Chapter XI Diseases of the digestive system,"Ulcerative colitis (strict definition, require KELA, min 2 HDR)",23791,142,2.38 [1.29-4.36],0.0052124017687838
CLMP,CXADR-like membrane protein,Chapter XI Diseases of the digestive system,Ulcerative colitis,22579,142,2.60 [1.40-4.83],0.0024472932748205
CLMP,CXADR-like membrane protein,Chapter XI Diseases of the digestive system,"Ulcerative colitis, NAS",22566,129,2.75 [1.45-5.23],0.0019991451269922
CLMP,CXADR-like membrane protein,Chapter XI Diseases of the digestive system,Other noninfective gastroenteritis and colitis,22900,463,3.44 [2.47-4.80],3.494327137533445e-13
CLMP,CXADR-like membrane protein,Chapter XI Diseases of the digestive system,Noninfectious colitis NAS,22897,460,3.42 [2.45-4.78],5.780589218185596e-13
CLMP,CXADR-like membrane protein,Chapter XI Diseases of the digestive system,Paralytic ileus and intestinal obstruction,16716,93,2.89 [1.39-6.02],0.0045555575707771
CLMP,CXADR-like membrane protein,Chapter XI Diseases of the digestive system,Intestinal stricture,23460,93,2.43 [1.18-5.01],0.0161901462574008
CLMP,CXADR-like membrane protein,Chapter XI Diseases of the digestive system,"Other or unspecified ileus, impaction or obstruction",16688,65,3.15 [1.34-7.42],0.0084513542078237
CLMP,CXADR-like membrane protein,Chapter XI Diseases of the digestive system,Diverticular disease of intestine,17166,543,2.62 [1.89-3.63],8.166732759034152e-09
CLMP,CXADR-like membrane protein,Chapter XI Diseases of the digestive system,Irritable bowel syndrome,16710,87,3.20 [1.49-6.86],0.002827762990025
CLMP,CXADR-like membrane protein,Chapter XI Diseases of the digestive system,Other functional intestinal disorders,16809,186,4.73 [2.89-7.73],5.688477727221436e-10
CLMP,CXADR-like membrane protein,Chapter XI Diseases of the digestive system,Constipation,22334,170,4.08 [2.46-6.74],4.590798964862e-08
CLMP,CXADR-like membrane protein,Chapter XI Diseases of the digestive system,Diseases of peritoneum,23524,53,1.52 [0.55-4.23],0.4193329165715658
CLMP,CXADR-like membrane protein,Chapter XI Diseases of the digestive system,Fissure and fistula of anal and rectal regions,16783,160,1.81 [0.98-3.35],0.0577272967549464
CLMP,CXADR-like membrane protein,Chapter XI Diseases of the digestive system,Abscess of anal and rectal regions,16720,97,2.08 [0.95-4.57],0.0665069129848894
CLMP,CXADR-like membrane protein,Chapter XI Diseases of the digestive system,Other diseases of anus and rectum,17497,874,1.68 [1.28-2.20],0.0001887359709246
CLMP,CXADR-like membrane protein,Chapter XI Diseases of the digestive system,Other diseases of intestine,16938,315,2.68 [1.77-4.05],3.1560664741418567e-06
CLMP,CXADR-like membrane protein,Chapter XI Diseases of the digestive system,Other diseases of peritoneum,23513,42,1.17 [0.36-3.77],0.7923372744800692
CLMP,CXADR-like membrane protein,Chapter XI Diseases of the digestive system,Diseases of liver,23068,144,5.40 [3.23-9.05],1.4290095099484496e-10
CLMP,CXADR-like membrane protein,Chapter XI Diseases of the digestive system,Other diseases of liver,23008,84,4.95 [2.52-9.73],3.472409567756921e-06
CLMP,CXADR-like membrane protein,Chapter XI Diseases of the digestive system,"Disorders of gallbladder, biliary tract and pancreas",22749,375,2.59 [1.79-3.75],4.737960298336814e-07
CLMP,CXADR-like membrane protein,Chapter XI Diseases of the digestive system,Cholelithiasis,22646,272,2.34 [1.51-3.64],0.00014609083411
CLMP,CXADR-like membrane protein,Chapter XI Diseases of the digestive system,Cholecystitis,22441,67,1.42 [0.56-3.62],0.4653810463634096
CLMP,CXADR-like membrane protein,Chapter XI Diseases of the digestive system,Other diseases of biliary tract,22407,33,7.16 [2.85-17.97],2.754903343719565e-05
CLMP,CXADR-like membrane protein,Chapter XI Diseases of the digestive system,Acute pancreatitis,22449,75,1.99 [0.85-4.66],0.1133336513607616
CLMP,CXADR-like membrane protein,Chapter XI Diseases of the digestive system,Acute pancreatitis (for exclusion),23719,75,1.88 [0.81-4.40],0.1426309784858334
CLMP,CXADR-like membrane protein,Chapter XI Diseases of the digestive system,Diseases of the digestive system,22524,323,2.07 [1.37-3.11],0.0005043228989474
CLMP,CXADR-like membrane protein,Chapter XI Diseases of the digestive system,Intestinal malabsorption,22238,37,0.83 [0.22-3.06],0.7759584441218296
CLMP,CXADR-like membrane protein,Chapter XI Diseases of the digestive system,Coeliac disease,22228,27,0.30 [0.06-1.44],0.1336412189514879
CLMP,CXADR-like membrane protein,Chapter XI Diseases of the digestive system,"Postprocedural disorders of digestive system, not elsewhere classified",22262,61,3.35 [1.43-7.84],0.0053804647089112
CLMP,CXADR-like membrane protein,Chapter XI Diseases of the digestive system,Other diseases of the digestive system,22432,231,2.05 [1.27-3.32],0.0033958557666333
CLMP,CXADR-like membrane protein,Chapter XI Diseases of the digestive system,GI-bleeding,22428,227,2.06 [1.27-3.34],0.0035757287652951
CLMP,CXADR-like membrane protein,Chapter XII Diseases of the skin and subcutaneous tissue,Diseases of the skin and subcutaneous tissue,20738,1490,2.16 [1.75-2.65],4.048263362264498e-13
CLMP,CXADR-like membrane protein,Chapter XII Diseases of the skin and subcutaneous tissue,Dermatitis and eczema,23466,93,1.12 [0.50-2.52],0.7833543548582536
CLMP,CXADR-like membrane protein,Chapter XII Diseases of the skin and subcutaneous tissue,Disorders of skin appendages,23528,450,1.58 [1.10-2.27],0.0139321031332753
CLMP,CXADR-like membrane protein,Chapter XII Diseases of the skin and subcutaneous tissue,Other disorders of skin and subcutaneous tissue,22297,458,2.39 [1.69-3.37],8.543794565587409e-07
CLMP,CXADR-like membrane protein,Chapter XII Diseases of the skin and subcutaneous tissue,Infections of the skin and subcutaneous tissue,22902,468,2.75 [1.95-3.87],6.883167612618918e-09
CLMP,CXADR-like membrane protein,Chapter XII Diseases of the skin and subcutaneous tissue,"Cutaneous abscess, furuncle and carbuncle",22540,106,3.03 [1.52-6.01],0.0015499974959541
CLMP,CXADR-like membrane protein,Chapter XII Diseases of the skin and subcutaneous tissue,Cellulitis,22736,302,3.45 [2.28-5.22],4.80865801029397e-09
CLMP,CXADR-like membrane protein,Chapter XII Diseases of the skin and subcutaneous tissue,Papulosquamous disorders,23638,94,2.71 [1.34-5.50],0.0057061533244166
CLMP,CXADR-like membrane protein,Chapter XII Diseases of the skin and subcutaneous tissue,Psoriasis,23623,79,4.01 [1.97-8.18],0.0001322570827674
CLMP,CXADR-like membrane protein,Chapter XII Diseases of the skin and subcutaneous tissue,Other and unspecified psoriasis,23603,59,2.65 [1.09-6.45],0.0315190027463563
CLMP,CXADR-like membrane protein,Chapter XII Diseases of the skin and subcutaneous tissue,Radiation-related disorders of the skin and subcutaneous tissue,23589,59,nan [nan-nan],
CLMP,CXADR-like membrane protein,Chapter XII Diseases of the skin and subcutaneous tissue,Skin changes due to chronic exposure to nonionizing radiation,23587,57,nan [nan-nan],
CLMP,CXADR-like membrane protein,Chapter XII Diseases of the skin and subcutaneous tissue,Nail disorders,23133,55,1.91 [0.67-5.42],0.2267864838291418
CLMP,CXADR-like membrane protein,Chapter XII Diseases of the skin and subcutaneous tissue,Follicular cysts of skin and subcutaneous tissue,23445,367,1.38 [0.92-2.08],0.1186202966674118
CLMP,CXADR-like membrane protein,Chapter XII Diseases of the skin and subcutaneous tissue,Seborrhoeic keratosis,21920,81,0.68 [0.27-1.68],0.4001534106197414
CLMP,CXADR-like membrane protein,Chapter XII Diseases of the skin and subcutaneous tissue,Atrophic disorders of skin,21885,46,1.25 [0.40-3.97],0.7002967643216021
CLMP,CXADR-like membrane protein,Chapter XII Diseases of the skin and subcutaneous tissue,Scar conditions and fibrosis of skin,21880,41,0.86 [0.25-2.97],0.81129774815005
CLMP,CXADR-like membrane protein,Chapter XII Diseases of the skin and subcutaneous tissue,"Other disorders of skin and subcutaneous tissue, not elsewhere classified",22023,184,1.24 [0.69-2.22],0.4654943587172983
CLMP,CXADR-like membrane protein,Chapter XII Diseases of the skin and subcutaneous tissue,Other and unspecified disorders of skin and subcutaneous tissue,22001,162,1.14 [0.61-2.12],0.6851562125642632
CLMP,CXADR-like membrane protein,Chapter XIII Diseases of the musculoskeletal system and connective tissue,Diseases of the musculoskeletal system and connective tissue,17655,3574,1.86 [1.59-2.16],1.6247071811787817e-15
CLMP,CXADR-like membrane protein,Chapter XIII Diseases of the musculoskeletal system and connective tissue,Arthropathies,19141,2098,1.62 [1.34-1.95],3.462949163355307e-07
CLMP,CXADR-like membrane protein,Chapter XIII Diseases of the musculoskeletal system and connective tissue,Soft tissue disorders,21659,1081,1.45 [1.14-1.84],0.002704128885739
CLMP,CXADR-like membrane protein,Chapter XIII Diseases of the musculoskeletal system and connective tissue,Rheumatoid arthritis,17133,90,7.25 [3.77-13.95],2.8961073618991782e-09
CLMP,CXADR-like membrane protein,Chapter XIII Diseases of the musculoskeletal system and connective tissue,Polyarthropathies,17457,414,4.86 [3.43-6.88],5.682056237470375e-19
CLMP,CXADR-like membrane protein,Chapter XIII Diseases of the musculoskeletal system and connective tissue,"Other (seronegative) rheumatoid arthritis, wide",23649,87,6.06 [3.31-11.10],5.412880146220387e-09
CLMP,CXADR-like membrane protein,Chapter XIII Diseases of the musculoskeletal system and connective tissue,Other/unspecified rheumatoid arthritis,23654,77,6.42 [3.41-12.08],8.582240497164171e-09
CLMP,CXADR-like membrane protein,Chapter XIII Diseases of the musculoskeletal system and connective tissue,Arthrosis,18106,1063,1.36 [1.06-1.76],0.0174960842354834
CLMP,CXADR-like membrane protein,Chapter XIII Diseases of the musculoskeletal system and connective tissue,"Artrosis, including avohilmo",20549,1063,1.16 [0.90-1.48],0.249836854206039
CLMP,CXADR-like membrane protein,Chapter XIII Diseases of the musculoskeletal system and connective tissue,Gout,17173,130,5.21 [2.87-9.47],6.156509793085025e-08
CLMP,CXADR-like membrane protein,Chapter XIII Diseases of the musculoskeletal system and connective tissue,"Gout, unspecified",22950,126,4.56 [2.54-8.16],3.440355028977189e-07
CLMP,CXADR-like membrane protein,Chapter XIII Diseases of the musculoskeletal system and connective tissue,Other specified/unspecified arthritis,17210,167,4.52 [2.66-7.68],2.3296013414680252e-08
CLMP,CXADR-like membrane protein,Chapter XIII Diseases of the musculoskeletal system and connective tissue,Polyarthrosis,17099,56,0.95 [0.33-2.79],0.931400394859798
CLMP,CXADR-like membrane protein,Chapter XIII Diseases of the musculoskeletal system and connective tissue,Coxarthrosis,17297,254,1.13 [0.68-1.88],0.6263075144701473
CLMP,CXADR-like membrane protein,Chapter XIII Diseases of the musculoskeletal system and connective tissue,"Coxarthrosis, primary",23788,123,1.30 [0.66-2.57],0.4461498828270568
CLMP,CXADR-like membrane protein,Chapter XIII Diseases of the musculoskeletal system and connective tissue,Gonarthrosis,17615,572,1.38 [0.98-1.94],0.0650387197240225
CLMP,CXADR-like membrane protein,Chapter XIII Diseases of the musculoskeletal system and connective tissue,Other arthrosis,17347,304,1.94 [1.24-3.02],0.0034672048851722
CLMP,CXADR-like membrane protein,Chapter XIII Diseases of the musculoskeletal system and connective tissue,Other joint disorders,18207,1164,1.16 [0.91-1.49],0.2283229382429655
CLMP,CXADR-like membrane protein,Chapter XIII Diseases of the musculoskeletal system and connective tissue,Other deformities of toe(s),17066,23,5.30 [1.34-20.96],0.0175240627928144
CLMP,CXADR-like membrane protein,Chapter XIII Diseases of the musculoskeletal system and connective tissue,Hallux valgus (acquired),17090,47,0.59 [0.18-1.93],0.3830732496956975
CLMP,CXADR-like membrane protein,Chapter XIII Diseases of the musculoskeletal system and connective tissue,Hallux rigidus,17073,30,3.59 [0.97-13.29],0.0556086045311527
CLMP,CXADR-like membrane protein,Chapter XIII Diseases of the musculoskeletal system and connective tissue,Other hammer toe(s) (acquired),17058,15,0.81 [0.10-6.76],0.8471334113474147
CLMP,CXADR-like membrane protein,Chapter XIII Diseases of the musculoskeletal system and connective tissue,Internal derangement of knee,17644,601,0.94 [0.67-1.33],0.7386097188380023
CLMP,CXADR-like membrane protein,Chapter XIII Diseases of the musculoskeletal system and connective tissue,Meniscus derangement,17568,525,0.91 [0.63-1.32],0.6211592997873301
CLMP,CXADR-like membrane protein,Chapter XIII Diseases of the musculoskeletal system and connective tissue,Pain in joint,19303,258,1.45 [0.88-2.39],0.1420565986459034
CLMP,CXADR-like membrane protein,Chapter XIII Diseases of the musculoskeletal system and connective tissue,Systemic lupus erythematosus,23628,37,7.39 [3.08-17.73],7.323083222119238e-06
CLMP,CXADR-like membrane protein,Chapter XIII Diseases of the musculoskeletal system and connective tissue,Other systemic involvement of connective tissue,23609,18,9.10 [2.84-29.18],0.0002026414864232
CLMP,CXADR-like membrane protein,Chapter XIII Diseases of the musculoskeletal system and connective tissue,Deforming dorsopathies,20906,45,6.73 [2.94-15.42],6.64682323978686e-06
CLMP,CXADR-like membrane protein,Chapter XIII Diseases of the musculoskeletal system and connective tissue,Spondylopathies,21148,287,2.58 [1.70-3.91],7.70715113155436e-06
CLMP,CXADR-like membrane protein,Chapter XIII Diseases of the musculoskeletal system and connective tissue,Dorsopathies,21691,830,2.00 [1.54-2.61],2.830801470941784e-07
CLMP,CXADR-like membrane protein,Chapter XIII Diseases of the musculoskeletal system and connective tissue,Spondylosis,21023,162,2.66 [1.55-4.55],0.0003659848600758
CLMP,CXADR-like membrane protein,Chapter XIII Diseases of the musculoskeletal system and connective tissue,Spinal stenosis,20957,96,1.58 [0.74-3.36],0.237611253537279
CLMP,CXADR-like membrane protein,Chapter XIII Diseases of the musculoskeletal system and connective tissue,"Other dorsopathies, not elsewhere classified",21507,646,1.94 [1.43-2.62],1.658222199079992e-05
CLMP,CXADR-like membrane protein,Chapter XIII Diseases of the musculoskeletal system and connective tissue,Cervical disc disorders,20911,50,0.78 [0.24-2.47],0.6684781541854268
CLMP,CXADR-like membrane protein,Chapter XIII Diseases of the musculoskeletal system and connective tissue,Other intervertebral disc disorders,21090,229,2.05 [1.24-3.38],0.0048245265496208
CLMP,CXADR-like membrane protein,Chapter XIII Diseases of the musculoskeletal system and connective tissue,Lumbar disc prolapse,20962,101,2.19 [1.02-4.69],0.0441959473634975
CLMP,CXADR-like membrane protein,Chapter XIII Diseases of the musculoskeletal system and connective tissue,Sciatica+with lumbago,20927,66,3.14 [1.35-7.30],0.0080121867319028
CLMP,CXADR-like membrane protein,Chapter XIII Diseases of the musculoskeletal system and connective tissue,Other/unspecified dorsalgia,20979,118,3.02 [1.62-5.64],0.0005287651334428
CLMP,CXADR-like membrane protein,Chapter XIII Diseases of the musculoskeletal system and connective tissue,Cervicalgia,20913,52,1.58 [0.55-4.50],0.3925018454455599
CLMP,CXADR-like membrane protein,Chapter XIII Diseases of the musculoskeletal system and connective tissue,Low back pain,21121,260,1.89 [1.18-3.02],0.0077180593742867
CLMP,CXADR-like membrane protein,Chapter XIII Diseases of the musculoskeletal system and connective tissue,Disorders of synovium and tendon,20819,241,1.53 [0.92-2.54],0.100454572481439
CLMP,CXADR-like membrane protein,Chapter XIII Diseases of the musculoskeletal system and connective tissue,Other/unspecified synovitis and tenosynovitis,20642,64,1.02 [0.37-2.79],0.9769085054720792
CLMP,CXADR-like membrane protein,Chapter XIII Diseases of the musculoskeletal system and connective tissue,Trigger finger,20642,64,1.55 [0.60-4.00],0.364772731082001
CLMP,CXADR-like membrane protein,Chapter XIII Diseases of the musculoskeletal system and connective tissue,Ganglion,20640,62,2.28 [0.86-5.99],0.0957255003740026
CLMP,CXADR-like membrane protein,Chapter XIII Diseases of the musculoskeletal system and connective tissue,"Soft tissue disorders related to use, overuse and pressure",20638,60,1.85 [0.67-5.10],0.2351912329243172
CLMP,CXADR-like membrane protein,Chapter XIII Diseases of the musculoskeletal system and connective tissue,Fibroblastic disorders,20751,173,0.81 [0.45-1.48],0.500432752958381
CLMP,CXADR-like membrane protein,Chapter XIII Diseases of the musculoskeletal system and connective tissue,Palmar fascial fibromatosis [Dupuytren],20740,162,0.88 [0.48-1.64],0.6957824694871666
CLMP,CXADR-like membrane protein,Chapter XIII Diseases of the musculoskeletal system and connective tissue,Shoulder lesions,20827,249,1.35 [0.83-2.21],0.2249888614020196
CLMP,CXADR-like membrane protein,Chapter XIII Diseases of the musculoskeletal system and connective tissue,Other shoulder lesions,20628,50,2.08 [0.74-5.86],0.166320796565602
CLMP,CXADR-like membrane protein,Chapter XIII Diseases of the musculoskeletal system and connective tissue,Rotator cuff syndrome,20663,85,1.29 [0.57-2.93],0.541907687232604
CLMP,CXADR-like membrane protein,Chapter XIII Diseases of the musculoskeletal system and connective tissue,Impingement syndrome of shoulder,20691,113,0.84 [0.40-1.78],0.6555356297027151
CLMP,CXADR-like membrane protein,Chapter XIII Diseases of the musculoskeletal system and connective tissue,Other enthesopathies,20621,43,0.63 [0.19-2.15],0.4649953342745592
CLMP,CXADR-like membrane protein,Chapter XIII Diseases of the musculoskeletal system and connective tissue,"Other soft tissue disorders, not elsewhere classified",20926,348,2.03 [1.37-3.03],0.0004563184123303
CLMP,CXADR-like membrane protein,Chapter XIII Diseases of the musculoskeletal system and connective tissue,Other specified/unspecified soft tissue disorders,20723,145,2.02 [1.10-3.72],0.024113553459056
CLMP,CXADR-like membrane protein,Chapter XIII Diseases of the musculoskeletal system and connective tissue,Pain in limb,20762,184,2.43 [1.43-4.13],0.0010801626921171
CLMP,CXADR-like membrane protein,Chapter XIII Diseases of the musculoskeletal system and connective tissue,Osteoporosis,22885,105,2.18 [1.10-4.32],0.0250558423374251
CLMP,CXADR-like membrane protein,Chapter XIII Diseases of the musculoskeletal system and connective tissue,Osteopathies and chondropathies,23075,295,2.41 [1.58-3.68],4.628319233021492e-05
CLMP,CXADR-like membrane protein,Chapter XIII Diseases of the musculoskeletal system and connective tissue,Disorders of continuity of bone,22838,58,2.78 [1.07-7.24],0.036645143997517
CLMP,CXADR-like membrane protein,Chapter XIII Diseases of the musculoskeletal system and connective tissue,Other specified/unspecified disorders of  bone/cartilage,22831,51,0.52 [0.16-1.65],0.2663717555722862
CLMP,CXADR-like membrane protein,Chapter XIII Diseases of the musculoskeletal system and connective tissue,Other disorders of bone,22869,89,1.75 [0.77-3.96],0.1797419262095095
CLMP,CXADR-like membrane protein,Chapter XIV Diseases of the genitourinary system,Genitourinary diseases,18328,2396,5.09 [4.26-6.09],6.624740638926369e-72
CLMP,CXADR-like membrane protein,Chapter XIV Diseases of the genitourinary system,Diseases of male genital organs,20593,1297,1.52 [1.22-1.89],0.0002045989831962
CLMP,CXADR-like membrane protein,Chapter XIV Diseases of the genitourinary system,Renal tubulo-interstitial diseases,21095,311,,
CLMP,CXADR-like membrane protein,Chapter XIV Diseases of the genitourinary system,Other obstructive and reflux uropathy,20878,94,,
CLMP,CXADR-like membrane protein,Chapter XIV Diseases of the genitourinary system,Acute renal failure,21123,74,,
CLMP,CXADR-like membrane protein,Chapter XIV Diseases of the genitourinary system,Chronic kidney disease,21143,94,,
CLMP,CXADR-like membrane protein,Chapter XIV Diseases of the genitourinary system,Unspecified kidney failure,21144,95,,
CLMP,CXADR-like membrane protein,Chapter XIV Diseases of the genitourinary system,Urolithiasis,23413,361,2.06 [1.40-3.04],0.0002600749345996
CLMP,CXADR-like membrane protein,Chapter XIV Diseases of the genitourinary system,Other disorders of kidney and ureter,23371,79,,
CLMP,CXADR-like membrane protein,Chapter XIV Diseases of the genitourinary system,Calculus of kidney and ureter,23307,255,2.31 [1.47-3.63],0.0002858122799699
CLMP,CXADR-like membrane protein,Chapter XIV Diseases of the genitourinary system,Unspecified renal colic,23185,133,1.71 [0.90-3.26],0.1026846290319593
CLMP,CXADR-like membrane protein,Chapter XIV Diseases of the genitourinary system,Other diseases of urinary system,21674,840,3.38 [2.62-4.36],5.615018463843138e-21
CLMP,CXADR-like membrane protein,Chapter XIV Diseases of the genitourinary system,Cystitis,20894,60,5.25 [2.29-12.01],8.659856943000564e-05
CLMP,CXADR-like membrane protein,Chapter XIV Diseases of the genitourinary system,Neuromuscular dysfunction of bladder,20907,73,4.87 [2.26-10.52],5.502565835763944e-05
CLMP,CXADR-like membrane protein,Chapter XIV Diseases of the genitourinary system,Other disorders of  bladder,21221,387,2.40 [1.64-3.51],7.350576974482927e-06
CLMP,CXADR-like membrane protein,Chapter XIV Diseases of the genitourinary system,Urethral stricture,20976,142,4.19 [2.37-7.39],7.650346194875972e-07
CLMP,CXADR-like membrane protein,Chapter XIV Diseases of the genitourinary system,Other disorders of urethra and urinary system,21203,369,5.60 [3.95-7.93],3.305800379247968e-22
CLMP,CXADR-like membrane protein,Chapter XIV Diseases of the genitourinary system,Hyperplasia of prostate,19871,575,1.19 [0.86-1.65],0.2942734292418795
CLMP,CXADR-like membrane protein,Chapter XIV Diseases of the genitourinary system,Inflammatory diseases of prostate (prostatitis),19403,107,1.80 [0.88-3.70],0.1079802451408987
CLMP,CXADR-like membrane protein,Chapter XIV Diseases of the genitourinary system,Hydrocele,19400,104,2.01 [0.98-4.12],0.0563940325657746
CLMP,CXADR-like membrane protein,Chapter XIV Diseases of the genitourinary system,"Redundant prepuce, phimosis and paraphimosis",19461,165,2.27 [1.28-4.04],0.0051713111522736
CLMP,CXADR-like membrane protein,Chapter XIV Diseases of the genitourinary system,Other disorders of penis,19458,162,2.05 [1.15-3.67],0.0151821352695629
CLMP,CXADR-like membrane protein,Chapter XIV Diseases of the genitourinary system,Other disorders of male genital organs,19515,219,1.56 [0.93-2.62],0.0906923068398116
CLMP,CXADR-like membrane protein,Chapter IX Diseases of the circulatory system,"Bradycardia, unspecified, drug-induced",23399,78,3.04 [1.43-6.47],0.0039074405888525
CLMP,CXADR-like membrane protein,Chapter VI Diseases of the nervous system,Falls/tendency to fall,21713,554,1.26 [0.89-1.77],0.1893282260163805
