Protein,Protein_definition,Trait_category,Trait,sample_size,Estimated_effect,se,lowerCI,upperCI,Pvalue
RPGR,X-linked retinitis pigmentosa GTPase regulator,Lifestyle factors,X1050.Time spend outdoors in summer,45117,0.0383811299452887,0.0306229515895361,-0.021639855170202,0.0984021150607794,0.210094279629064
RPGR,X-linked retinitis pigmentosa GTPase regulator,Lifestyle factors,X1060.Time spent outdoors in winter,41971,0.0285595794458838,0.0346527496127417,-0.0393598097950898,0.0964789686868575,0.409857096439499
RPGR,X-linked retinitis pigmentosa GTPase regulator,Physical activities,X1070.Time spent watching television (TV),46450,0.0335920159823776,0.0312763889376291,-0.0277097063353756,0.0948937383001307,0.282817635938592
RPGR,X-linked retinitis pigmentosa GTPase regulator,Physical activities,X1080.Time spent using computer,41975,-0.0264085462570719,0.0331876496647174,-0.091456339599918,0.0386392470857743,0.426197351684979
RPGR,X-linked retinitis pigmentosa GTPase regulator,Physical activities,X1090.Time spent driving,39757,-0.0429703811000482,0.0366247966685641,-0.114754982570434,0.0288142203703374,0.240710122108417
RPGR,X-linked retinitis pigmentosa GTPase regulator,Lifestyle factors,X1160.Sleep duration,47727,0.070356862483302,0.0282150705529,0.015055324199618,0.125658400766986,0.0126526833431788
RPGR,X-linked retinitis pigmentosa GTPase regulator,Health and medical history,X120039#0.Location of pain during the past week_None of the given areas,32444,0.014799210982429,0.0167005063445876,-0.0179337814529627,0.0475322034178206,0.375561517417723
RPGR,X-linked retinitis pigmentosa GTPase regulator,Health and medical history,X120039#1.Location of pain during the past week_Left shoulder,32444,0.00783235857250487,0.0149671430623734,-0.021503241829747,0.0371679589747568,0.600777563853878
RPGR,X-linked retinitis pigmentosa GTPase regulator,Health and medical history,X120039#10.Location of pain during the past week_Upper right leg,32444,0.014299808031232,0.0176767664941175,-0.0203466542972383,0.0489462703597022,0.418561877893876
RPGR,X-linked retinitis pigmentosa GTPase regulator,Health and medical history,X120039#11.Location of pain during the past week_Lower left leg,32444,0.00188239360302626,0.0180041245611769,-0.0334056905368804,0.0371704777429329,0.916732765610736
RPGR,X-linked retinitis pigmentosa GTPase regulator,Health and medical history,X120039#12.Location of pain during the past week_Lower right leg,32444,-0.0158781788169407,0.0182208591666073,-0.0515910627834911,0.0198347051496097,0.383546321031423
RPGR,X-linked retinitis pigmentosa GTPase regulator,Health and medical history,X120039#13.Location of pain during the past week_Left jaw pain,32444,-0.0338337326806802,0.0347190290314762,-0.101883029582374,0.0342155642210131,0.329837277430599
RPGR,X-linked retinitis pigmentosa GTPase regulator,Health and medical history,X120039#14.Location of pain during the past week_Right jaw pain,32444,0.0631795682119835,0.0343177183204738,-0.00408315969614508,0.130442296120112,0.0656558310818225
RPGR,X-linked retinitis pigmentosa GTPase regulator,Health and medical history,X120039#15.Location of pain during the past week_Chest pain,32444,0.0176425791665861,0.0270971589898839,-0.0354678524535864,0.0707530107867585,0.515009732716044
RPGR,X-linked retinitis pigmentosa GTPase regulator,Health and medical history,X120039#16.Location of pain during the past week_Abdomen,32444,-0.016909134932802,0.0194402654070444,-0.055012055130609,0.021193785265005,0.384436056295767
RPGR,X-linked retinitis pigmentosa GTPase regulator,Health and medical history,X120039#17.Location of pain during the past week_Neck pain,32444,-0.00230435947274504,0.0134649419558832,-0.0286956457062761,0.024086926760786,0.864119809231158
RPGR,X-linked retinitis pigmentosa GTPase regulator,Health and medical history,X120039#18.Location of pain during the past week_Upper back,32444,0.00969153811531018,0.0187048131413576,-0.0269698956417507,0.0463529718723711,0.604381417710836
RPGR,X-linked retinitis pigmentosa GTPase regulator,Health and medical history,X120039#19.Location of pain during the past week_Lower back,32444,-0.00442392706801283,0.0114432126569154,-0.026852623875567,0.0180047697395413,0.699063876170286
RPGR,X-linked retinitis pigmentosa GTPase regulator,Health and medical history,X120039#2.Location of pain during the past week_Right shoulder,32444,0.0125273245670399,0.0142083846857025,-0.015321109416937,0.0403757585510168,0.377973503195903
RPGR,X-linked retinitis pigmentosa GTPase regulator,Health and medical history,X120039#3.Location of pain during the past week_Upper left arm,32444,0.0163883390665815,0.0202445526246056,-0.0232909840776455,0.0560676622108085,0.418241089090957
RPGR,X-linked retinitis pigmentosa GTPase regulator,Health and medical history,X120039#4.Location of pain during the past week_Upper right arm,32444,0.00172918251522577,0.0191319765269317,-0.0357694914775603,0.0392278565080118,0.927986082311452
RPGR,X-linked retinitis pigmentosa GTPase regulator,Health and medical history,X120039#5.Location of pain during the past week_Lower left arm,32444,0.022352859996399,0.0263500316937426,-0.0292932021233366,0.0739989221161345,0.396293616487791
RPGR,X-linked retinitis pigmentosa GTPase regulator,Health and medical history,X120039#6.Location of pain during the past week_Lower right arm,32444,0.0381726804570837,0.0250906799377322,-0.0110050522208715,0.0873504131350388,0.128201849338602
RPGR,X-linked retinitis pigmentosa GTPase regulator,Health and medical history,X120039#7.Location of pain during the past week_Left hip,32444,0.0239182247130363,0.0151662929369674,-0.00580770944341984,0.0536441588694924,0.11482022488012
RPGR,X-linked retinitis pigmentosa GTPase regulator,Health and medical history,X120039#8.Location of pain during the past week_Right hip,32444,-0.000837044682784925,0.0141358389029926,-0.0285432889326504,0.0268691995670805,0.952782850931528
RPGR,X-linked retinitis pigmentosa GTPase regulator,Health and medical history,X120039#9.Location of pain during the past week_Upper left leg,32444,0.00986309977633663,0.018752159652499,-0.0268911331425615,0.0466173326952347,0.598922668377284
RPGR,X-linked retinitis pigmentosa GTPase regulator,Health and medical history,X120040.Fatigue severity over the past week,32451,0.00588431347804263,0.0465871958305451,-0.0854265903498257,0.097195217305911,0.899491673888428
RPGR,X-linked retinitis pigmentosa GTPase regulator,Health and medical history,X120041.Waking unrefreshed severity over the past week,32449,0.0441119994495806,0.0467815346838523,-0.04757980853077,0.135803807429931,0.345742063028377
RPGR,X-linked retinitis pigmentosa GTPase regulator,Health and medical history,X120042.Cognitive symptoms severity over the past week,32448,-0.0148845134902399,0.050852016478344,-0.114554465787794,0.0847854388073143,0.769757138534673
RPGR,X-linked retinitis pigmentosa GTPase regulator,Health and medical history,X120098.Mobility problems today,32454,-0.031885946294515,0.0568512046227762,-0.143314307355156,0.0795424147661264,0.574904137042664
RPGR,X-linked retinitis pigmentosa GTPase regulator,Health and medical history,X120099.Self-care problems today,32454,0.0563470689041225,0.0822999335638255,-0.104960800880975,0.21765493868922,0.493581427666231
RPGR,X-linked retinitis pigmentosa GTPase regulator,Health and medical history,X120100.Problems doing usual activities,32454,0.0442752965874386,0.0520925525189709,-0.0578261063497443,0.146376699524621,0.395386525031478
RPGR,X-linked retinitis pigmentosa GTPase regulator,Health and medical history,X120101.Pain or discomfort today,32454,0.0352847747639277,0.0471923852043464,-0.0572123002365913,0.127781849764447,0.45467553216683
RPGR,X-linked retinitis pigmentosa GTPase regulator,Health and medical history,X120102.Anxiety or depression today,32454,0.0376461097517063,0.0545188371749114,-0.06921081111112,0.144503030614533,0.48989001311005
RPGR,X-linked retinitis pigmentosa GTPase regulator,Health and medical history,X120103.Scale to indicate how health is today,32417,-0.00152640800150998,0.00492415362144797,-0.011177749099548,0.00812493309652804,0.756581362264889
RPGR,X-linked retinitis pigmentosa GTPase regulator,Health and medical history,X120104.Little interest or pleasure in doing things over the last two weeks,32430,0.00930941769891305,0.056432159813332,-0.101297615535218,0.119916450933044,0.868974505240355
RPGR,X-linked retinitis pigmentosa GTPase regulator,Health and medical history,"X120105.Feeling down, depressed, or hopeless over the last two weeks",32408,-0.0494201758804238,0.058085317581741,-0.163267398340636,0.0644270465797885,0.394894713227267
RPGR,X-linked retinitis pigmentosa GTPase regulator,Health and medical history,"X120106.Trouble falling or staying asleep, or sleeping too much over the last two weeks",32439,0.0613600920945392,0.0462077220296004,-0.0292070430834775,0.151927227272556,0.184242966663141
RPGR,X-linked retinitis pigmentosa GTPase regulator,Health and medical history,X120107.Feeling tired or having little energy over the last two weeks,32437,0.01025807945643,0.0477261768703257,-0.0832852272094084,0.103801386122268,0.829822610687817
RPGR,X-linked retinitis pigmentosa GTPase regulator,Health and medical history,X120108.Poor appetite or overeating over the last two weeks,32440,-0.0713442517099576,0.0586401316610805,-0.186278909765675,0.0435904063457602,0.223775082489608
RPGR,X-linked retinitis pigmentosa GTPase regulator,Health and medical history,X120109.Feeling bad about self over the last two weeks,32413,-0.115723117809611,0.0625756413446512,-0.238371374845128,0.00692513922590501,0.0644469824284826
RPGR,X-linked retinitis pigmentosa GTPase regulator,Health and medical history,X120110.Trouble concentrating over the last two weeks,32437,-0.127830119002567,0.0643956796620954,-0.254045651140274,-0.00161458686486024,0.0471705282548712
RPGR,X-linked retinitis pigmentosa GTPase regulator,Health and medical history,X120111.Moving or speaking slower or faster than usual over the last two weeks,32427,-0.0283429183956465,0.0909545675714323,-0.206613870835654,0.149928034044361,0.75534035471353
RPGR,X-linked retinitis pigmentosa GTPase regulator,Health and medical history,X120112.Thoughts of being better off dead or of hurting self over the last two weeks,32395,-0.0924193681799195,0.127985232483714,-0.343270423847999,0.15843168748816,0.470248344253285
RPGR,X-linked retinitis pigmentosa GTPase regulator,Health and medical history,"X120113.Level of difficultly depression has made to do work, take care of things at home, or get along with other people",30461,-0.0496965800857777,0.0612627367152877,-0.169771544047742,0.0703783838761861,0.417280640347598
RPGR,X-linked retinitis pigmentosa GTPase regulator,Lifestyle factors,X1269.Exposure to tobacco smoke at home,45725,0.0737897642102487,0.0638373748197627,-0.0513314904364861,0.198911018856984,0.247734130685303
RPGR,X-linked retinitis pigmentosa GTPase regulator,Lifestyle factors,X1279.Exposure to tobacco smoke outside home,44142,-0.0902472776432047,0.045428565548607,-0.179287266118474,-0.00120728916793504,0.0469832916447902
RPGR,X-linked retinitis pigmentosa GTPase regulator,Diet and food preferences,X1289.Cooked vegetable intake,47262,0.0110860297789781,0.0296601776286862,-0.0470479183732469,0.0692199779312032,0.708580289989956
RPGR,X-linked retinitis pigmentosa GTPase regulator,Diet and food preferences,X1299.Salad  or  raw vegetable intake,46841,0.0651588764493175,0.0321060833125556,0.00223095315670849,0.128086799741926,0.0424205232459844
RPGR,X-linked retinitis pigmentosa GTPase regulator,Diet and food preferences,X1309.Fresh fruit intake,47317,-0.0176795337152925,0.0305586569249173,-0.0775745012881303,0.0422154338575453,0.562902463933723
RPGR,X-linked retinitis pigmentosa GTPase regulator,Diet and food preferences,X1319.Dried fruit intake,45863,0.0303737239919372,0.0306209476789709,-0.0296433334588458,0.0903907814427202,0.321244678074568
RPGR,X-linked retinitis pigmentosa GTPase regulator,Health and medical history,X134.Number of self-reported cancers,47978,0.0386234379954668,0.0497125608025538,-0.0588131811775387,0.136060057168472,0.437204819455138
RPGR,X-linked retinitis pigmentosa GTPase regulator,Health and medical history,X135.Number of self-reported non-cancer illnesses,47978,0.0442970214589931,0.0291133646935455,-0.0127651733403561,0.101359216258342,0.128138919446082
RPGR,X-linked retinitis pigmentosa GTPase regulator,Health and medical history,"X136.Number of operations, self-reported",47978,0.000728872964351399,0.0294239425210467,-0.0569420543769001,0.0583998003056029,0.980237494281244
RPGR,X-linked retinitis pigmentosa GTPase regulator,Health and medical history,X137.Number of treatments or medications taken,47978,0.0534369868726145,0.0285021831860582,-0.0024272921720595,0.109301265917289,0.0608273411980498
RPGR,X-linked retinitis pigmentosa GTPase regulator,Diet and food preferences,X1438.Bread intake,47167,-0.00345473119767314,0.00311318707800708,-0.00955657787056702,0.00264711547522074,0.267136263280724
RPGR,X-linked retinitis pigmentosa GTPase regulator,Diet and food preferences,X1458.Cereal intake,46801,0.0485114533631675,0.0289948190737884,-0.0083183920214577,0.105341298747793,0.0943201035986231
RPGR,X-linked retinitis pigmentosa GTPase regulator,Diet and food preferences,X1488.Tea intake,47185,0.000697320277250754,0.00287360143250198,-0.00493493853045313,0.00632957908495464,0.808267709274803
RPGR,X-linked retinitis pigmentosa GTPase regulator,Diet and food preferences,X1498.Coffee intake,46155,0.0366599284270026,0.0290013728299674,-0.0201827623197335,0.0935026191737387,0.206216461823204
RPGR,X-linked retinitis pigmentosa GTPase regulator,Diet and food preferences,X1528.Water intake,46515,0.00852921708219687,0.0300820877714307,-0.0504316749498074,0.0674901091142011,0.776772159671549
RPGR,X-linked retinitis pigmentosa GTPase regulator,Lifestyle factors,X1568.Average weekly red wine intake,38798,-0.00240211731360498,0.035268810581496,-0.0715289860533372,0.0667247514261272,0.945699953106396
RPGR,X-linked retinitis pigmentosa GTPase regulator,Lifestyle factors,X1578.Average weekly champagne plus white wine intake,38791,0.0219166380264262,0.0357951637411154,-0.04824188290616,0.0920751589590125,0.540362688087266
RPGR,X-linked retinitis pigmentosa GTPase regulator,Lifestyle factors,X1588.Average weekly beer plus cider intake,38818,-0.0313561238805093,0.0450969317952825,-0.119746110199263,0.0570338624382444,0.48687540461325
RPGR,X-linked retinitis pigmentosa GTPase regulator,Lifestyle factors,X1598.Average weekly spirits intake,38753,0.038060948193535,0.0396092677862201,-0.0395732166674563,0.115695113054526,0.336613584482478
RPGR,X-linked retinitis pigmentosa GTPase regulator,Lifestyle factors,X1608.Average weekly fortified wine intake,38819,-0.013469967740909,0.0609592503891451,-0.132950098503633,0.106010163021815,0.825121459161778
RPGR,X-linked retinitis pigmentosa GTPase regulator,Lifestyle factors,X1737.Childhood sunburn occasions,42358,0.0304122868988004,0.0342599473372768,-0.0367372098822621,0.0975617836798629,0.374718284304548
RPGR,X-linked retinitis pigmentosa GTPase regulator,Health and medical history,X1807.Father's age at death,41723,-0.00266523073847801,0.00332020464319152,-0.00917283183913337,0.00384237036217736,0.422141356299791
RPGR,X-linked retinitis pigmentosa GTPase regulator,Health and medical history,X1845.Mother's age,33586,-0.0184061174901059,0.00805532914025866,-0.0341945626050129,-0.0026176723751989,0.0223379001664625
RPGR,X-linked retinitis pigmentosa GTPase regulator,Health and medical history,X1873.Number of full brothers,47530,-0.0327161315926276,0.0281283744421949,-0.0878477454993296,0.0224154823140745,0.244800680628673
RPGR,X-linked retinitis pigmentosa GTPase regulator,Health and medical history,X1883.Number of full sisters,47534,-0.0106736499652179,0.0280934003010696,-0.0657367145553142,0.0443894146248785,0.703997586381987
RPGR,X-linked retinitis pigmentosa GTPase regulator,Physical measures,X20015.Sitting height,47815,0.00242579084455537,0.0038333564407598,-0.00508758777933384,0.00993916946844458,0.526863143050898
RPGR,X-linked retinitis pigmentosa GTPase regulator,Cognitive function,X20016.Fluid intelligence score,32094,0.0660414226009356,0.0488699496698202,-0.029743678751912,0.161826523953783,0.176616750076424
RPGR,X-linked retinitis pigmentosa GTPase regulator,Cognitive function,X20018.Prospective memory result,32380,-0.0960506300034633,0.0647245570617643,-0.222910761844521,0.0308095018375947,0.137851190854314
RPGR,X-linked retinitis pigmentosa GTPase regulator,Physical measures,X20019.Speech-reception-threshold (SRT) estimate (left),31978,0.00196254922095691,0.00513922311996752,-0.00811032809417942,0.0120354265360932,0.702563654994204
RPGR,X-linked retinitis pigmentosa GTPase regulator,Physical measures,X20021.Speech-reception-threshold (SRT) estimate (right),31967,-0.00415644136496888,0.00514060481441554,-0.0142320268012233,0.00591914407128559,0.418799031924502
RPGR,X-linked retinitis pigmentosa GTPase regulator,Cognitive function,X20023.Mean time to correctly identify matches,47705,-0.00456661502961042,0.00314143180493753,-0.010723821367288,0.00159059130806714,0.146050444761143
RPGR,X-linked retinitis pigmentosa GTPase regulator,Health and medical history,X20107#1.Illnesses of father_Heart disease,45236,0.0053174010810363,0.00641924777896798,-0.00726432456574095,0.0178991267278135,0.407480310391419
RPGR,X-linked retinitis pigmentosa GTPase regulator,Health and medical history,X20107#10.Illnesses of father_Alzheimer's disease or dementia,44874,-0.0225074437323844,0.0139360568465103,-0.0498221151515445,0.00480722768677581,0.10631508058375
RPGR,X-linked retinitis pigmentosa GTPase regulator,Health and medical history,X20107#11.Illnesses of father_Parkinson's disease,44846,-0.0190419667605789,0.018890832779821,-0.056067999009028,0.0179840654878703,0.313466235439154
RPGR,X-linked retinitis pigmentosa GTPase regulator,Health and medical history,X20107#12.Illnesses of father_Severe depression,44865,-0.00326230192482607,0.0150427324841839,-0.0327460575938265,0.0262214537441743,0.828312626438626
RPGR,X-linked retinitis pigmentosa GTPase regulator,Health and medical history,X20107#13.Illnesses of father_Prostate cancer,44869,0.0146570536715375,0.0114032363032055,-0.00769328948274529,0.0370073968258203,0.198687528576028
RPGR,X-linked retinitis pigmentosa GTPase regulator,Health and medical history,X20107#2.Illnesses of father_Stroke,45004,-0.00951211118618924,0.00831155119337699,-0.0258027515252081,0.00677852915282967,0.252452563890753
RPGR,X-linked retinitis pigmentosa GTPase regulator,Health and medical history,X20107#3.Illnesses of father_Lung cancer,44950,0.012644668906237,0.0104538216536441,-0.00784482153490552,0.0331341593473795,0.226456421976477
RPGR,X-linked retinitis pigmentosa GTPase regulator,Health and medical history,X20107#4.Illnesses of father_Bowel cancer,44871,-0.0185814816387929,0.0132464041259156,-0.0445444337255875,0.00738147044800182,0.160704618368158
RPGR,X-linked retinitis pigmentosa GTPase regulator,Health and medical history,X20107#6.Illnesses of father_Chronic bronchitis or emphysema,45004,-0.0100397617551602,0.00938661152272262,-0.0284375203396965,0.00835799682937613,0.28481953330901
RPGR,X-linked retinitis pigmentosa GTPase regulator,Health and medical history,X20107#8.Illnesses of father_High blood pressure,45049,-0.00158188163835096,0.00714976884150005,-0.0155954285676911,0.0124316652909891,0.824900486379916
RPGR,X-linked retinitis pigmentosa GTPase regulator,Health and medical history,X20107#9.Illnesses of father_Diabetes,44937,0.0042823208820724,0.00994171740254764,-0.015203445226921,0.0237680869910658,0.666660095424245
RPGR,X-linked retinitis pigmentosa GTPase regulator,Health and medical history,X20110#1.Illnesses of mother_Heart disease,46391,0.00446463794483241,0.00709793540738608,-0.0094473154536443,0.0183765913433091,0.52935223186908
RPGR,X-linked retinitis pigmentosa GTPase regulator,Health and medical history,X20110#10.Illnesses of mother_Alzheimer's disease or dementia,46275,0.0122973946795796,0.0104097449167875,-0.00810570535732393,0.0327004947164831,0.237482592892796
RPGR,X-linked retinitis pigmentosa GTPase regulator,Health and medical history,X20110#11.Illnesses of mother_Parkinson's disease,46222,0.0596082464602947,0.0224251963999749,0.0156548615163439,0.103561631404245,0.007864173764636
RPGR,X-linked retinitis pigmentosa GTPase regulator,Health and medical history,X20110#12.Illnesses of mother_Severe depression,46253,-0.00416522992213657,0.0112068907684662,-0.0261307358283302,0.0178002759840571,0.71014451282241
RPGR,X-linked retinitis pigmentosa GTPase regulator,Health and medical history,X20110#2.Illnesses of mother_Stroke,46335,-0.00271312926513618,0.00816801911034694,-0.0187224467214162,0.0132961881911438,0.739767926307417
RPGR,X-linked retinitis pigmentosa GTPase regulator,Health and medical history,X20110#3.Illnesses of mother_Lung cancer,46235,-0.00510387341319053,0.0150305801616137,-0.0345638105299534,0.0243560637035723,0.734186688553506
RPGR,X-linked retinitis pigmentosa GTPase regulator,Health and medical history,X20110#4.Illnesses of mother_Bowel cancer,46233,-0.00219718783233253,0.0135274292438818,-0.0287109491503408,0.0243165734856758,0.87097297484677
RPGR,X-linked retinitis pigmentosa GTPase regulator,Health and medical history,X20110#5.Illnesses of mother_Breast cancer,46261,-0.00244327509066895,0.0106212387242452,-0.0232609029901896,0.0183743528088517,0.81806538115611
RPGR,X-linked retinitis pigmentosa GTPase regulator,Health and medical history,X20110#6.Illnesses of mother_Chronic bronchitis or emphysema,46279,0.00106747609534242,0.0119623465441053,-0.022378723131104,0.0245136753217888,0.928894899374893
RPGR,X-linked retinitis pigmentosa GTPase regulator,Health and medical history,X20110#8.Illnesses of mother_High blood pressure,46419,0.00533500046017194,0.00617890538408374,-0.00677565409263219,0.0174456550129761,0.387915126722952
RPGR,X-linked retinitis pigmentosa GTPase regulator,Health and medical history,X20110#9.Illnesses of mother_Diabetes,46290,0.0109811240990433,0.00971044673721508,-0.00805135150589823,0.0300135997039849,0.258127814569401
RPGR,X-linked retinitis pigmentosa GTPase regulator,Health and medical history,X20111#1.Illnesses of siblings_Heart disease,43357,-0.000494034370163346,0.0101514328954466,-0.0203908428452386,0.0194027741049119,0.961185614050035
RPGR,X-linked retinitis pigmentosa GTPase regulator,Health and medical history,X20111#10.Illnesses of siblings_Alzheimer's disease or dementia,43233,0.0287879480487646,0.0402810528528637,-0.0501629155428482,0.107738811640377,0.474817443163867
RPGR,X-linked retinitis pigmentosa GTPase regulator,Health and medical history,X20111#11.Illnesses of siblings_Parkinson's disease,43232,-0.031061707263429,0.0415009763876434,-0.11240362098321,0.0502802064563521,0.454193765952811
RPGR,X-linked retinitis pigmentosa GTPase regulator,Health and medical history,X20111#12.Illnesses of siblings_Severe depression,43290,-0.00540483863633698,0.0113363268227987,-0.0276240392090223,0.0168143619363484,0.633530303916798
RPGR,X-linked retinitis pigmentosa GTPase regulator,Health and medical history,X20111#13.Illnesses of siblings_Prostate cancer,43245,-0.048793027997308,0.0240135715642634,-0.0958596282632643,-0.00172642773135167,0.0421784421819668
RPGR,X-linked retinitis pigmentosa GTPase regulator,Health and medical history,X20111#2.Illnesses of siblings_Stroke,43257,7.05597961778083e-05,0.0172099233546533,-0.0336608899789426,0.0338020095712983,0.996728767197588
RPGR,X-linked retinitis pigmentosa GTPase regulator,Health and medical history,X20111#3.Illnesses of siblings_Lung cancer,43239,-0.027827374947369,0.0210677868576238,-0.0691202371883115,0.0134654872935736,0.186567651793701
RPGR,X-linked retinitis pigmentosa GTPase regulator,Health and medical history,X20111#4.Illnesses of siblings_Bowel cancer,43236,0.00816498175741967,0.0206710208193994,-0.0323502190486032,0.0486801825634425,0.69284992455409
RPGR,X-linked retinitis pigmentosa GTPase regulator,Health and medical history,X20111#5.Illnesses of siblings_Breast cancer,43255,0.00937649987237639,0.0148783013649285,-0.0197849708028834,0.0385379705476362,0.52856285230715
RPGR,X-linked retinitis pigmentosa GTPase regulator,Health and medical history,X20111#6.Illnesses of siblings_Chronic bronchitis or emphysema,43258,-0.00514545416642262,0.0181961927043767,-0.0408099918670009,0.0305190835341556,0.777351345926657
RPGR,X-linked retinitis pigmentosa GTPase regulator,Health and medical history,X20111#8.Illnesses of siblings_High blood pressure,43419,-0.00312629570055516,0.00748725939826117,-0.0178013241211471,0.0115487327200367,0.676281810545623
RPGR,X-linked retinitis pigmentosa GTPase regulator,Health and medical history,X20111#9.Illnesses of siblings_Diabetes,43316,0.0178800852682613,0.0107533783231509,-0.00319653624511439,0.038956706781637,0.0963808627242153
RPGR,X-linked retinitis pigmentosa GTPase regulator,Mental health,X20127.Neuroticism score,42933,0.00385296447354076,0.0298889823386812,-0.0547294409102743,0.0624353698573558,0.897430909163495
RPGR,X-linked retinitis pigmentosa GTPase regulator,Cognitive function,X20128.Number of fluid intelligence questions attempted within time limit,32094,0.0560515595582711,0.0491508701623486,-0.0402841459599321,0.152387265076474,0.254156268933481
RPGR,X-linked retinitis pigmentosa GTPase regulator,Lifestyle factors,X20161.Pack years of smoking,30762,0.00534004366100024,0.006326939677025,-0.00706075810596875,0.0177408454279692,0.398691983846502
RPGR,X-linked retinitis pigmentosa GTPase regulator,Lifestyle factors,X20162.Pack years adult smoking as proportion of life span exposed to smoking,30762,0.00478683123383988,0.00623673936013802,-0.00743717791203064,0.0170108403797104,0.442800258798374
RPGR,X-linked retinitis pigmentosa GTPase regulator,Cognitive function,X20191.Fluid intelligence score,30315,0.100078391132491,0.053257310386888,-0.00430593722580928,0.204462719490792,0.0602738940791098
RPGR,X-linked retinitis pigmentosa GTPase regulator,Cognitive function,X20192.Number of fluid intelligence questions attempted within time limit,30315,0.0687555096614951,0.0540081736400016,-0.037100510672908,0.174611529995898,0.203048222782256
RPGR,X-linked retinitis pigmentosa GTPase regulator,Cognitive function,X20240.Maximum digits remembered correctly,29669,-0.0224332779742191,0.0569516820623184,-0.134058574816363,0.089192018867925,0.693670858540993
RPGR,X-linked retinitis pigmentosa GTPase regulator,Physical measures,X20255.Spirometry QC measure,42468,0.0125369983675583,0.0393385778884141,-0.0645666142937334,0.08964061102885,0.749961687809776
RPGR,X-linked retinitis pigmentosa GTPase regulator,Eye measures,X20261.avMSE,29628,0.00247137180205184,0.00598985666194519,-0.00926874725536074,0.0142114908594644,0.679922057102932
RPGR,X-linked retinitis pigmentosa GTPase regulator,Eye measures,X20262.Myopia diagnosis,29628,-0.0476126569347373,0.0716935607453245,-0.188132035995573,0.0929067221260987,0.506647298706596
RPGR,X-linked retinitis pigmentosa GTPase regulator,NMR metabolomics,X20280.Glucose-lactate,37535,0.00536983072485352,0.00413305338639427,-0.00273095391247925,0.0134706153621863,0.193884270128069
RPGR,X-linked retinitis pigmentosa GTPase regulator,NMR metabolomics,X20281.Spectrometer-corrected alanine,37566,0.000382755644667958,0.00395018734834182,-0.007359611558082,0.00812512284741792,0.922810809594662
RPGR,X-linked retinitis pigmentosa GTPase regulator,Mental health,X20544#11.Mental health problems ever diagnosed by a professional_Depression,31818,0.00993677858748203,0.0183202098720063,-0.0259708327616502,0.0458443899366143,0.58756326974064
RPGR,X-linked retinitis pigmentosa GTPase regulator,Mental health,X20544#6.Mental health problems ever diagnosed by a professional_Panic attacks,31816,-0.00159173472565678,0.0343107736953244,-0.0688408511684925,0.065657381717179,0.962999318949827
RPGR,X-linked retinitis pigmentosa GTPase regulator,Mental health,X20546#1.Substances taken for depression_Unprescribed medication (more than once),31814,-0.0498174425650421,0.0435996910704709,-0.135272837063165,0.0356379519330807,0.253237713352469
RPGR,X-linked retinitis pigmentosa GTPase regulator,Mental health,X20546#3.Substances taken for depression_Medication prescribed to you (for at least two weeks),31814,0.0117846529197067,0.0172235980125741,-0.0219735991849386,0.045542905024352,0.493860625614665
RPGR,X-linked retinitis pigmentosa GTPase regulator,Mental health,X20546#4.Substances taken for depression_Drugs or alcohol (more than once),31814,-0.0407456512224867,0.0339731671742864,-0.107333058884088,0.0258417564391146,0.230431244022385
RPGR,X-linked retinitis pigmentosa GTPase regulator,Mental health,X20548#1.Manifestations of mania or irritability_I was more talkative than usual,31820,-0.00597117602594551,0.0414149451644001,-0.0871444685481697,0.0752021164962787,0.885362863427816
RPGR,X-linked retinitis pigmentosa GTPase regulator,Mental health,X20548#2.Manifestations of mania or irritability_I was more restless than usual,31820,-0.0435311341268201,0.0277088645701136,-0.0978405086842428,0.0107782404306026,0.116221330424868
RPGR,X-linked retinitis pigmentosa GTPase regulator,Mental health,X20548#3.Manifestations of mania or irritability_My thoughts were racing,31820,-0.0334570722819157,0.0305173499792798,-0.0932710782413042,0.0263569336774727,0.272970417645711
RPGR,X-linked retinitis pigmentosa GTPase regulator,Mental health,X20548#5.Manifestations of mania or irritability_I needed less sleep than usual,31820,-0.0200857024879801,0.0494685059867535,-0.117043974222017,0.0768725692460568,0.684732274528891
RPGR,X-linked retinitis pigmentosa GTPase regulator,Mental health,X20548#6.Manifestations of mania or irritability_I was more creative or had more ideas than usual,31820,-0.031759975781979,0.05831387548175,-0.146055171726209,0.0825352201622509,0.586018722548729
RPGR,X-linked retinitis pigmentosa GTPase regulator,Mental health,X20548#7.Manifestations of mania or irritability_I was easily distracted,31820,0.0192283814723152,0.0320011992308255,-0.0434939690201029,0.0819507319647332,0.547948787058382
RPGR,X-linked retinitis pigmentosa GTPase regulator,Mental health,X20548#8.Manifestations of mania or irritability_I was more confident than usual,31820,-0.0366378541291443,0.059399973306698,-0.153061801810272,0.0797860935519838,0.537386258365448
RPGR,X-linked retinitis pigmentosa GTPase regulator,Mental health,X20548#9.Manifestations of mania or irritability_I was more active than usual,31820,-0.0383130588552041,0.0419482498846029,-0.120531628629026,0.0439055109186177,0.361093080664509
RPGR,X-linked retinitis pigmentosa GTPase regulator,Mental health,X20549#1.Substances taken for anxiety_Unprescribed medication (more than once),31820,-0.0185684461362319,0.0510854312330867,-0.118695891353082,0.081558999080618,0.716258041833325
RPGR,X-linked retinitis pigmentosa GTPase regulator,Mental health,X20549#3.Substances taken for anxiety_Medication prescribed to you (for at least two weeks),31820,0.0240600229856706,0.0232172525854027,-0.0214457920817187,0.0695658380530598,0.300096533925224
RPGR,X-linked retinitis pigmentosa GTPase regulator,Mental health,X20549#4.Substances taken for anxiety_Drugs or alcohol (more than once),31820,-0.0181218778580052,0.038670588346426,-0.093916231017,0.0576724753009897,0.639353908612425
RPGR,X-linked retinitis pigmentosa GTPase regulator,Mental health,X20553#4.Methods of self-harm used_Ingesting a medication in excess of the normal dose,31822,0.0499426305093421,0.0578829433977628,-0.063507938550273,0.163393199568957,0.388263858116783
RPGR,X-linked retinitis pigmentosa GTPase regulator,Diet and food preferences,X20600.Liking for adding salt to foods,33195,-0.0184585812387022,0.0419816424838215,-0.100742600506992,0.0638254380295879,0.660178169650822
RPGR,X-linked retinitis pigmentosa GTPase regulator,Diet and food preferences,X20601.Liking for aniseed,33195,-0.00160326400374885,0.0411052139471248,-0.0821694833401134,0.0789629553326157,0.968888163905965
RPGR,X-linked retinitis pigmentosa GTPase regulator,Diet and food preferences,X20602.Liking for apple juice,33195,0.0271107149821326,0.0409268213160225,-0.0531058547972716,0.107327284761537,0.507720037759759
RPGR,X-linked retinitis pigmentosa GTPase regulator,Diet and food preferences,X20603.Liking for apples,33195,0.00102954309088064,0.042584490112134,-0.082436057528902,0.0844951437106632,0.980712390868741
RPGR,X-linked retinitis pigmentosa GTPase regulator,Diet and food preferences,X20604.Liking for asparagus,33195,0.0756242946531142,0.0434501406031695,-0.00953798092909809,0.160786570235326,0.0818092038239082
RPGR,X-linked retinitis pigmentosa GTPase regulator,Diet and food preferences,X20605.Liking for aubergine,33195,-0.0198675513964737,0.0408417255653221,-0.099917333504505,0.0601822307115576,0.626658721660298
RPGR,X-linked retinitis pigmentosa GTPase regulator,Diet and food preferences,X20606.Liking for avocados,33195,-0.0279425418463604,0.0419381816809687,-0.110141377941059,0.0542562942483382,0.505250199433363
RPGR,X-linked retinitis pigmentosa GTPase regulator,Diet and food preferences,X20607.Liking for bacon,33195,-0.0186662765963368,0.0422195643416761,-0.101416622706022,0.0640840695133483,0.658410529167661
RPGR,X-linked retinitis pigmentosa GTPase regulator,Diet and food preferences,X20608.Liking for baked or steamed fish,33195,0.0092613997100337,0.0431313672561135,-0.0752760801119487,0.0937988795320161,0.829986438047114
RPGR,X-linked retinitis pigmentosa GTPase regulator,Diet and food preferences,X20609.Liking for bananas,33195,0.00572251311979004,0.043660086404808,-0.0798512562336337,0.0912962824732138,0.895723212699601
RPGR,X-linked retinitis pigmentosa GTPase regulator,Diet and food preferences,X20610.Liking for barbequed or grilled meat,33195,-0.0011431867911007,0.0422405348779263,-0.0839346351518362,0.0816482615696348,0.978409514936239
RPGR,X-linked retinitis pigmentosa GTPase regulator,Diet and food preferences,X20611.Liking for beef steak,33195,-0.021690732133766,0.0422127250727762,-0.104427673276407,0.0610462090088752,0.607374448717745
RPGR,X-linked retinitis pigmentosa GTPase regulator,Diet and food preferences,X20612.Liking for beetroot,33195,-0.0139884231605557,0.0422252984918139,-0.0967500082045109,0.0687731618833996,0.740440474722446
RPGR,X-linked retinitis pigmentosa GTPase regulator,Diet and food preferences,X20613.Liking for bell pepper,33195,0.0535154625842932,0.0415565351747263,-0.0279353463581702,0.134966271526757,0.197858454116687
RPGR,X-linked retinitis pigmentosa GTPase regulator,Diet and food preferences,X20614.Liking for bicycling,33195,-0.0501264417788932,0.0413854596172258,-0.131241942628656,0.0309890590708695,0.225848079251884
RPGR,X-linked retinitis pigmentosa GTPase regulator,Diet and food preferences,X20615.Liking for biscuits,33195,-0.0388770306064318,0.0426925487477348,-0.122554426151992,0.0448003649391285,0.362516538650574
RPGR,X-linked retinitis pigmentosa GTPase regulator,Diet and food preferences,X20616.Liking for bitter foods,33195,-0.00736884943125482,0.0419340946551234,-0.0895596749552968,0.0748219760927871,0.860514430088985
RPGR,X-linked retinitis pigmentosa GTPase regulator,Diet and food preferences,X20617.Liking for bitter or ale,33195,-0.0735970643734029,0.042376591122847,-0.156655182974183,0.00946105422737722,0.0824685667792138
RPGR,X-linked retinitis pigmentosa GTPase regulator,Diet and food preferences,X20618.Liking for black olives,33195,-0.0232476380061016,0.0412327521911998,-0.104063832300853,0.05756855628865,0.572894620045508
RPGR,X-linked retinitis pigmentosa GTPase regulator,Diet and food preferences,X20619.Liking for black pepper,33195,0.0203414295351363,0.0415480031974732,-0.0610926567319111,0.101775515802184,0.624437326868082
RPGR,X-linked retinitis pigmentosa GTPase regulator,Diet and food preferences,X20620.Liking for blue cheese,33195,-0.0977713154967845,0.042024017808294,-0.180138390401041,-0.0154042405925283,0.0200115585738106
RPGR,X-linked retinitis pigmentosa GTPase regulator,Diet and food preferences,X20621.Liking for bolognese sauce,33195,0.0087466360092034,0.0426901248888895,-0.0749260087730201,0.0924192807914269,0.837665472318599
RPGR,X-linked retinitis pigmentosa GTPase regulator,Diet and food preferences,X20622.Liking for broad beans,33195,-0.078842712379181,0.0416227650821974,-0.160423331940288,0.0027379071819259,0.0582286989532665
RPGR,X-linked retinitis pigmentosa GTPase regulator,Diet and food preferences,X20623.Liking for broccoli,33195,0.0773810245194285,0.0441721682981645,-0.00919642534497397,0.163958474383831,0.0798424414468095
RPGR,X-linked retinitis pigmentosa GTPase regulator,Diet and food preferences,X20624.Liking for brown rice,33195,0.051976679907016,0.0415343522326843,-0.0294306504690453,0.133384010283077,0.210816900310571
RPGR,X-linked retinitis pigmentosa GTPase regulator,Diet and food preferences,X20625.Liking for brussel sprouts,33195,-0.000905700251050836,0.0422354101678815,-0.0836871041800985,0.0818757036779968,0.98289188682815
RPGR,X-linked retinitis pigmentosa GTPase regulator,Diet and food preferences,X20626.Liking for burgers (meat),33195,-0.000909694809447037,0.0432173782340692,-0.0856157561482227,0.0837963665293286,0.983206823340945
RPGR,X-linked retinitis pigmentosa GTPase regulator,Diet and food preferences,X20627.Liking for burn of spicy foods,33195,-0.00724437426165568,0.0413203049120954,-0.0882321718893627,0.0737434233660514,0.860830390404421
RPGR,X-linked retinitis pigmentosa GTPase regulator,Diet and food preferences,X20628.Liking for butter on bread,33195,-0.0444058671566845,0.042306217879896,-0.127326054201281,0.0385143198879118,0.293917391202369
RPGR,X-linked retinitis pigmentosa GTPase regulator,Diet and food preferences,X20629.Liking for butternut squash,33195,0.0427013920848126,0.0419373054734423,-0.0394957266431344,0.12489851081276,0.308601746258139
RPGR,X-linked retinitis pigmentosa GTPase regulator,Diet and food preferences,X20630.Liking for cabbage,33195,0.0300789485932691,0.0427017868338077,-0.0536165536009939,0.113774450787532,0.481205257687278
RPGR,X-linked retinitis pigmentosa GTPase regulator,Diet and food preferences,X20631.Liking for cake,33195,-0.058625859279727,0.0414380476857381,-0.139844432743774,0.0225927141843197,0.157167681511991
RPGR,X-linked retinitis pigmentosa GTPase regulator,Diet and food preferences,X20632.Liking for cake icing,33195,-0.0270385813726085,0.040863877968174,-0.107131782190229,0.0530546194450125,0.508197379079268
RPGR,X-linked retinitis pigmentosa GTPase regulator,Diet and food preferences,X20633.Liking for capers,33195,-0.0381287270468579,0.040824607072317,-0.118144956908599,0.0418875028148834,0.350348109111545
RPGR,X-linked retinitis pigmentosa GTPase regulator,Diet and food preferences,X20634.Liking for cauliflower,33195,0.0341469133738104,0.0434839120821984,-0.0510815543072984,0.119375381054919,0.432312514328525
RPGR,X-linked retinitis pigmentosa GTPase regulator,Diet and food preferences,X20635.Liking for cereal or granola bar,33195,-0.0120206819477097,0.0408441882261897,-0.0920752908710415,0.0680339269756221,0.768531226536077
RPGR,X-linked retinitis pigmentosa GTPase regulator,Diet and food preferences,X20636.Liking for cheesecake,33195,0.0145124457477786,0.0413841548258879,-0.0666004977109618,0.0956253892065189,0.725839602343054
RPGR,X-linked retinitis pigmentosa GTPase regulator,Diet and food preferences,X20637.Liking for cherries,33195,-0.0126747681029431,0.0451931005347382,-0.10125324515103,0.0759037089451437,0.779132760878457
RPGR,X-linked retinitis pigmentosa GTPase regulator,Diet and food preferences,X20638.Liking for chicken,33195,0.0332906911926219,0.0441406723977802,-0.0532250267070273,0.119806409092271,0.45075224407602
RPGR,X-linked retinitis pigmentosa GTPase regulator,Diet and food preferences,X20639.Liking for chilli pepper,33195,0.0178762700414041,0.0412697754564417,-0.0630124898532217,0.0987650299360299,0.664911800630534
RPGR,X-linked retinitis pigmentosa GTPase regulator,Diet and food preferences,X20640.Liking for chips or french fries,33195,-0.02125405895525,0.0423916851121473,-0.104341761775059,0.0618336438645588,0.616121065110062
RPGR,X-linked retinitis pigmentosa GTPase regulator,Diet and food preferences,X20641.Liking for cigarette smoking,33195,-0.000402745404423354,0.0690264133893785,-0.135694515647605,0.134889024838759,0.995344777412329
RPGR,X-linked retinitis pigmentosa GTPase regulator,Diet and food preferences,X20642.Liking for cod,33195,-0.00758935064198365,0.0433840085009424,-0.0926220073038308,0.0774433060198635,0.861135322577131
RPGR,X-linked retinitis pigmentosa GTPase regulator,Diet and food preferences,X20643.Liking for coffee with sugar,33195,-0.0555579332354167,0.0485494367710653,-0.150714829306705,0.0395989628358712,0.252506585603881
RPGR,X-linked retinitis pigmentosa GTPase regulator,Diet and food preferences,X20644.Liking for coffee without sugar,33195,-0.00881983515954369,0.0429408270720214,-0.0929838562207057,0.0753441859016183,0.837268240652764
RPGR,X-linked retinitis pigmentosa GTPase regulator,Diet and food preferences,X20645.Liking for coriander,33195,0.0470792152221352,0.0415487683368725,-0.034356370718135,0.128514801162405,0.257200273981443
RPGR,X-linked retinitis pigmentosa GTPase regulator,Diet and food preferences,X20646.Liking for corn flakes,33195,-9.64214610107878e-05,0.0418358712110459,-0.0820947290346608,0.0819018861126392,0.998161125306081
RPGR,X-linked retinitis pigmentosa GTPase regulator,Diet and food preferences,X20647.Liking for cream,33195,0.0537724803494863,0.0417818045405122,-0.0281198565499176,0.13566481724889,0.198134251994464
RPGR,X-linked retinitis pigmentosa GTPase regulator,Diet and food preferences,X20648.Liking for croissant,33195,-0.0255209562698389,0.0412480919384011,-0.106367216469105,0.0553253039294272,0.536117976964061
RPGR,X-linked retinitis pigmentosa GTPase regulator,Diet and food preferences,X20649.Liking for cucumber,33195,0.0553033322287739,0.0422719558150151,-0.0275497011686556,0.138156365626204,0.190814565689332
RPGR,X-linked retinitis pigmentosa GTPase regulator,Diet and food preferences,X20650.Liking for curry,33195,-0.0273751074289595,0.041472111083215,-0.108660445152061,0.0539102302941419,0.50921686095549
RPGR,X-linked retinitis pigmentosa GTPase regulator,Diet and food preferences,X20651.Liking for dairy products,33195,-0.022200884488613,0.0423383830492627,-0.105184115265168,0.060782346287942,0.600036059982097
RPGR,X-linked retinitis pigmentosa GTPase regulator,Diet and food preferences,X20652.Liking for dark chocolate,33195,0.00406091085740519,0.0421211306123275,-0.0784965051427567,0.0866183268575671,0.923196923655249
RPGR,X-linked retinitis pigmentosa GTPase regulator,Diet and food preferences,X20653.Liking for diet fizzy drinks,33195,0.0245239036203405,0.0429351703769653,-0.0596290303185115,0.108676837559192,0.567889283730672
RPGR,X-linked retinitis pigmentosa GTPase regulator,Diet and food preferences,X20654.Liking for dried fruit,33195,0.0216944594699133,0.0414628989941227,-0.0595728225585673,0.102961741498394,0.600830386645648
RPGR,X-linked retinitis pigmentosa GTPase regulator,Diet and food preferences,X20655.Liking for eggs,33195,0.0347396967577428,0.0435292668285716,-0.0505776662262574,0.120057059741743,0.424847638132471
RPGR,X-linked retinitis pigmentosa GTPase regulator,Diet and food preferences,X20656.Liking for exercising alone,33195,-0.1047795698572,0.0419615640864502,-0.187024235466643,-0.022534904247758,0.0125418645109172
RPGR,X-linked retinitis pigmentosa GTPase regulator,Diet and food preferences,X20657.Liking for exercising with others,33195,0.0360056605366882,0.0425057581245608,-0.047305625387451,0.119316946460827,0.396975276823178
RPGR,X-linked retinitis pigmentosa GTPase regulator,Diet and food preferences,X20658.Liking for extra virgin olive oil,33195,0.0377764814337726,0.0424671514436259,-0.0454591353957342,0.121012098263279,0.373734253941147
RPGR,X-linked retinitis pigmentosa GTPase regulator,Diet and food preferences,X20659.Liking for fatty foods,33195,-0.026347724962227,0.0419360145634758,-0.108542313506639,0.0558468635821855,0.52983437080025
RPGR,X-linked retinitis pigmentosa GTPase regulator,Diet and food preferences,X20660.Liking for fresh tomatoes,33195,0.016836271795112,0.0456104440231411,-0.0725601984902446,0.106232742080469,0.7120383291051
RPGR,X-linked retinitis pigmentosa GTPase regulator,Diet and food preferences,X20661.Liking for fried chicken,33195,-0.0459005303662003,0.0417529162764059,-0.127736246267956,0.0359351855355553,0.27165135183287
RPGR,X-linked retinitis pigmentosa GTPase regulator,Diet and food preferences,X20662.Liking for fried or battered fish,33195,-0.052232103574192,0.0423748167253767,-0.13528674435593,0.0308225372075462,0.217750247510635
RPGR,X-linked retinitis pigmentosa GTPase regulator,Diet and food preferences,X20663.Liking for fruit,33195,-0.0582879801669256,0.0473683110688216,-0.151129869861816,0.0345539095279647,0.218533005571424
RPGR,X-linked retinitis pigmentosa GTPase regulator,Diet and food preferences,X20664.Liking for garlic,33195,0.00957288639527544,0.042071254853142,-0.0728867731168828,0.0920325459074337,0.820009323411478
RPGR,X-linked retinitis pigmentosa GTPase regulator,Diet and food preferences,X20665.Liking for gherkins,33195,-0.0141256091483509,0.0407534283216935,-0.0940023286588701,0.0657511103621682,0.728891514119109
RPGR,X-linked retinitis pigmentosa GTPase regulator,Diet and food preferences,X20666.Liking for globe artichoke,33195,-0.0515264050483954,0.0419442937617438,-0.133737220821413,0.0306844107246225,0.219311748535613
RPGR,X-linked retinitis pigmentosa GTPase regulator,Diet and food preferences,X20667.Liking for goat's cheese,33195,-0.0234141147516031,0.040848305797111,-0.103476794113941,0.0566485646107344,0.566526264407469
RPGR,X-linked retinitis pigmentosa GTPase regulator,Diet and food preferences,X20668.Liking for going to a cafe,33195,0.0426854572832226,0.0422523650970884,-0.0401291783070708,0.125500092873516,0.312403454051449
RPGR,X-linked retinitis pigmentosa GTPase regulator,Diet and food preferences,X20669.Liking for going to the gym,33195,0.0445626048611962,0.0414190845113891,-0.0366188007811265,0.125744010503519,0.282003732350784
RPGR,X-linked retinitis pigmentosa GTPase regulator,Diet and food preferences,X20670.Liking for going to the pub,33195,0.0294240051663989,0.0414435698867023,-0.0518053918115376,0.110653402144335,0.4777369982151
RPGR,X-linked retinitis pigmentosa GTPase regulator,Diet and food preferences,X20671.Liking for grapefruit,33195,-0.0323937869214135,0.0410239354062702,-0.112800700317703,0.0480131264748761,0.429764509735181
RPGR,X-linked retinitis pigmentosa GTPase regulator,Diet and food preferences,X20672.Liking for green olives,33195,0.00161222829572626,0.0415877173404059,-0.0798996976914694,0.0831241542829219,0.969077093835688
RPGR,X-linked retinitis pigmentosa GTPase regulator,Diet and food preferences,X20673.Liking for haddock,33195,0.0126392353618261,0.0432603230176224,-0.0721509977527137,0.097429468476366,0.770165941752839
RPGR,X-linked retinitis pigmentosa GTPase regulator,Diet and food preferences,X20674.Liking for ham,33195,-0.00684772369503384,0.0419053539458354,-0.0889822174288712,0.0752867700388035,0.870199977910562
RPGR,X-linked retinitis pigmentosa GTPase regulator,Diet and food preferences,X20675.Liking for hard cheese,33195,-0.0323112628656494,0.0425862859214569,-0.115780383271705,0.0511578575404061,0.448037790301236
RPGR,X-linked retinitis pigmentosa GTPase regulator,Diet and food preferences,X20676.Liking for herring,33195,0.0240649179589741,0.0408057282804228,-0.0559143094706545,0.104044145388603,0.555377801050928
RPGR,X-linked retinitis pigmentosa GTPase regulator,Diet and food preferences,X20677.Liking for honey,33195,-0.0104630105691016,0.0420774257856898,-0.0929347651090537,0.0720087439708505,0.803628942686537
RPGR,X-linked retinitis pigmentosa GTPase regulator,Diet and food preferences,X20678.Liking for horseradish or wasabi,33195,0.0212037566047575,0.0415590925128514,-0.0602520647204312,0.102659577929946,0.609919060387841
RPGR,X-linked retinitis pigmentosa GTPase regulator,Diet and food preferences,X20679.Liking for ice cream,33195,0.059557731537155,0.0419261918494249,-0.0226176044877177,0.141733067562028,0.155486929887079
RPGR,X-linked retinitis pigmentosa GTPase regulator,Diet and food preferences,X20680.Liking for jam,33195,-0.0703022106748826,0.0411590389887178,-0.150973927092769,0.0103695057430043,0.0876602825188938
RPGR,X-linked retinitis pigmentosa GTPase regulator,Diet and food preferences,X20681.Liking for kiwi fruit,33195,0.0221921354792759,0.0407989808755003,-0.0577738670367047,0.102158137995257,0.586497695099343
RPGR,X-linked retinitis pigmentosa GTPase regulator,Diet and food preferences,X20682.Liking for lager,33195,-0.0867684217765291,0.0415884045449801,-0.16828169468469,-0.00525514886836802,0.0369748800069957
RPGR,X-linked retinitis pigmentosa GTPase regulator,Diet and food preferences,X20683.Liking for lamb,33195,-0.0277707016247276,0.0425425180060497,-0.111154036916585,0.0556126336671298,0.513918380899294
RPGR,X-linked retinitis pigmentosa GTPase regulator,Diet and food preferences,X20684.Liking for lemons,33195,-0.0284873791046185,0.0409843309703834,-0.10881666780657,0.0518419095973329,0.487023806626255
RPGR,X-linked retinitis pigmentosa GTPase regulator,Diet and food preferences,X20685.Liking for lentils or beans,33195,-0.0489818537729567,0.0413201151705921,-0.129969279507317,0.0320055719614039,0.235882121394787
RPGR,X-linked retinitis pigmentosa GTPase regulator,Diet and food preferences,X20686.Liking for liver,33195,0.0044849557698311,0.0421411009787984,-0.0781116021486138,0.087081513688276,0.915245925401419
RPGR,X-linked retinitis pigmentosa GTPase regulator,Diet and food preferences,X20687.Liking for mackerel,33195,-0.0182570765197135,0.0413517940326119,-0.0993065928236329,0.0627924397842058,0.65885744997267
RPGR,X-linked retinitis pigmentosa GTPase regulator,Diet and food preferences,X20688.Liking for marzipan,33195,-0.0120073822306012,0.0412614096374905,-0.0928797451200826,0.0688649806588802,0.771052445924757
RPGR,X-linked retinitis pigmentosa GTPase regulator,Diet and food preferences,X20689.Liking for mayonnaise,33195,-0.0136478452325023,0.0419523793665032,-0.0958745087908487,0.068578818325844,0.744948542856815
RPGR,X-linked retinitis pigmentosa GTPase regulator,Diet and food preferences,X20690.Liking for melon,33195,0.0840753554296012,0.0434554505050347,-0.0010973275602668,0.169248038419469,0.0530534515263973
RPGR,X-linked retinitis pigmentosa GTPase regulator,Diet and food preferences,X20691.Liking for milk chocolate,33195,-0.0157021734278942,0.0425708836679334,-0.0991411054170438,0.0677367585612553,0.712250172851071
RPGR,X-linked retinitis pigmentosa GTPase regulator,Diet and food preferences,X20692.Liking for mushrooms,33195,0.0537923690045148,0.0432302714067109,-0.0309389629526385,0.138523700961668,0.213414542670781
RPGR,X-linked retinitis pigmentosa GTPase regulator,Diet and food preferences,X20694.Liking for orange juice,33195,-0.00333621787894745,0.0408401156112024,-0.0833828444769042,0.0767104087190092,0.934895319868248
RPGR,X-linked retinitis pigmentosa GTPase regulator,Diet and food preferences,X20695.Liking for oranges,33195,-0.0893227959177948,0.0424853035503322,-0.172593990876446,-0.00605160095914375,0.0355433117450796
RPGR,X-linked retinitis pigmentosa GTPase regulator,Diet and food preferences,X20696.Liking for pasta,33195,0.0366748264651621,0.0429464557994641,-0.0475002269017875,0.120849879832112,0.393147076245814
RPGR,X-linked retinitis pigmentosa GTPase regulator,Diet and food preferences,X20697.Liking for pears,33195,0.0330079450524977,0.0425748874172243,-0.050438834285262,0.116454724390257,0.438188466310554
RPGR,X-linked retinitis pigmentosa GTPase regulator,Diet and food preferences,X20698.Liking for pizza,33195,0.00716470167562616,0.041381554674615,-0.0739431454866193,0.0882725488378716,0.862547309089013
RPGR,X-linked retinitis pigmentosa GTPase regulator,Diet and food preferences,X20699.Liking for plain yogurt,33195,-0.00821263125266165,0.0421182065167176,-0.0907643160254281,0.0743390535201048,0.845405271464514
RPGR,X-linked retinitis pigmentosa GTPase regulator,Diet and food preferences,X20700.Liking for plums,33195,0.0232756823922088,0.0434062802184133,-0.0618006268358812,0.108351991620299,0.591814329118829
RPGR,X-linked retinitis pigmentosa GTPase regulator,Diet and food preferences,X20701.Liking for pollock,33195,0.0263103561538199,0.0416044440849193,-0.0552343542526219,0.107855066560262,0.527146708998635
RPGR,X-linked retinitis pigmentosa GTPase regulator,Diet and food preferences,X20702.Liking for pork chop,33195,0.0276956962065178,0.0423275072806366,-0.05526621806353,0.110657610476566,0.512923475500213
RPGR,X-linked retinitis pigmentosa GTPase regulator,Diet and food preferences,X20703.Liking for porridge,33195,0.0193291724811233,0.0427141537300233,-0.0643905688297224,0.103048913791969,0.65090289666237
RPGR,X-linked retinitis pigmentosa GTPase regulator,Diet and food preferences,X20704.Liking for potato crisps,33195,-0.0079559356331627,0.0420645891680075,-0.0904025304024574,0.074490659136132,0.84999048179329
RPGR,X-linked retinitis pigmentosa GTPase regulator,Diet and food preferences,X20705.Liking for potatoes,33195,0.0143417334148934,0.0425774749027898,-0.0691101173945747,0.0977935842243614,0.736246729496487
RPGR,X-linked retinitis pigmentosa GTPase regulator,Diet and food preferences,X20706.Liking for prawns,33195,0.0315604753878053,0.042878657663968,-0.0524816936335721,0.115602644409183,0.461725154020281
RPGR,X-linked retinitis pigmentosa GTPase regulator,Diet and food preferences,X20707.Liking for raw carrots,33195,0.0485737993291566,0.0426814750138224,-0.0350818916979353,0.132229490356249,0.255129386438468
RPGR,X-linked retinitis pigmentosa GTPase regulator,Diet and food preferences,X20708.Liking for red meat,33195,-0.021020546509463,0.0423072860184139,-0.103942827105554,0.0619017340866283,0.619304480460507
RPGR,X-linked retinitis pigmentosa GTPase regulator,Diet and food preferences,X20709.Liking for red wine,33195,0.00347884953074543,0.0414243751445712,-0.0777129257526141,0.084670624814105,0.933073672449207
RPGR,X-linked retinitis pigmentosa GTPase regulator,Diet and food preferences,X20710.Liking for regular (non-diet) fizzy drinks,33195,-0.0312601989609707,0.0439238730669508,-0.117350990172194,0.0548305922502528,0.476675519127747
RPGR,X-linked retinitis pigmentosa GTPase regulator,Diet and food preferences,X20711.Liking for roast chicken,33195,0.00693548813557786,0.0450403980257941,-0.0813436919949785,0.0952146682661342,0.877626127994264
RPGR,X-linked retinitis pigmentosa GTPase regulator,Diet and food preferences,X20712.Liking for salad dressing,33195,-0.000950018389046277,0.0420280223842979,-0.0833249422622701,0.0814249054841776,0.981966347373277
RPGR,X-linked retinitis pigmentosa GTPase regulator,Diet and food preferences,X20713.Liking for salad leaves,33195,0.0599107117858127,0.0433812099947239,-0.0251164598038461,0.144937883375472,0.167305358294812
RPGR,X-linked retinitis pigmentosa GTPase regulator,Diet and food preferences,X20714.Liking for salami,33195,-0.0377892410287942,0.0412482008192571,-0.118635714634538,0.0430572325769498,0.359617310845922
RPGR,X-linked retinitis pigmentosa GTPase regulator,Diet and food preferences,X20715.Liking for salmon,33195,-0.0199568277427126,0.0438040840698567,-0.105812832519632,0.0658991770342066,0.648694107650771
RPGR,X-linked retinitis pigmentosa GTPase regulator,Diet and food preferences,X20716.Liking for salty foods,33195,0.000122943647465243,0.0414954450917168,-0.0812081287322997,0.0814540160272302,0.99763608062016
RPGR,X-linked retinitis pigmentosa GTPase regulator,Diet and food preferences,X20717.Liking for salty pretzels,33195,-0.0167655098124434,0.0414480964708494,-0.0980037788953082,0.0644727592704214,0.685859332400015
RPGR,X-linked retinitis pigmentosa GTPase regulator,Diet and food preferences,X20718.Liking for sardines,33195,-0.0128842713858711,0.0414849924512569,-0.0941948565903346,0.0684263138185925,0.756129865742356
RPGR,X-linked retinitis pigmentosa GTPase regulator,Diet and food preferences,X20719.Liking for sausages (meat),33195,-0.068658195313783,0.041453945705287,-0.149907928896146,0.0125915382685795,0.0977066458791282
RPGR,X-linked retinitis pigmentosa GTPase regulator,Diet and food preferences,X20720.Liking for savoury biscuits,33195,-0.0205337331838976,0.0417483729121754,-0.102360544091761,0.0612930777239662,0.622841202992992
RPGR,X-linked retinitis pigmentosa GTPase regulator,Diet and food preferences,X20721.Liking for shellfish (other than prawns),33195,-0.051645153029804,0.0413288254091551,-0.132649650831748,0.0293593447721399,0.211473415091042
RPGR,X-linked retinitis pigmentosa GTPase regulator,Diet and food preferences,X20722.Liking for skimmed milk,33195,0.0252744451324264,0.0410430189940555,-0.0551698720959225,0.105718762360775,0.538040096860341
RPGR,X-linked retinitis pigmentosa GTPase regulator,Diet and food preferences,X20723.Liking for smoked fish,33195,-0.0511305137806793,0.0417645006766645,-0.132988935106942,0.0307279075455831,0.220888029970306
RPGR,X-linked retinitis pigmentosa GTPase regulator,Diet and food preferences,X20724.Liking for soft cheese,33195,-0.0135131899754758,0.0419588603889448,-0.0957525563378076,0.068726176386856,0.747416403535926
RPGR,X-linked retinitis pigmentosa GTPase regulator,Diet and food preferences,X20725.Liking for soy sauce,33195,0.0376812685435499,0.0413913096652922,-0.0434456984004229,0.118808235487523,0.362654294302751
RPGR,X-linked retinitis pigmentosa GTPase regulator,Diet and food preferences,X20726.Liking for soya milk,33195,0.00647096764225698,0.0412058182212237,-0.0742924360713415,0.0872343713558554,0.875216839883606
RPGR,X-linked retinitis pigmentosa GTPase regulator,Diet and food preferences,X20727.Liking for spicy foods,33195,-0.0314552474915342,0.0411940735407124,-0.112195631631331,0.0492851366482621,0.445134191160005
RPGR,X-linked retinitis pigmentosa GTPase regulator,Diet and food preferences,X20728.Liking for spinach,33195,0.0519414015534523,0.0422755526471588,-0.030918681634979,0.134801484741884,0.219240211914222
RPGR,X-linked retinitis pigmentosa GTPase regulator,Diet and food preferences,X20729.Liking for spirits,33195,0.0348374658712061,0.0414829281513753,-0.0464690733054895,0.116144005047902,0.401042130461214
RPGR,X-linked retinitis pigmentosa GTPase regulator,Diet and food preferences,X20730.Liking for strawberries,33195,-0.0356672460880308,0.0479644573378429,-0.129677582470203,0.0583430902941413,0.457127458805074
RPGR,X-linked retinitis pigmentosa GTPase regulator,Diet and food preferences,X20731.Liking for sweet coffee house drinks,33195,0.00551118658811263,0.0440769870239495,-0.0808797079788284,0.0919020811550537,0.900498350917564
RPGR,X-linked retinitis pigmentosa GTPase regulator,Diet and food preferences,X20732.Liking for sweet foods,33195,-0.0462564555092572,0.0414571239859676,-0.127512418521754,0.0349995075032392,0.264552944932425
RPGR,X-linked retinitis pigmentosa GTPase regulator,Diet and food preferences,X20733.Liking for taking the stairs,33195,0.00144700200663089,0.0423534034815237,-0.0815656688171555,0.0844596728304173,0.972746395004994
RPGR,X-linked retinitis pigmentosa GTPase regulator,Diet and food preferences,X20734.Liking for tea with sugar,33195,-0.0944175493323712,0.0579044149610324,-0.207910202655995,0.0190751039912522,0.103015873931038
RPGR,X-linked retinitis pigmentosa GTPase regulator,Diet and food preferences,X20735.Liking for tea without sugar,33195,-0.0698732449064165,0.0449001663554198,-0.157877570963039,0.0181310811502063,0.119698859502035
RPGR,X-linked retinitis pigmentosa GTPase regulator,Diet and food preferences,X20736.Liking for tomato ketchup,33195,-0.038271775778336,0.0412246878087879,-0.11907216388356,0.0425286123268884,0.353241174317156
RPGR,X-linked retinitis pigmentosa GTPase regulator,Diet and food preferences,X20737.Liking for tinned tuna,33195,-0.0279457232221412,0.04181176978891,-0.109896792008405,0.0540053455641225,0.503915245743761
RPGR,X-linked retinitis pigmentosa GTPase regulator,Diet and food preferences,X20738.Liking for turnip (white),33195,0.066994853165938,0.0417164312790559,-0.0147693521410117,0.148759058472888,0.108319202184041
RPGR,X-linked retinitis pigmentosa GTPase regulator,Diet and food preferences,X20739.Liking for vegetables,33195,0.0755146975714294,0.0499993489330419,-0.0224840263373326,0.173513421480191,0.130999594008971
RPGR,X-linked retinitis pigmentosa GTPase regulator,Diet and food preferences,X20740.Liking for vinegar,33195,-0.0781957041234198,0.0413419528632053,-0.159225931735302,0.00283452348846255,0.0585990738529572
RPGR,X-linked retinitis pigmentosa GTPase regulator,Diet and food preferences,X20741.Liking for watching television,33195,-0.0501357130604965,0.0434290334264912,-0.135256618576419,0.0349851924554263,0.248356129882559
RPGR,X-linked retinitis pigmentosa GTPase regulator,Diet and food preferences,X20742.Liking for whisky,33195,-0.00386637787185896,0.0450055432729141,-0.0920772426867706,0.0843444869430527,0.931540785285113
RPGR,X-linked retinitis pigmentosa GTPase regulator,Diet and food preferences,X20743.Liking for white bread,33195,-0.000234651004192695,0.0411202049907205,-0.0808302527860048,0.0803609507776194,0.995447054841548
RPGR,X-linked retinitis pigmentosa GTPase regulator,Diet and food preferences,X20744.Liking for white rice,33195,-0.053628098524524,0.041605621540727,-0.135175116744349,0.0279189196953009,0.197445156548988
RPGR,X-linked retinitis pigmentosa GTPase regulator,Diet and food preferences,X20745.Liking for white wine,33195,0.021583114127836,0.0415439049112275,-0.05984293949817,0.103009167753842,0.603407564993585
RPGR,X-linked retinitis pigmentosa GTPase regulator,Diet and food preferences,X20746.Liking for whole grain breakfast cereal,33195,-0.0346805719730724,0.0425229931641493,-0.118025638574805,0.0486644946286601,0.414767082964127
RPGR,X-linked retinitis pigmentosa GTPase regulator,Diet and food preferences,X20747.Liking for whole milk,33195,0.018188964425328,0.0417679218688245,-0.0636761624375681,0.100054091288224,0.663227076227518
RPGR,X-linked retinitis pigmentosa GTPase regulator,Diet and food preferences,X20748.Liking for wholemeal bread,33195,-0.0222813567002071,0.0444460781871821,-0.109395669947084,0.0648329565466697,0.616164126944976
RPGR,X-linked retinitis pigmentosa GTPase regulator,Diet and food preferences,X20749.Liking for working up a sweat,33195,-0.0121170157733576,0.0417761855843764,-0.0939983395187352,0.0697643079720201,0.771787927490794
RPGR,X-linked retinitis pigmentosa GTPase regulator,Physical measures,X21001.Body mass index (BMI),47893,-0.00337992421430492,0.0111023699474344,-0.0251405693112763,0.0183807208826665,0.760800977585336
RPGR,X-linked retinitis pigmentosa GTPase regulator,Physical measures,X21002.Weight,47900,0.00361375971891577,0.00690577448222323,-0.00992155826624176,0.0171490777040733,0.600773676982316
RPGR,X-linked retinitis pigmentosa GTPase regulator,Physical measures,X21021.Pulse wave Arterial Stiffness index,32286,-0.00246027623567684,0.00474277411747514,-0.0117561135059281,0.00683556103457443,0.603955305617079
RPGR,X-linked retinitis pigmentosa GTPase regulator,Health and medical history,X21025.Frequency of discomfort or pain in abdomen in last 3 months,32741,0.0184876330630839,0.0462060099953522,-0.0720761465278065,0.109051412653974,0.689083482282206
RPGR,X-linked retinitis pigmentosa GTPase regulator,Health and medical history,X21033.Frequency of hard or lumpy stools in the last 3 months,32756,-0.0219165591741586,0.0475995750235512,-0.115211726220319,0.0713786078720017,0.645215341605373
RPGR,X-linked retinitis pigmentosa GTPase regulator,Health and medical history,X21034.Frequency of loose or mushy or watery stools in the last 3 months,32756,0.0603807533660529,0.0480519524264521,-0.0338010733897933,0.154562580121899,0.208943901921286
RPGR,X-linked retinitis pigmentosa GTPase regulator,Health and medical history,X21040.Satisfaction with bowel habits,32709,0.0102647523261325,0.0445078793242678,-0.0769706911494323,0.0975001958016973,0.817609722733678
RPGR,X-linked retinitis pigmentosa GTPase regulator,Health and medical history,X21041.Degree to which abdominal pain or discomfort or altered bowel habits affect or interfere with life in general,32695,0.0524831780996926,0.0456715136247758,-0.037032988604868,0.141999344804253,0.250529695167207
RPGR,X-linked retinitis pigmentosa GTPase regulator,Health and medical history,X21042.Greatest number of times bowels opened per day,32708,-0.00345904412301362,0.0477498564886572,-0.0970487628407817,0.0901306745947545,0.942252766035873
RPGR,X-linked retinitis pigmentosa GTPase regulator,Health and medical history,X21043.Least number of times bowels opened per week,32627,0.0264244246707171,0.0472719336026701,-0.0662285651905162,0.11907741453195,0.576185497029477
RPGR,X-linked retinitis pigmentosa GTPase regulator,Health and medical history,X21044.Average number of times bowels opened per day,32678,0.0814516058794783,0.0535401596085189,-0.0234871069532187,0.186390318712175,0.12821854136632
RPGR,X-linked retinitis pigmentosa GTPase regulator,Health and medical history,X21048.Degree bothered by back pain in the past 3 months,32758,0.0171138041979701,0.0482319940756666,-0.0774209041903364,0.111648512586277,0.722731464574981
RPGR,X-linked retinitis pigmentosa GTPase regulator,Health and medical history,X21049.Degree bothered by pain in arms or legs or joints in the past 3 months,32752,0.0438882921962895,0.0486238039709119,-0.0514143635866978,0.139190947979277,0.366759544808887
RPGR,X-linked retinitis pigmentosa GTPase regulator,Health and medical history,X21050.Degree bothered by menstrual cramps or other problems with period in the last 3 months,32756,0.0388252046963566,0.0560153489325229,-0.0709648792113884,0.148615288604102,0.4882553611607
RPGR,X-linked retinitis pigmentosa GTPase regulator,Health and medical history,X21051.Degree bothered by headaches in the last 3 months,32755,-0.0264980441479189,0.0493730078431133,-0.123269139520421,0.0702730512245832,0.591495522248579
RPGR,X-linked retinitis pigmentosa GTPase regulator,Health and medical history,X21052.Degree bothered by chest pain in the last 3 months,32752,-0.0186178965926141,0.0737669245717767,-0.163201068753297,0.125965275568068,0.80074731980861
RPGR,X-linked retinitis pigmentosa GTPase regulator,Health and medical history,X21053.Degree bothered by dizziness in the last 3 months,32753,0.00637083199077917,0.0551371272279359,-0.101697937375975,0.114439601357533,0.908015768143569
RPGR,X-linked retinitis pigmentosa GTPase regulator,Health and medical history,X21054.Degree bothered by fainting spells in the last 3 months,32753,0.296722516863167,0.156589472925114,-0.0101928500700572,0.603637883796391,0.058139419125538
RPGR,X-linked retinitis pigmentosa GTPase regulator,Health and medical history,X21055.Degree bothered by feeling heart pound or race in the last 3 months,32757,-0.0681173701083079,0.0513008855943862,-0.168667105873305,0.032432365656689,0.184280334908131
RPGR,X-linked retinitis pigmentosa GTPase regulator,Health and medical history,X21056.Degree bothered by shortness of breath in the last 3 months,32756,-0.0877369213717075,0.0537737200137646,-0.193133412598686,0.0176595698552711,0.10280280067529
RPGR,X-linked retinitis pigmentosa GTPase regulator,Health and medical history,X21057.Degree bothered by pain or problems during intercourse in the last 3 months,32523,-0.0123104149556276,0.0492293050532536,-0.108799852860005,0.0841790229487493,0.802545195165236
RPGR,X-linked retinitis pigmentosa GTPase regulator,Health and medical history,X21058.Degree bothered by urinary frequency or bladder irritability in the last 3 months,32755,0.0405777732712159,0.0500004932861622,-0.0574231935696621,0.138578740112094,0.417074616524534
RPGR,X-linked retinitis pigmentosa GTPase regulator,Health and medical history,X21059.Degree bothered by nausea in the last 3 months,32755,-0.0480617467336251,0.0640564019105357,-0.173612294478275,0.0774888010110248,0.453093158903933
RPGR,X-linked retinitis pigmentosa GTPase regulator,Health and medical history,X21060.Degree bothered by feeling tired all the time in the last 3 months,32758,0.00386606050114723,0.0478715246937317,-0.0899621278985669,0.0976942489008614,0.935635493642718
RPGR,X-linked retinitis pigmentosa GTPase regulator,Health and medical history,X21061.Degree bothered by trouble sleeping in the last 3 months,32757,-0.031966958873252,0.0489176633265716,-0.127845578993332,0.0639116612468284,0.513461754705623
RPGR,X-linked retinitis pigmentosa GTPase regulator,Working and living environment,X21100.Water hardness (USGS classification),47781,-0.0117267148978412,0.0284330505484655,-0.0674554939728335,0.0440020641771511,0.68002621615154
RPGR,X-linked retinitis pigmentosa GTPase regulator,Lifestyle factors,X2139.Age first had sexual intercourse,44639,-0.00068867842568262,0.00351416572569609,-0.00757644324804697,0.00619908639668173,0.844633978596136
RPGR,X-linked retinitis pigmentosa GTPase regulator,Health and medical history,X2149.Lifetime number of sexual partners,43334,-0.0393258084609255,0.0320453619817119,-0.102134717945081,0.0234831010232299,0.219765776378357
RPGR,X-linked retinitis pigmentosa GTPase regulator,Physical activities,X22032.IPAQ activity group,42566,0.00136372647035314,0.0332747552063113,-0.063854793734017,0.0665822466747233,0.967309249084662
RPGR,X-linked retinitis pigmentosa GTPase regulator,Physical activities,X22033.Summed days activity,43166,-0.00474819036062334,0.00329788488146908,-0.0112120447283027,0.00171566400705606,0.149949668153231
RPGR,X-linked retinitis pigmentosa GTPase regulator,Physical activities,X22034.Summed minutes activity,42566,0.00113115412933563,0.00327679767360745,-0.00529136931093497,0.00755367756960624,0.729947207438019
RPGR,X-linked retinitis pigmentosa GTPase regulator,Physical activities,X22037.MET minutes per week for walking,41666,-0.00475008750307024,0.00335041868349861,-0.0113169081227275,0.00181673311658703,0.156279128782131
RPGR,X-linked retinitis pigmentosa GTPase regulator,Physical activities,X22038.MET minutes per week for moderate activity,42566,0.00390032572241513,0.00323141344117825,-0.00243324462229425,0.0102338960671245,0.227446749484425
RPGR,X-linked retinitis pigmentosa GTPase regulator,Physical activities,X22039.MET minutes per week for vigorous activity,42566,0.0107089864496157,0.0335970136551073,-0.0551411603143947,0.0765591332136261,0.749921163142025
RPGR,X-linked retinitis pigmentosa GTPase regulator,Physical activities,X22040.Summed MET minutes per week for all activity,41666,-0.00107545060484378,0.0034082911242064,-0.00775570120828832,0.00560479999860077,0.75235586171393
RPGR,X-linked retinitis pigmentosa GTPase regulator,Eye measures,X2217.Age started wearing glasses or contact lenses,44681,-0.00344944343498403,0.00317611518473069,-0.00967462919705618,0.00277574232708812,0.277466534531123
RPGR,X-linked retinitis pigmentosa GTPase regulator,Working and living environment,X22501.Year ended full time education,30131,-0.0330399595712419,0.0156240967025991,-0.0636631891083362,-0.00241673003414768,0.0345007091587639
RPGR,X-linked retinitis pigmentosa GTPase regulator,Lifestyle factors,X22506.Tobacco smoking,30100,0.051948963747613,0.115954221107198,-0.175321309622495,0.279219237117721,0.654161220469956
RPGR,X-linked retinitis pigmentosa GTPase regulator,Lifestyle factors,X2277.Frequency of solarium or sunlamp use,46403,0.0872258237075929,0.0637694279754093,-0.0377622551242093,0.212213902539395,0.171378870718676
RPGR,X-linked retinitis pigmentosa GTPase regulator,Physical measures,X23098.Weight,47543,0.00307033038360727,0.0069073255631859,-0.0104680277202371,0.0166086884874516,0.656682765382236
RPGR,X-linked retinitis pigmentosa GTPase regulator,Physical measures,X23099.Body fat percentage,47544,-0.000516415594776219,0.00707337380101534,-0.0143802282447663,0.0133473970552138,0.941800077709869
RPGR,X-linked retinitis pigmentosa GTPase regulator,Physical measures,X23100.Whole body fat mass,47538,0.000146567524150755,0.00678746743177442,-0.0131568686421271,0.0134500036904286,0.982772129460452
RPGR,X-linked retinitis pigmentosa GTPase regulator,Physical measures,X23101.Whole body fat-free mass,47543,0.00474757567492119,0.00566047542606674,-0.00634695616016962,0.015842107510012,0.401632980346264
RPGR,X-linked retinitis pigmentosa GTPase regulator,Physical measures,X23102.Whole body water mass,47543,0.00463309124647814,0.0056816075810531,-0.00650285961238595,0.0157690421053422,0.414820733035398
RPGR,X-linked retinitis pigmentosa GTPase regulator,Physical measures,X23104.Body mass index (BMI),47543,-0.00827296487824656,0.0111573632209967,-0.0301413967914001,0.013595467034907,0.458409821138358
RPGR,X-linked retinitis pigmentosa GTPase regulator,Physical measures,X23105.Basal metabolic rate,47541,0.00537449248183212,0.00617369797929784,-0.00672595555759164,0.0174749405212559,0.384010753444148
RPGR,X-linked retinitis pigmentosa GTPase regulator,Physical measures,X23106.Impedance of whole body,47537,-0.000731780458570739,0.00462577510674664,-0.00979829966779416,0.00833473875065268,0.874303511091763
RPGR,X-linked retinitis pigmentosa GTPase regulator,Physical measures,X23107.Impedance of leg (right),47540,0.00170475446540162,0.00380219328792202,-0.00574754437892555,0.00915705330972878,0.653897027329713
RPGR,X-linked retinitis pigmentosa GTPase regulator,Physical measures,X23108.Impedance of leg (left),47539,0.0023827579296852,0.00375810890119036,-0.0049831355166479,0.00974865137601829,0.526066806084993
RPGR,X-linked retinitis pigmentosa GTPase regulator,Physical measures,X23109.Impedance of arm (right),47533,-0.00827350525354792,0.00463495258585613,-0.0173580123218259,0.000811001814730098,0.0742704245420201
RPGR,X-linked retinitis pigmentosa GTPase regulator,Physical measures,X23110.Impedance of arm (left),47538,-0.00305354507940864,0.00464819416367596,-0.0121640056402135,0.00605691548139625,0.511231523009848
RPGR,X-linked retinitis pigmentosa GTPase regulator,Physical measures,X23111.Leg fat percentage (right),47539,0.000561726713357452,0.0111432865163298,-0.021279114858649,0.0224025682853639,0.959796558565211
RPGR,X-linked retinitis pigmentosa GTPase regulator,Physical measures,X23112.Leg fat mass (right),47538,0.00362786995487543,0.0128285123809362,-0.0215160143117596,0.0287717542215104,0.777334682483103
RPGR,X-linked retinitis pigmentosa GTPase regulator,Physical measures,X23113.Leg fat-free mass (right),47538,0.00201570274873843,0.00576390207823934,-0.00928154532461068,0.0133129508220875,0.726558424350695
RPGR,X-linked retinitis pigmentosa GTPase regulator,Physical measures,X23114.Leg predicted mass (right),47538,0.00111295214353053,0.00578410647621585,-0.0102238965498525,0.0124498008369136,0.847418389777702
RPGR,X-linked retinitis pigmentosa GTPase regulator,Physical measures,X23115.Leg fat percentage (left),47535,0.00330232715441085,0.0115028047529031,-0.0192431701612793,0.025847824470101,0.774046855263943
RPGR,X-linked retinitis pigmentosa GTPase regulator,Physical measures,X23116.Leg fat mass (left),47535,0.00918674478395864,0.0128793988816256,-0.0160568770240276,0.0344303665919448,0.475673614170422
RPGR,X-linked retinitis pigmentosa GTPase regulator,Physical measures,X23117.Leg fat-free mass (left),47533,0.00107119893977809,0.00590513712533388,-0.0105028698258763,0.0126452677054325,0.856054272685259
RPGR,X-linked retinitis pigmentosa GTPase regulator,Physical measures,X23118.Leg predicted mass (left),47532,0.00153270214391581,0.00592976198168168,-0.0100896313401803,0.0131550356280119,0.796041745523576
RPGR,X-linked retinitis pigmentosa GTPase regulator,Physical measures,X23119.Arm fat percentage (right),47532,-0.00545297392631731,0.00784689457042925,-0.0208328872843586,0.00992693943172403,0.487111638977093
RPGR,X-linked retinitis pigmentosa GTPase regulator,Physical measures,X23120.Arm fat mass (right),47530,-0.000398912543358512,0.007073197281661,-0.0142623792154141,0.013464554128697,0.955025422785326
RPGR,X-linked retinitis pigmentosa GTPase regulator,Physical measures,X23121.Arm fat-free mass (right),47531,0.00691967137730585,0.00552822383655084,-0.00391564734233379,0.0177549900969455,0.210692308067223
RPGR,X-linked retinitis pigmentosa GTPase regulator,Physical measures,X23122.Arm predicted mass (right),47530,0.00846524054106541,0.00552376159508936,-0.00236133218530973,0.0192918132674406,0.125409416996194
RPGR,X-linked retinitis pigmentosa GTPase regulator,Physical measures,X23123.Arm fat percentage (left),47527,-0.00361269325955438,0.00882272056515986,-0.0209052255672677,0.013679839048159,0.682194099180973
RPGR,X-linked retinitis pigmentosa GTPase regulator,Physical measures,X23124.Arm fat mass (left),47527,-0.00221198571407513,0.00726057176516639,-0.0164427063738013,0.012018734945651,0.760629971577564
RPGR,X-linked retinitis pigmentosa GTPase regulator,Physical measures,X23125.Arm fat-free mass (left),47527,0.00770589534240455,0.0059496998308194,-0.00395551632600148,0.0193673070108106,0.195273238289117
RPGR,X-linked retinitis pigmentosa GTPase regulator,Physical measures,X23126.Arm predicted mass (left),47525,0.0056474809290357,0.00596071628912004,-0.00603552299763958,0.017330484855711,0.343419421596813
RPGR,X-linked retinitis pigmentosa GTPase regulator,Physical measures,X23127.Trunk fat percentage,47524,-0.00207123345005748,0.00447016653822882,-0.010832759864986,0.00669029296487102,0.643120802791099
RPGR,X-linked retinitis pigmentosa GTPase regulator,Physical measures,X23128.Trunk fat mass,47520,-0.00224166256981603,0.00516034810469805,-0.0123559448550242,0.00787261971539215,0.6640010262762
RPGR,X-linked retinitis pigmentosa GTPase regulator,Physical measures,X23129.Trunk fat-free mass,47515,0.00530641435618002,0.00528443025906554,-0.00505106895158845,0.0156638976639485,0.315311954950937
RPGR,X-linked retinitis pigmentosa GTPase regulator,Physical measures,X23130.Trunk predicted mass,47512,0.00501578501382855,0.00529646771526719,-0.00536529170809515,0.0153968617357523,0.343645807494685
RPGR,X-linked retinitis pigmentosa GTPase regulator,NMR metabolomics,X23400.Total Cholesterol,37572,0.0030875865038842,0.00409153830785761,-0.00493182857951672,0.0111070015872851,0.45048618346346
RPGR,X-linked retinitis pigmentosa GTPase regulator,NMR metabolomics,X23401.Total Cholesterol Minus HDL-C,37572,0.00355551866066512,0.00395019288863758,-0.00418685940106454,0.0112978967223948,0.368090286104216
RPGR,X-linked retinitis pigmentosa GTPase regulator,NMR metabolomics,"X23402.Remnant Cholesterol (Non-HDL, Non-LDL -Cholesterol)",37572,0.00295187048693838,0.00394327975481134,-0.00477695783249184,0.0106806988063686,0.454122260926522
RPGR,X-linked retinitis pigmentosa GTPase regulator,NMR metabolomics,X23403.VLDL Cholesterol,37572,0.00326172873689042,0.00386392510269554,-0.00431156446439284,0.0108350219381737,0.398601507962263
RPGR,X-linked retinitis pigmentosa GTPase regulator,NMR metabolomics,X23404.Clinical LDL Cholesterol,37572,0.00355047165049496,0.00395284255034254,-0.00419709974817642,0.0112980430491663,0.36909157682478
RPGR,X-linked retinitis pigmentosa GTPase regulator,NMR metabolomics,X23405.LDL Cholesterol,37572,0.00405328675240526,0.0039522735342836,-0.00369316937479059,0.0117997428796011,0.305118760235393
RPGR,X-linked retinitis pigmentosa GTPase regulator,NMR metabolomics,X23406.HDL Cholesterol,37572,-0.00167664454639533,0.00457770441086607,-0.0106489451916928,0.00729565609890216,0.714174611983075
RPGR,X-linked retinitis pigmentosa GTPase regulator,NMR metabolomics,X23407.Total Triglycerides,37572,0.00421894376114848,0.0041785836325036,-0.00397108015855857,0.0124089676808555,0.3126774048032
RPGR,X-linked retinitis pigmentosa GTPase regulator,NMR metabolomics,X23408.Triglycerides in VLDL,37572,0.00384690130675687,0.00418160990501529,-0.00434905410707309,0.0120428567205868,0.35761214350746
RPGR,X-linked retinitis pigmentosa GTPase regulator,NMR metabolomics,X23409.Triglycerides in LDL,37572,0.0068374024191541,0.00417001354595607,-0.00133582413091979,0.015010628969228,0.10109995396311
RPGR,X-linked retinitis pigmentosa GTPase regulator,NMR metabolomics,X23410.Triglycerides in HDL,37572,0.00222925963222318,0.00393947314929873,-0.00549210774040233,0.00995062700484869,0.571486663947537
RPGR,X-linked retinitis pigmentosa GTPase regulator,NMR metabolomics,X23411.Total Phospholipids in Lipoprotein Particles,37572,0.00294988932121583,0.00417392827481343,-0.00523101009741849,0.0111307887398502,0.479739538159592
RPGR,X-linked retinitis pigmentosa GTPase regulator,NMR metabolomics,X23412.Phospholipids in VLDL,37572,0.0035557613620893,0.00397926162216822,-0.00424359141736041,0.011355114141539,0.371566705198416
RPGR,X-linked retinitis pigmentosa GTPase regulator,NMR metabolomics,X23413.Phospholipids in LDL,37572,0.00441102679032349,0.00392186287806712,-0.00327582445068807,0.0120978780313351,0.260725126691025
RPGR,X-linked retinitis pigmentosa GTPase regulator,NMR metabolomics,X23414.Phospholipids in HDL,37572,-0.000536977842150433,0.0044328310716997,-0.00922532674268185,0.00815137105838099,0.903584738356303
RPGR,X-linked retinitis pigmentosa GTPase regulator,NMR metabolomics,X23415.Total Esterified Cholesterol,37572,0.0030320009132269,0.00410613260295221,-0.00501601898855943,0.0110800208150132,0.460279799535644
RPGR,X-linked retinitis pigmentosa GTPase regulator,NMR metabolomics,X23416.Cholesteryl Esters in VLDL,37572,0.00320001705977339,0.00384059792538618,-0.00432755487398353,0.0107275889935303,0.404742577983182
RPGR,X-linked retinitis pigmentosa GTPase regulator,NMR metabolomics,X23417.Cholesteryl Esters in LDL,37572,0.00428476205382905,0.00394393420066748,-0.00344534897947921,0.0120148730871373,0.277313954872371
RPGR,X-linked retinitis pigmentosa GTPase regulator,NMR metabolomics,X23418.Cholesteryl Esters in HDL,37572,-0.00209669659293025,0.00454493916881508,-0.0110047773638078,0.0068113841779473,0.644572699548877
RPGR,X-linked retinitis pigmentosa GTPase regulator,NMR metabolomics,X23419.Total Free Cholesterol,37572,0.00311605347213182,0.00405290500007695,-0.004827640328019,0.0110597472722827,0.441999503610581
RPGR,X-linked retinitis pigmentosa GTPase regulator,NMR metabolomics,X23420.Free Cholesterol in VLDL,37572,0.00330755608227872,0.00393224087993523,-0.00439963604239434,0.0110147482069518,0.400286122174303
RPGR,X-linked retinitis pigmentosa GTPase regulator,NMR metabolomics,X23421.Free Cholesterol in LDL,37572,0.00315605106545978,0.00398524718921152,-0.0046550334253948,0.0109671355563144,0.428413724593796
RPGR,X-linked retinitis pigmentosa GTPase regulator,NMR metabolomics,X23422.Free Cholesterol in HDL,37572,-0.00032279839168305,0.00459975473841502,-0.00933831767897649,0.00869272089561039,0.944053607239498
RPGR,X-linked retinitis pigmentosa GTPase regulator,NMR metabolomics,X23423.Total Lipids in Lipoprotein Particles,37572,0.00373959079542522,0.0040725029803079,-0.00424251504597826,0.0117216966368287,0.358502958137682
RPGR,X-linked retinitis pigmentosa GTPase regulator,NMR metabolomics,X23424.Total Lipids in VLDL,37572,0.00361948491240107,0.00405950243876345,-0.00433713986757529,0.0115761096923774,0.372619423464626
RPGR,X-linked retinitis pigmentosa GTPase regulator,NMR metabolomics,X23425.Total Lipids in LDL,37572,0.00440291235860297,0.00394387186378652,-0.0033270764944186,0.0121329012116245,0.264274239993457
RPGR,X-linked retinitis pigmentosa GTPase regulator,NMR metabolomics,X23426.Total Lipids in HDL,37572,-0.000629123717206974,0.00448945093190591,-0.00942844754374256,0.00817020010932861,0.88855644457628
RPGR,X-linked retinitis pigmentosa GTPase regulator,NMR metabolomics,X23427.Total Concentration of Lipoprotein Particles,37572,0.00194614616075032,0.00419850717388167,-0.00628292790005776,0.0101752202215584,0.642990135296154
RPGR,X-linked retinitis pigmentosa GTPase regulator,NMR metabolomics,X23428.Concentration of VLDL Particles,37572,0.00396440167848169,0.00392063213657518,-0.00372003730920566,0.011648840666169,0.311956638402584
RPGR,X-linked retinitis pigmentosa GTPase regulator,NMR metabolomics,X23429.Concentration of LDL Particles,37572,0.00406114319308844,0.0039098904048303,-0.00360224200037895,0.0117245283865558,0.298970558334642
RPGR,X-linked retinitis pigmentosa GTPase regulator,NMR metabolomics,X23430.Concentration of HDL Particles,37572,0.00118764277017301,0.00420471882007506,-0.00705360611717411,0.00942889165752013,0.777599300338789
RPGR,X-linked retinitis pigmentosa GTPase regulator,NMR metabolomics,X23431.Average Diameter for VLDL Particles,37572,0.0026162118755227,0.00441050523675348,-0.00602837838851411,0.0112608021395595,0.553072683727232
RPGR,X-linked retinitis pigmentosa GTPase regulator,NMR metabolomics,X23432.Average Diameter for LDL Particles,37572,0.000461861654568678,0.00403109995976586,-0.00743909426657241,0.00836281757570976,0.908784068752881
RPGR,X-linked retinitis pigmentosa GTPase regulator,NMR metabolomics,X23433.Average Diameter for HDL Particles,37572,-0.00403002546726151,0.00478799457773276,-0.0134144948396177,0.00535444390509471,0.399974697046699
RPGR,X-linked retinitis pigmentosa GTPase regulator,NMR metabolomics,X23434.Phosphoglycerides,37559,0.00257790499002846,0.0041960853563253,-0.00564642230836912,0.0108022322884261,0.538988442044177
RPGR,X-linked retinitis pigmentosa GTPase regulator,NMR metabolomics,X23435.Triglycerides to Phosphoglycerides ratio,37559,0.00396685192038017,0.004433334225742,-0.00472248316207414,0.0126561870028345,0.370921963788684
RPGR,X-linked retinitis pigmentosa GTPase regulator,NMR metabolomics,X23436.Total Cholines,37559,0.00286035602641771,0.00420839692104313,-0.00538810193882682,0.0111088139916622,0.496720188052875
RPGR,X-linked retinitis pigmentosa GTPase regulator,NMR metabolomics,X23437.Phosphatidylcholines,37559,0.00187072883597605,0.00420927675454374,-0.00637945360292967,0.0101209112748818,0.656739071049176
RPGR,X-linked retinitis pigmentosa GTPase regulator,NMR metabolomics,X23438.Sphingomyelins,37558,0.0038257331538874,0.0042277711652986,-0.00446069833009785,0.0121121646378727,0.365532115181357
RPGR,X-linked retinitis pigmentosa GTPase regulator,NMR metabolomics,X23439.Apolipoprotein B,37572,0.00386290017006211,0.00390798095606052,-0.00379674250381651,0.0115225428439407,0.322943474854735
RPGR,X-linked retinitis pigmentosa GTPase regulator,NMR metabolomics,X23440.Apolipoprotein A1,37572,-2.79412495175782e-06,0.00434811730996696,-0.00852510405248701,0.00851951580258349,0.999487284641315
RPGR,X-linked retinitis pigmentosa GTPase regulator,NMR metabolomics,X23441.Apolipoprotein B to Apolipoprotein A1 ratio,37572,0.00333289786488728,0.00393929275518576,-0.00438811593527681,0.0110539116650514,0.39753189499302
RPGR,X-linked retinitis pigmentosa GTPase regulator,NMR metabolomics,X23442.Total Fatty Acids,37559,0.00363333644145425,0.00419532006903527,-0.00458949089385487,0.0118561637767634,0.386481275171902
RPGR,X-linked retinitis pigmentosa GTPase regulator,NMR metabolomics,X23443.Degree of Unsaturation,37559,-0.00588637108367912,0.0043789576765691,-0.0144691281297546,0.00269638596239631,0.178893980707507
RPGR,X-linked retinitis pigmentosa GTPase regulator,NMR metabolomics,X23444.Omega-3 Fatty Acids,37559,0.000739867107357215,0.00410072908769408,-0.00729756190452318,0.00877729611923761,0.856823046793134
RPGR,X-linked retinitis pigmentosa GTPase regulator,NMR metabolomics,X23445.Omega-6 Fatty Acids,37559,0.00140667783992838,0.00406257007584878,-0.00655595950873523,0.009369315188592,0.729158003605336
RPGR,X-linked retinitis pigmentosa GTPase regulator,NMR metabolomics,X23446.Polyunsaturated Fatty Acids,37559,0.00153719054392267,0.00410133786501764,-0.00650143167151191,0.00957581275935724,0.707813625777296
RPGR,X-linked retinitis pigmentosa GTPase regulator,NMR metabolomics,X23447.Monounsaturated Fatty Acids,37559,0.0044243283496128,0.00429811318973851,-0.00399997350227469,0.0128486302015003,0.303327067692869
RPGR,X-linked retinitis pigmentosa GTPase regulator,NMR metabolomics,X23448.Saturated Fatty Acids,37559,0.00427446200929553,0.00427941943089239,-0.00411320007525356,0.0126621240938446,0.317889885859981
RPGR,X-linked retinitis pigmentosa GTPase regulator,NMR metabolomics,X23449.Linoleic Acid,37559,0.00252193647811922,0.0040185294424839,-0.00535438122914923,0.0103982541853877,0.530292040788876
RPGR,X-linked retinitis pigmentosa GTPase regulator,NMR metabolomics,X23450.Docosahexaenoic Acid,37559,0.00231729934929707,0.00430835772548857,-0.00612708179266052,0.0107616804912547,0.590681865958701
RPGR,X-linked retinitis pigmentosa GTPase regulator,NMR metabolomics,X23451.Omega-3 Fatty Acids to Total Fatty Acids percentage,37559,-0.00105205929930341,0.00408305925817502,-0.00905485544532645,0.00695073684671962,0.796669914370701
RPGR,X-linked retinitis pigmentosa GTPase regulator,NMR metabolomics,X23452.Omega-6 Fatty Acids to Total Fatty Acids percentage,37559,-0.00559592973522016,0.00458705204136643,-0.0145865517362984,0.00339469226585805,0.222509449405456
RPGR,X-linked retinitis pigmentosa GTPase regulator,NMR metabolomics,X23453.Polyunsaturated Fatty Acids to Total Fatty Acids percentage,37559,-0.00523949473490993,0.00459556003110405,-0.0142467923958739,0.00376780292605401,0.254256705999151
RPGR,X-linked retinitis pigmentosa GTPase regulator,NMR metabolomics,X23454.Monounsaturated Fatty Acids to Total Fatty Acids percentage,37559,0.00433445101613322,0.00452884600755302,-0.0045420871586707,0.0132109891909371,0.338546415591068
RPGR,X-linked retinitis pigmentosa GTPase regulator,NMR metabolomics,X23455.Saturated Fatty Acids to Total Fatty Acids percentage,37559,0.00384087908875939,0.00426669842357178,-0.0045218498214413,0.0122036079989601,0.368030718200962
RPGR,X-linked retinitis pigmentosa GTPase regulator,NMR metabolomics,X23456.Linoleic Acid to Total Fatty Acids percentage,37559,-0.00155504158171465,0.00440425981567685,-0.0101873908204413,0.00707730765701197,0.724036607864703
RPGR,X-linked retinitis pigmentosa GTPase regulator,NMR metabolomics,X23457.Docosahexaenoic Acid to Total Fatty Acids percentage,37559,0.000389809377394435,0.0043498968932424,-0.00813598853336068,0.00891560728814955,0.928595745054765
RPGR,X-linked retinitis pigmentosa GTPase regulator,NMR metabolomics,X23458.Polyunsaturated Fatty Acids to Monounsaturated Fatty Acids ratio,37559,-0.00520554049835195,0.00457595445830404,-0.0141744112366279,0.00376333023992396,0.255314302332521
RPGR,X-linked retinitis pigmentosa GTPase regulator,NMR metabolomics,X23459.Omega-6 Fatty Acids to Omega-3 Fatty Acids ratio,37557,-0.000157351348889782,0.00406943324013601,-0.00813344049955635,0.00781873780177679,0.969156752311044
RPGR,X-linked retinitis pigmentosa GTPase regulator,NMR metabolomics,X23460.Alanine,37566,-0.00441764594819709,0.00393249524699621,-0.0121253366323096,0.00329004473591548,0.261301083343531
RPGR,X-linked retinitis pigmentosa GTPase regulator,NMR metabolomics,X23461.Glutamine,37532,0.0043597969118652,0.0039693896116962,-0.00342020672705935,0.0121398005507898,0.27206994302875
RPGR,X-linked retinitis pigmentosa GTPase regulator,NMR metabolomics,X23462.Glycine,37554,0.00818898160180268,0.00376021869797801,0.000818952953765779,0.0155590102498396,0.0294391550282349
RPGR,X-linked retinitis pigmentosa GTPase regulator,NMR metabolomics,X23463.Histidine,37553,0.00420253820418666,0.00385342548484905,-0.00335017574611748,0.0117552521544908,0.275469858896707
RPGR,X-linked retinitis pigmentosa GTPase regulator,NMR metabolomics,X23464.Total Concentration of Branched-Chain Amino Acids (Leucine + Isoleucine + Valine),37563,0.00575559193686909,0.00395456565096858,-0.00199535673902933,0.0135065406127675,0.145574306729115
RPGR,X-linked retinitis pigmentosa GTPase regulator,NMR metabolomics,X23465.Isoleucine,37569,0.00503391748556651,0.00387304418100735,-0.00255724910920791,0.0126250840803409,0.19371585382811
RPGR,X-linked retinitis pigmentosa GTPase regulator,NMR metabolomics,X23466.Leucine,37570,0.00666404498998399,0.00394751539276253,-0.00107308517983056,0.0144011751597985,0.0914039292666038
RPGR,X-linked retinitis pigmentosa GTPase regulator,NMR metabolomics,X23467.Valine,37563,0.00497564990037974,0.003993088656233,-0.00285080386583694,0.0128021036665964,0.212762624219125
RPGR,X-linked retinitis pigmentosa GTPase regulator,NMR metabolomics,X23468.Phenylalanine,37568,0.00679372142027932,0.00385225484992578,-0.000756698085575204,0.0143441409261338,0.0778276667678464
RPGR,X-linked retinitis pigmentosa GTPase regulator,NMR metabolomics,X23469.Tyrosine,37553,0.00170012135471425,0.00389238572553647,-0.00592895466733724,0.00932919737676573,0.662277149670548
RPGR,X-linked retinitis pigmentosa GTPase regulator,NMR metabolomics,X23470.Glucose,37545,0.00425696122440699,0.00411174125335554,-0.00380205163216987,0.0123159740809838,0.300539377971861
RPGR,X-linked retinitis pigmentosa GTPase regulator,NMR metabolomics,X23471.Lactate,37543,0.000319079086810813,0.00386020741509127,-0.00724692744676808,0.0078850856203897,0.934124320630633
RPGR,X-linked retinitis pigmentosa GTPase regulator,NMR metabolomics,X23472.Pyruvate,37534,0.00283389192590363,0.00395888544182013,-0.00492552354006381,0.0105933073918711,0.474108640509569
RPGR,X-linked retinitis pigmentosa GTPase regulator,NMR metabolomics,X23473.Citrate,37570,0.00471490124242264,0.00393759900161608,-0.00300279280074488,0.0124325952855902,0.231170321682993
RPGR,X-linked retinitis pigmentosa GTPase regulator,NMR metabolomics,X23474.3-Hydroxybutyrate,37413,-0.00229268198842674,0.00367614370150661,-0.00949792364337969,0.00491255966652621,0.532858619467989
RPGR,X-linked retinitis pigmentosa GTPase regulator,NMR metabolomics,X23475.Acetate,37564,-0.000267545341402887,0.00398354502882325,-0.00807529359789645,0.00754020291509068,0.946453262772602
RPGR,X-linked retinitis pigmentosa GTPase regulator,NMR metabolomics,X23476.Acetoacetate,37571,0.00120325651443011,0.00383118932616669,-0.00630587456485661,0.00871238759371682,0.753473882331558
RPGR,X-linked retinitis pigmentosa GTPase regulator,NMR metabolomics,X23477.Acetone,37571,0.00284312828689548,0.00385223544571297,-0.00470725318670194,0.0103935097604929,0.460499488918368
RPGR,X-linked retinitis pigmentosa GTPase regulator,NMR metabolomics,X23478.Creatinine,37188,-0.00113544697629906,0.00464551030295555,-0.0102406471700919,0.00796975321749382,0.806910933279957
RPGR,X-linked retinitis pigmentosa GTPase regulator,NMR metabolomics,X23479.Albumin,37570,0.00907084826768104,0.00397500993722565,0.00127982879071876,0.0168618677446433,0.0225071288265126
RPGR,X-linked retinitis pigmentosa GTPase regulator,NMR metabolomics,X23480.Glycoprotein Acetyls,37572,0.0043156415987394,0.00424640910362363,-0.00400732024436292,0.0126386034418417,0.309503492610702
RPGR,X-linked retinitis pigmentosa GTPase regulator,NMR metabolomics,X23481.Concentration of Chylomicrons and Extremely Large VLDL Particles,37572,0.000769297793921069,0.00423129983180809,-0.00752404987642278,0.00906264546426491,0.855733685983801
RPGR,X-linked retinitis pigmentosa GTPase regulator,NMR metabolomics,X23482.Total Lipids in Chylomicrons and Extremely Large VLDL,37572,0.000348482676278242,0.00423165753749529,-0.00794556609721253,0.00864253144976901,0.934368584420363
RPGR,X-linked retinitis pigmentosa GTPase regulator,NMR metabolomics,X23483.Phospholipids in Chylomicrons and Extremely Large VLDL,37572,0.00218852793333048,0.00417276118333841,-0.0059900839860128,0.0103671398526738,0.599953896323165
RPGR,X-linked retinitis pigmentosa GTPase regulator,NMR metabolomics,X23484.Cholesterol in Chylomicrons and Extremely Large VLDL,37572,0.00247679638179573,0.00415599342715842,-0.00566895073543478,0.0106225434990262,0.551213750438937
RPGR,X-linked retinitis pigmentosa GTPase regulator,NMR metabolomics,X23485.Cholesteryl Esters in Chylomicrons and Extremely Large VLDL,37572,0.00273710609718869,0.00412328982601364,-0.00534454196179804,0.0108187541561754,0.506819695777704
RPGR,X-linked retinitis pigmentosa GTPase regulator,NMR metabolomics,X23486.Free Cholesterol in Chylomicrons and Extremely Large VLDL,37572,0.00174276993095464,0.0041822945025279,-0.00645452729400004,0.00994006715590931,0.676903305045013
RPGR,X-linked retinitis pigmentosa GTPase regulator,NMR metabolomics,X23487.Triglycerides in Chylomicrons and Extremely Large VLDL,37572,0.000758008738307965,0.00426441164007448,-0.00760023807623802,0.00911625555285395,0.85892029788066
RPGR,X-linked retinitis pigmentosa GTPase regulator,NMR metabolomics,X23488.Concentration of Very Large VLDL Particles,37572,0.00299869969273222,0.00414151640367329,-0.00511867245846743,0.0111160718439319,0.46904279976243
RPGR,X-linked retinitis pigmentosa GTPase regulator,NMR metabolomics,X23489.Total Lipids in Very Large VLDL,37572,0.00275304833935951,0.00415131893374991,-0.0053835367707903,0.0108896334495093,0.507230532272093
RPGR,X-linked retinitis pigmentosa GTPase regulator,NMR metabolomics,X23490.Phospholipids in Very Large VLDL,37572,0.00242840733560669,0.0041208153902392,-0.00564839082926213,0.0105052055004755,0.555668429533863
RPGR,X-linked retinitis pigmentosa GTPase regulator,NMR metabolomics,X23491.Cholesterol in Very Large VLDL,37572,0.00295399378623483,0.00400329786898916,-0.00489247003698392,0.0108004576094536,0.460594444564099
RPGR,X-linked retinitis pigmentosa GTPase regulator,NMR metabolomics,X23492.Cholesteryl Esters in Very Large VLDL,37572,0.00339822284625918,0.00392004433422501,-0.00428506404882185,0.0110815097413402,0.386021545522895
RPGR,X-linked retinitis pigmentosa GTPase regulator,NMR metabolomics,X23493.Free Cholesterol in Very Large VLDL,37572,0.0025304606176827,0.00409021186067303,-0.00548635462923644,0.0105472758646018,0.536149471964436
RPGR,X-linked retinitis pigmentosa GTPase regulator,NMR metabolomics,X23494.Triglycerides in Very Large VLDL,37572,0.0029400407056514,0.00419913968689936,-0.00529027308067133,0.0111703544919741,0.48384410659076
RPGR,X-linked retinitis pigmentosa GTPase regulator,NMR metabolomics,X23495.Concentration of Large VLDL Particles,37572,0.00351241808722691,0.00410470353015734,-0.00453280083188147,0.0115576370063353,0.392176229493362
RPGR,X-linked retinitis pigmentosa GTPase regulator,NMR metabolomics,X23496.Total Lipids in Large VLDL,37572,0.00315207855022566,0.00409474603315969,-0.00487362367476733,0.0111777807752186,0.441440649631513
RPGR,X-linked retinitis pigmentosa GTPase regulator,NMR metabolomics,X23497.Phospholipids in Large VLDL,37572,0.00344796957410136,0.00407473988366591,-0.00453852059788382,0.0114344597460865,0.39746692421066
RPGR,X-linked retinitis pigmentosa GTPase regulator,NMR metabolomics,X23498.Cholesterol in Large VLDL,37572,0.00325786160669127,0.00396033106976817,-0.00450438729005435,0.0110201105034369,0.410737052192008
RPGR,X-linked retinitis pigmentosa GTPase regulator,NMR metabolomics,X23499.Cholesteryl Esters in Large VLDL,37572,0.00305229746531404,0.00386710861009055,-0.00452723541046343,0.0106318303410915,0.429952666403193
RPGR,X-linked retinitis pigmentosa GTPase regulator,NMR metabolomics,X23500.Free Cholesterol in Large VLDL,37572,0.00341280608331913,0.00405991309866668,-0.00454462359006756,0.0113702357567058,0.400581424002196
RPGR,X-linked retinitis pigmentosa GTPase regulator,NMR metabolomics,X23501.Triglycerides in Large VLDL,37572,0.00299506317547708,0.00415700689050305,-0.0051526703299089,0.0111427966808631,0.471238962107441
RPGR,X-linked retinitis pigmentosa GTPase regulator,NMR metabolomics,X23502.Concentration of Medium VLDL Particles,37572,0.00373479497170223,0.00389533027878207,-0.00390005237471062,0.0113696423181151,0.337683346977231
RPGR,X-linked retinitis pigmentosa GTPase regulator,NMR metabolomics,X23503.Total Lipids in Medium VLDL,37572,0.00398231224969279,0.00393653045803806,-0.0037332874480618,0.0116979119474474,0.311733659036385
RPGR,X-linked retinitis pigmentosa GTPase regulator,NMR metabolomics,X23504.Phospholipids in Medium VLDL,37572,0.00364803446353336,0.00388613277866584,-0.0039687857826517,0.0112648547097184,0.347886001352869
RPGR,X-linked retinitis pigmentosa GTPase regulator,NMR metabolomics,X23505.Cholesterol in Medium VLDL,37572,0.00272884927054306,0.00391711616952088,-0.00494869842171785,0.010406396962804,0.486035750359969
RPGR,X-linked retinitis pigmentosa GTPase regulator,NMR metabolomics,X23506.Cholesteryl Esters in Medium VLDL,37572,0.00229470403246816,0.00398465107565768,-0.00551521207582088,0.0101046201407572,0.564702241663601
RPGR,X-linked retinitis pigmentosa GTPase regulator,NMR metabolomics,X23507.Free Cholesterol in Medium VLDL,37572,0.00329025401204372,0.00387711892055347,-0.00430889907224109,0.0108894070963285,0.396100597474217
RPGR,X-linked retinitis pigmentosa GTPase regulator,NMR metabolomics,X23508.Triglycerides in Medium VLDL,37572,0.00443397341481998,0.00407996982296712,-0.00356276743819556,0.0124307142678355,0.277160101940513
RPGR,X-linked retinitis pigmentosa GTPase regulator,NMR metabolomics,X23509.Concentration of Small VLDL Particles,37572,0.00487478135518453,0.0039246734077172,-0.00281757852394119,0.0125671412343102,0.214227085823505
RPGR,X-linked retinitis pigmentosa GTPase regulator,NMR metabolomics,X23510.Total Lipids in Small VLDL,37572,0.00502936203480302,0.00390305441416268,-0.00262062461695585,0.0126793486865619,0.19757005434645
RPGR,X-linked retinitis pigmentosa GTPase regulator,NMR metabolomics,X23511.Phospholipids in Small VLDL,37572,0.00466031927143229,0.00385693098415228,-0.00289926545750617,0.0122199040003707,0.22695470664581
RPGR,X-linked retinitis pigmentosa GTPase regulator,NMR metabolomics,X23512.Cholesterol in Small VLDL,37572,0.00435908553031866,0.00381173137206301,-0.00311190795892485,0.0118300790195622,0.252811566217795
RPGR,X-linked retinitis pigmentosa GTPase regulator,NMR metabolomics,X23513.Cholesteryl Esters in Small VLDL,37572,0.00444498700079991,0.00378895249350387,-0.00298135988646768,0.0118713338880675,0.240759349653484
RPGR,X-linked retinitis pigmentosa GTPase regulator,NMR metabolomics,X23514.Free Cholesterol in Small VLDL,37572,0.00407874572823943,0.00386399100073118,-0.00349467663319367,0.0116521680896725,0.291180276206773
RPGR,X-linked retinitis pigmentosa GTPase regulator,NMR metabolomics,X23515.Triglycerides in Small VLDL,37572,0.00530420757822108,0.004043923032824,-0.00262188156611397,0.0132302967225561,0.189661545171029
RPGR,X-linked retinitis pigmentosa GTPase regulator,NMR metabolomics,X23516.Concentration of Very Small VLDL Particles,37572,0.00300470629662196,0.00394920606523086,-0.00473573759123054,0.0107451501844745,0.446767469543604
RPGR,X-linked retinitis pigmentosa GTPase regulator,NMR metabolomics,X23517.Total Lipids in Very Small VLDL,37572,0.00278847939885299,0.00394766100355599,-0.00494893616811675,0.0105258949658227,0.479975325030432
RPGR,X-linked retinitis pigmentosa GTPase regulator,NMR metabolomics,X23518.Phospholipids in Very Small VLDL,37572,0.00248554350282426,0.00393944507983261,-0.00523576885364766,0.0102068558592962,0.528092402696875
RPGR,X-linked retinitis pigmentosa GTPase regulator,NMR metabolomics,X23519.Cholesterol in Very Small VLDL,37572,0.00157775354024211,0.00401794271149144,-0.00629741417428112,0.00945292125476533,0.694564467106956
RPGR,X-linked retinitis pigmentosa GTPase regulator,NMR metabolomics,X23520.Cholesteryl Esters in Very Small VLDL,37572,0.00126338916414579,0.00404908178524362,-0.00667281113493169,0.00919958946322328,0.755031283277409
RPGR,X-linked retinitis pigmentosa GTPase regulator,NMR metabolomics,X23521.Free Cholesterol in Very Small VLDL,37572,0.00222170409210027,0.0039563392170851,-0.00553272077338653,0.00997612895758706,0.574428490644834
RPGR,X-linked retinitis pigmentosa GTPase regulator,NMR metabolomics,X23522.Triglycerides in Very Small VLDL,37572,0.00512971504418469,0.00401889181962883,-0.00274731292228782,0.0130067430106572,0.201836615015502
RPGR,X-linked retinitis pigmentosa GTPase regulator,NMR metabolomics,X23523.Concentration of IDL Particles,37572,0.00247793910467776,0.00396432566207882,-0.00529213919299673,0.0102480174023522,0.531942929891888
RPGR,X-linked retinitis pigmentosa GTPase regulator,NMR metabolomics,X23524.Total Lipids in IDL,37572,0.00269947202073325,0.00407889819398628,-0.00529516843947986,0.0106941124809464,0.508102041477558
RPGR,X-linked retinitis pigmentosa GTPase regulator,NMR metabolomics,X23525.Phospholipids in IDL,37572,0.00240165290692879,0.00408998223561427,-0.00561471227487518,0.0104180180887328,0.55707697853948
RPGR,X-linked retinitis pigmentosa GTPase regulator,NMR metabolomics,X23526.Cholesterol in IDL,37572,0.0022123918650762,0.00408539199188968,-0.00579497643902756,0.01021976016918,0.588146538679039
RPGR,X-linked retinitis pigmentosa GTPase regulator,NMR metabolomics,X23527.Cholesteryl Esters in IDL,37572,0.00233292070773167,0.00407834299449152,-0.00566063156147171,0.010326472976935,0.567313749238266
RPGR,X-linked retinitis pigmentosa GTPase regulator,NMR metabolomics,X23528.Free Cholesterol in IDL,37572,0.00172945795456686,0.00409962350454148,-0.00630580411433444,0.00976472002346815,0.673135760933442
RPGR,X-linked retinitis pigmentosa GTPase regulator,NMR metabolomics,X23529.Triglycerides in IDL,37572,0.00601371409663071,0.00407888473363895,-0.00198089998130163,0.0140083281745631,0.140410687294003
RPGR,X-linked retinitis pigmentosa GTPase regulator,NMR metabolomics,X23530.Concentration of Large LDL Particles,37572,0.00378796712894335,0.00393156517804858,-0.00391790062003187,0.0114938348779186,0.335326659238125
RPGR,X-linked retinitis pigmentosa GTPase regulator,NMR metabolomics,X23531.Total Lipids in Large LDL,37572,0.0038678692351225,0.00397732283114568,-0.00392768351392303,0.011663421984168,0.330829447110413
RPGR,X-linked retinitis pigmentosa GTPase regulator,NMR metabolomics,X23532.Phospholipids in Large LDL,37572,0.00380392632589712,0.00395673278938028,-0.00395126994128822,0.0115591225930825,0.336378529104598
RPGR,X-linked retinitis pigmentosa GTPase regulator,NMR metabolomics,X23533.Cholesterol in Large LDL,37572,0.00343557316929714,0.00398986018945097,-0.00438455280202676,0.011255699140621,0.38921187852226
RPGR,X-linked retinitis pigmentosa GTPase regulator,NMR metabolomics,X23534.Cholesteryl Esters in Large LDL,37572,0.00376224038725527,0.00397378662682579,-0.00402638140132328,0.0115508621758338,0.343776195893066
RPGR,X-linked retinitis pigmentosa GTPase regulator,NMR metabolomics,X23535.Free Cholesterol in Large LDL,37572,0.00252886847089243,0.00402985666472007,-0.00536965059195891,0.0104273875337438,0.530320763035821
RPGR,X-linked retinitis pigmentosa GTPase regulator,NMR metabolomics,X23536.Triglycerides in Large LDL,37572,0.00685738897523966,0.00413747856873416,-0.00125206901947929,0.0149668469699586,0.0974658609206321
RPGR,X-linked retinitis pigmentosa GTPase regulator,NMR metabolomics,X23537.Concentration of Medium LDL Particles,37572,0.0044906262692383,0.00389517571545677,-0.00314391813305697,0.0121251706715336,0.248985273442878
RPGR,X-linked retinitis pigmentosa GTPase regulator,NMR metabolomics,X23538.Total Lipids in Medium LDL,37572,0.00532177828430884,0.00391513592226573,-0.00235188812333199,0.0129954446919497,0.174080244418689
RPGR,X-linked retinitis pigmentosa GTPase regulator,NMR metabolomics,X23539.Phospholipids in Medium LDL,37572,0.00526066784929852,0.00388652664525304,-0.00235692437539745,0.0128782600739945,0.175898401461168
RPGR,X-linked retinitis pigmentosa GTPase regulator,NMR metabolomics,X23540.Cholesterol in Medium LDL,37572,0.00501869436761918,0.00391532652568212,-0.00265534562271779,0.0126927343579561,0.199932881566559
RPGR,X-linked retinitis pigmentosa GTPase regulator,NMR metabolomics,X23541.Cholesteryl Esters in Medium LDL,37572,0.00527442042365657,0.0039283391070155,-0.0024251242260938,0.0129739650734069,0.179405598484856
RPGR,X-linked retinitis pigmentosa GTPase regulator,NMR metabolomics,X23542.Free Cholesterol in Medium LDL,37572,0.00412989491229889,0.00391960622228384,-0.00355253328337744,0.0118123231079752,0.292062379803058
RPGR,X-linked retinitis pigmentosa GTPase regulator,NMR metabolomics,X23543.Triglycerides in Medium LDL,37572,0.00709533877318355,0.00419710715979201,-0.00113099126000879,0.0153216688063759,0.090950211679386
RPGR,X-linked retinitis pigmentosa GTPase regulator,NMR metabolomics,X23544.Concentration of Small LDL Particles,37572,0.00373469489124199,0.00388168697373405,-0.00387341157727675,0.0113428013597607,0.336001079817781
RPGR,X-linked retinitis pigmentosa GTPase regulator,NMR metabolomics,X23545.Total Lipids in Small LDL,37572,0.00505209219917006,0.00392258044096386,-0.0026361654651191,0.0127403498634592,0.197785665128041
RPGR,X-linked retinitis pigmentosa GTPase regulator,NMR metabolomics,X23546.Phospholipids in Small LDL,37572,0.00476662174886838,0.00390623414484855,-0.00288959717503477,0.0124228406727715,0.222388214499541
RPGR,X-linked retinitis pigmentosa GTPase regulator,NMR metabolomics,X23547.Cholesterol in Small LDL,37572,0.00479838953994217,0.0039107427812014,-0.00286666631121257,0.0124634453910969,0.219853435604631
RPGR,X-linked retinitis pigmentosa GTPase regulator,NMR metabolomics,X23548.Cholesteryl Esters in Small LDL,37572,0.00483794773608296,0.00393546102136591,-0.00287555586579423,0.0125514513379601,0.218973250582183
RPGR,X-linked retinitis pigmentosa GTPase regulator,NMR metabolomics,X23549.Free Cholesterol in Small LDL,37572,0.00425765614696236,0.00389209939201011,-0.00337085866137745,0.0118861709553022,0.274008934738374
RPGR,X-linked retinitis pigmentosa GTPase regulator,NMR metabolomics,X23550.Triglycerides in Small LDL,37572,0.00559433858934758,0.00422797037931765,-0.00269248335411501,0.0138811605328102,0.185800727423558
RPGR,X-linked retinitis pigmentosa GTPase regulator,NMR metabolomics,X23551.Concentration of Very Large HDL Particles,37572,-0.00179680084004603,0.00454917243371957,-0.0107131788101364,0.00711957713004434,0.692869144818459
RPGR,X-linked retinitis pigmentosa GTPase regulator,NMR metabolomics,X23552.Total Lipids in Very Large HDL,37572,-0.00261001367975379,0.00457317318365472,-0.011573433119717,0.00635340576020947,0.568197413134695
RPGR,X-linked retinitis pigmentosa GTPase regulator,NMR metabolomics,X23553.Phospholipids in Very Large HDL,37572,-0.00283924019657935,0.00457144720861708,-0.0117992767254688,0.00612079633231012,0.534556947804264
RPGR,X-linked retinitis pigmentosa GTPase regulator,NMR metabolomics,X23554.Cholesterol in Very Large HDL,37572,-0.00255225051165797,0.00454731870617564,-0.0114649951757622,0.00636049415244627,0.574626531840474
RPGR,X-linked retinitis pigmentosa GTPase regulator,NMR metabolomics,X23555.Cholesteryl Esters in Very Large HDL,37572,-0.00265428844209018,0.0046230473087827,-0.0117154611673043,0.00640688428312391,0.565881144806312
RPGR,X-linked retinitis pigmentosa GTPase regulator,NMR metabolomics,X23556.Free Cholesterol in Very Large HDL,37572,-0.00216000698347147,0.00422820943830133,-0.0104472974825421,0.00612728351559915,0.609460352404181
RPGR,X-linked retinitis pigmentosa GTPase regulator,NMR metabolomics,X23557.Triglycerides in Very Large HDL,37572,0.00278614173701088,0.00409399471825902,-0.0052380879107768,0.0108103713847986,0.496172359682799
RPGR,X-linked retinitis pigmentosa GTPase regulator,NMR metabolomics,X23558.Concentration of Large HDL Particles,37572,-0.00339745527009768,0.00482639396084687,-0.0128571874333575,0.00606227689316219,0.481487341852095
RPGR,X-linked retinitis pigmentosa GTPase regulator,NMR metabolomics,X23559.Total Lipids in Large HDL,37572,-0.00331464566189254,0.00479908154161094,-0.01272084548345,0.00609155415966491,0.489776780691089
RPGR,X-linked retinitis pigmentosa GTPase regulator,NMR metabolomics,X23560.Phospholipids in Large HDL,37572,-0.00290042603955429,0.004735966398752,-0.0121829201811082,0.00638206810199963,0.540266965439726
RPGR,X-linked retinitis pigmentosa GTPase regulator,NMR metabolomics,X23561.Cholesterol in Large HDL,37572,-0.00395397171583548,0.00479998031249609,-0.0133619331283278,0.00545398969665686,0.410098025104117
RPGR,X-linked retinitis pigmentosa GTPase regulator,NMR metabolomics,X23562.Cholesteryl Esters in Large HDL,37572,-0.00416450144601152,0.00478542402506777,-0.0135439325351444,0.00521492964312131,0.384181295246404
RPGR,X-linked retinitis pigmentosa GTPase regulator,NMR metabolomics,X23563.Free Cholesterol in Large HDL,37572,-0.00303101403046353,0.00479451832864459,-0.0124282699546069,0.00636624189367987,0.527278177311705
RPGR,X-linked retinitis pigmentosa GTPase regulator,NMR metabolomics,X23564.Triglycerides in Large HDL,37572,0.00035649903666622,0.00404046992008279,-0.00756282200669605,0.00827582008002849,0.929693572824369
RPGR,X-linked retinitis pigmentosa GTPase regulator,NMR metabolomics,X23565.Concentration of Medium HDL Particles,37572,-0.000416419129219757,0.00430861153589328,-0.00886129773957059,0.00802845948113108,0.923007331223069
RPGR,X-linked retinitis pigmentosa GTPase regulator,NMR metabolomics,X23566.Total Lipids in Medium HDL,37572,-0.000194596527901296,0.00426898549895168,-0.00856180810584659,0.008172615050044,0.963642685175336
RPGR,X-linked retinitis pigmentosa GTPase regulator,NMR metabolomics,X23567.Phospholipids in Medium HDL,37572,9.4781601600756e-06,0.00424046563667006,-0.00830183448771324,0.00832079080803339,0.998216628100209
RPGR,X-linked retinitis pigmentosa GTPase regulator,NMR metabolomics,X23568.Cholesterol in Medium HDL,37572,-0.000990825253848379,0.00432426011258949,-0.00946637507452377,0.00748472456682702,0.81877009434709
RPGR,X-linked retinitis pigmentosa GTPase regulator,NMR metabolomics,X23569.Cholesteryl Esters in Medium HDL,37572,-0.00123988868844406,0.00430106419895409,-0.00966997451839407,0.00719019714150595,0.773140901761607
RPGR,X-linked retinitis pigmentosa GTPase regulator,NMR metabolomics,X23570.Free Cholesterol in Medium HDL,37572,-3.54876858363925e-05,0.00438348095255289,-0.00862711035284006,0.00855613498116728,0.993540697887934
RPGR,X-linked retinitis pigmentosa GTPase regulator,NMR metabolomics,X23571.Triglycerides in Medium HDL,37572,0.00173545317026417,0.00390333408961193,-0.00591508164537521,0.00938598798590355,0.656610471687349
RPGR,X-linked retinitis pigmentosa GTPase regulator,NMR metabolomics,X23572.Concentration of Small HDL Particles,37572,0.00376832180778526,0.00386049734995007,-0.00379825299811687,0.0113348966136874,0.329021312650441
RPGR,X-linked retinitis pigmentosa GTPase regulator,NMR metabolomics,X23573.Total Lipids in Small HDL,37572,0.00341476537868653,0.00390269514492814,-0.00423451710537262,0.0110640478627457,0.381602871037652
RPGR,X-linked retinitis pigmentosa GTPase regulator,NMR metabolomics,X23574.Phospholipids in Small HDL,37572,0.00262157854766204,0.00394453921065409,-0.00510971830521998,0.0103528754005441,0.506311920981174
RPGR,X-linked retinitis pigmentosa GTPase regulator,NMR metabolomics,X23575.Cholesterol in Small HDL,37572,0.00367769301399293,0.00386926060014397,-0.00390605776228925,0.0112614437902751,0.341880905868266
RPGR,X-linked retinitis pigmentosa GTPase regulator,NMR metabolomics,X23576.Cholesteryl Esters in Small HDL,37572,0.00312877593882287,0.00382328669973175,-0.00436486599265137,0.0106224178702971,0.41317382817674
RPGR,X-linked retinitis pigmentosa GTPase regulator,NMR metabolomics,X23577.Free Cholesterol in Small HDL,37572,0.00485568955683749,0.00402135967909412,-0.00302617541418698,0.012737554527862,0.227271198945289
RPGR,X-linked retinitis pigmentosa GTPase regulator,NMR metabolomics,X23578.Triglycerides in Small HDL,37572,0.00394038195945619,0.00403024253588299,-0.00395889341087446,0.0118396573297869,0.328239050716018
RPGR,X-linked retinitis pigmentosa GTPase regulator,NMR metabolomics,X23579.Phospholipids to Total Lipids in Chylomicrons and Extremely Large VLDL percentage,36861,0.00101430021985612,0.00368554346154973,-0.00620936496478135,0.00823796540449358,0.78315911072665
RPGR,X-linked retinitis pigmentosa GTPase regulator,NMR metabolomics,X23580.Cholesterol to Total Lipids in Chylomicrons and Extremely Large VLDL percentage,36861,0.00454961221909736,0.00385220760113641,-0.00300071467913001,0.0120999391173247,0.23760937047361
RPGR,X-linked retinitis pigmentosa GTPase regulator,NMR metabolomics,X23581.Cholesteryl Esters to Total Lipids in Chylomicrons and Extremely Large VLDL percentage,36861,0.00308449768194159,0.00375970602768807,-0.00428452613232703,0.0104535214962102,0.411998590878361
RPGR,X-linked retinitis pigmentosa GTPase regulator,NMR metabolomics,X23582.Free Cholesterol to Total Lipids in Chylomicrons and Extremely Large VLDL percentage,36861,0.00313043079198758,0.00393013277131814,-0.00457262943979598,0.0108334910237711,0.425744881349061
RPGR,X-linked retinitis pigmentosa GTPase regulator,NMR metabolomics,X23583.Triglycerides to Total Lipids in Chylomicrons and Extremely Large VLDL percentage,36861,-0.00337309793523513,0.00373134093086153,-0.0106865261597237,0.00394033028925346,0.366017819794725
RPGR,X-linked retinitis pigmentosa GTPase regulator,NMR metabolomics,X23584.Phospholipids to Total Lipids in Very Large VLDL percentage,37376,-0.00282675394399831,0.00362079902111394,-0.00992352002538163,0.00427001213738502,0.434993885226175
RPGR,X-linked retinitis pigmentosa GTPase regulator,NMR metabolomics,X23585.Cholesterol to Total Lipids in Very Large VLDL percentage,37376,-0.000389171877532333,0.00412663922589392,-0.00847738476028442,0.00769904100521975,0.92486657590964
RPGR,X-linked retinitis pigmentosa GTPase regulator,NMR metabolomics,X23586.Cholesteryl Esters to Total Lipids in Very Large VLDL percentage,37376,0.000579230620944308,0.00413790945049413,-0.00753107190202418,0.00868953314391279,0.888676817449164
RPGR,X-linked retinitis pigmentosa GTPase regulator,NMR metabolomics,X23587.Free Cholesterol to Total Lipids in Very Large VLDL percentage,37376,-0.00266444482539849,0.00390042913772513,-0.0103092859353397,0.00498039628454277,0.494545908613657
RPGR,X-linked retinitis pigmentosa GTPase regulator,NMR metabolomics,X23588.Triglycerides to Total Lipids in Very Large VLDL percentage,37376,0.00101850094983789,0.00395995598291695,-0.00674301277667934,0.00878001467635512,0.797028425706078
RPGR,X-linked retinitis pigmentosa GTPase regulator,NMR metabolomics,X23589.Phospholipids to Total Lipids in Large VLDL percentage,37567,0.00295724847906694,0.00386840600260143,-0.00462482728603186,0.0105393242441657,0.444605867619098
RPGR,X-linked retinitis pigmentosa GTPase regulator,NMR metabolomics,X23590.Cholesterol to Total Lipids in Large VLDL percentage,37567,0.000652348088351396,0.00379984474672342,-0.00679534761522651,0.0081000437919293,0.863693674245963
RPGR,X-linked retinitis pigmentosa GTPase regulator,NMR metabolomics,X23591.Cholesteryl Esters to Total Lipids in Large VLDL percentage,37567,0.000715811527007352,0.00398726286675018,-0.00709922369182299,0.0085308467458377,0.857528624558148
RPGR,X-linked retinitis pigmentosa GTPase regulator,NMR metabolomics,X23592.Free Cholesterol to Total Lipids in Large VLDL percentage,37567,0.000900076836890607,0.00365178143739545,-0.00625741478040448,0.0080575684541857,0.805317562863251
RPGR,X-linked retinitis pigmentosa GTPase regulator,NMR metabolomics,X23593.Triglycerides to Total Lipids in Large VLDL percentage,37567,-0.000604723198910379,0.00358558928412678,-0.00763247819579887,0.00642303179797811,0.866071574128264
RPGR,X-linked retinitis pigmentosa GTPase regulator,NMR metabolomics,X23594.Phospholipids to Total Lipids in Medium VLDL percentage,37572,-0.000805902638973434,0.00400973016896938,-0.00866497377015342,0.00705316849220655,0.840712049427862
RPGR,X-linked retinitis pigmentosa GTPase regulator,NMR metabolomics,X23595.Cholesterol to Total Lipids in Medium VLDL percentage,37572,-0.0018142952377018,0.00420150133293743,-0.0100492378502592,0.00642064737485556,0.665878831018093
RPGR,X-linked retinitis pigmentosa GTPase regulator,NMR metabolomics,X23596.Cholesteryl Esters to Total Lipids in Medium VLDL percentage,37572,-0.00175112214009887,0.00423668408708122,-0.0100550229507781,0.00655277867058032,0.679376189047777
RPGR,X-linked retinitis pigmentosa GTPase regulator,NMR metabolomics,X23597.Free Cholesterol to Total Lipids in Medium VLDL percentage,37572,-0.00183326419101939,0.00410121768882109,-0.00987165086110873,0.00620512247906994,0.654878937947495
RPGR,X-linked retinitis pigmentosa GTPase regulator,NMR metabolomics,X23598.Triglycerides to Total Lipids in Medium VLDL percentage,37572,0.001649146113469,0.0041680066401011,-0.00652014690112916,0.00981843912806716,0.692356529333262
RPGR,X-linked retinitis pigmentosa GTPase regulator,NMR metabolomics,X23599.Phospholipids to Total Lipids in Small VLDL percentage,37572,-0.0010862593458884,0.00409206168823273,-0.00910670025482455,0.00693418156304776,0.790662933077771
RPGR,X-linked retinitis pigmentosa GTPase regulator,NMR metabolomics,X23600.Cholesterol to Total Lipids in Small VLDL percentage,37572,-0.00105983866857767,0.00398862894923935,-0.00887755140908681,0.00675787407193146,0.790462860629735
RPGR,X-linked retinitis pigmentosa GTPase regulator,NMR metabolomics,X23601.Cholesteryl Esters to Total Lipids in Small VLDL percentage,37572,-0.0002238111819012,0.00387738167314012,-0.00782347926125583,0.00737585689745343,0.953970751884528
RPGR,X-linked retinitis pigmentosa GTPase regulator,NMR metabolomics,X23602.Free Cholesterol to Total Lipids in Small VLDL percentage,37572,-0.00178894408344458,0.00410554702154286,-0.00983581624566858,0.00625792807877942,0.663033782147896
RPGR,X-linked retinitis pigmentosa GTPase regulator,NMR metabolomics,X23603.Triglycerides to Total Lipids in Small VLDL percentage,37572,0.00106591289178474,0.00402462865398471,-0.00682235927002529,0.00895418505359478,0.791131093448078
RPGR,X-linked retinitis pigmentosa GTPase regulator,NMR metabolomics,X23604.Phospholipids to Total Lipids in Very Small VLDL percentage,37572,-0.00191664302123166,0.00410609522992063,-0.00996458967187609,0.00613130362941277,0.640665056370016
RPGR,X-linked retinitis pigmentosa GTPase regulator,NMR metabolomics,X23605.Cholesterol to Total Lipids in Very Small VLDL percentage,37572,-0.00371528370821988,0.00426150637875314,-0.012067836210576,0.00463726879413626,0.383320330956755
RPGR,X-linked retinitis pigmentosa GTPase regulator,NMR metabolomics,X23606.Cholesteryl Esters to Total Lipids in Very Small VLDL percentage,37572,-0.00352642189742097,0.00429165284192915,-0.0119380614676021,0.00488521767276017,0.411266469455319
RPGR,X-linked retinitis pigmentosa GTPase regulator,NMR metabolomics,X23607.Free Cholesterol to Total Lipids in Very Small VLDL percentage,37572,-0.00510320433600098,0.00414453275273542,-0.0132264885313624,0.00302007985936045,0.218229039784091
RPGR,X-linked retinitis pigmentosa GTPase regulator,NMR metabolomics,X23608.Triglycerides to Total Lipids in Very Small VLDL percentage,37572,0.00494405752258783,0.00425011857058338,-0.0033861748757556,0.0132742899209313,0.244739021126503
RPGR,X-linked retinitis pigmentosa GTPase regulator,NMR metabolomics,X23609.Phospholipids to Total Lipids in IDL percentage,37572,-0.00161238383161897,0.00384574668726702,-0.00915004733866233,0.00592527967542439,0.675029935951436
RPGR,X-linked retinitis pigmentosa GTPase regulator,NMR metabolomics,X23610.Cholesterol to Total Lipids in IDL percentage,37572,-0.00176067804106117,0.00407350595282338,-0.00974474970859499,0.00622339362647264,0.665583758039716
RPGR,X-linked retinitis pigmentosa GTPase regulator,NMR metabolomics,X23611.Cholesteryl Esters to Total Lipids in IDL percentage,37572,-0.000626878887975063,0.00406973181535741,-0.00860355324607558,0.00734979547012546,0.877584944380284
RPGR,X-linked retinitis pigmentosa GTPase regulator,NMR metabolomics,X23612.Free Cholesterol to Total Lipids in IDL percentage,37572,-0.0048480368281674,0.0041477491010071,-0.0129776250661413,0.00328155140980653,0.242491108500708
RPGR,X-linked retinitis pigmentosa GTPase regulator,NMR metabolomics,X23613.Triglycerides to Total Lipids in IDL percentage,37572,0.00371051786326338,0.0041986765731076,-0.00451888822002751,0.0119399239465543,0.37685542084608
RPGR,X-linked retinitis pigmentosa GTPase regulator,NMR metabolomics,X23614.Phospholipids to Total Lipids in Large LDL percentage,37572,-0.00150543380377707,0.00383574490303393,-0.00902349381372356,0.00601262620616943,0.694713689498506
RPGR,X-linked retinitis pigmentosa GTPase regulator,NMR metabolomics,X23615.Cholesterol to Total Lipids in Large LDL percentage,37572,-0.003205137932981,0.00422064266290547,-0.0114775975522757,0.00506732168631371,0.447629522369366
RPGR,X-linked retinitis pigmentosa GTPase regulator,NMR metabolomics,X23616.Cholesteryl Esters to Total Lipids in Large LDL percentage,37572,0.000570617291396103,0.00388079742232428,-0.00703574565635949,0.00817698023915169,0.8831057909119
RPGR,X-linked retinitis pigmentosa GTPase regulator,NMR metabolomics,X23617.Free Cholesterol to Total Lipids in Large LDL percentage,37572,-0.0061031975224263,0.00420367726962392,-0.0143424049708892,0.00213600992603658,0.146561362405599
RPGR,X-linked retinitis pigmentosa GTPase regulator,NMR metabolomics,X23618.Triglycerides to Total Lipids in Large LDL percentage,37572,0.00319039333988423,0.00418523493819233,-0.00501266713897273,0.0113934538187412,0.445896282078301
RPGR,X-linked retinitis pigmentosa GTPase regulator,NMR metabolomics,X23619.Phospholipids to Total Lipids in Medium LDL percentage,37572,-0.000640296963619044,0.00378727361874201,-0.00806335325635339,0.0067827593291153,0.865747799112317
RPGR,X-linked retinitis pigmentosa GTPase regulator,NMR metabolomics,X23620.Cholesterol to Total Lipids in Medium LDL percentage,37572,-0.00116240357517553,0.00388747856371594,-0.00878186156005878,0.00645705440970771,0.764935461602135
RPGR,X-linked retinitis pigmentosa GTPase regulator,NMR metabolomics,X23621.Cholesteryl Esters to Total Lipids in Medium LDL percentage,37572,0.00181473932879989,0.00394829161666593,-0.00592391223986534,0.00955339089746512,0.64579197351759
RPGR,X-linked retinitis pigmentosa GTPase regulator,NMR metabolomics,X23622.Free Cholesterol to Total Lipids in Medium LDL percentage,37572,-0.00354233009563913,0.00428494121301926,-0.0119408148731569,0.00485615468187861,0.408426231130728
RPGR,X-linked retinitis pigmentosa GTPase regulator,NMR metabolomics,X23623.Triglycerides to Total Lipids in Medium LDL percentage,37572,0.0018309364616813,0.00403718401341936,-0.00608194420462065,0.00974381712798325,0.650183135495515
RPGR,X-linked retinitis pigmentosa GTPase regulator,NMR metabolomics,X23624.Phospholipids to Total Lipids in Small LDL percentage,37572,-0.00285673804011664,0.00386202417572103,-0.0104263054245299,0.00471282934429657,0.459495478139158
RPGR,X-linked retinitis pigmentosa GTPase regulator,NMR metabolomics,X23625.Cholesterol to Total Lipids in Small LDL percentage,37572,0.000959234847239641,0.00390249024612369,-0.00668964603516278,0.00860811572964207,0.805840357461665
RPGR,X-linked retinitis pigmentosa GTPase regulator,NMR metabolomics,X23626.Cholesteryl Esters to Total Lipids in Small LDL percentage,37572,0.00119906564391348,0.00390008689083907,-0.0064451046621311,0.00884323594995806,0.758508891190862
RPGR,X-linked retinitis pigmentosa GTPase regulator,NMR metabolomics,X23627.Free Cholesterol to Total Lipids in Small LDL percentage,37572,0.000184822695634599,0.00418831468027269,-0.00802427407769987,0.00839391946896906,0.964802903431818
RPGR,X-linked retinitis pigmentosa GTPase regulator,NMR metabolomics,X23628.Triglycerides to Total Lipids in Small LDL percentage,37572,0.0018991811786635,0.00413244719652526,-0.00620041532652602,0.00999877768385301,0.645826879077962
RPGR,X-linked retinitis pigmentosa GTPase regulator,NMR metabolomics,X23629.Phospholipids to Total Lipids in Very Large HDL percentage,37570,-0.00425772204522862,0.00444315591760264,-0.0129663076437298,0.00445086355327256,0.337946667676759
RPGR,X-linked retinitis pigmentosa GTPase regulator,NMR metabolomics,X23630.Cholesterol to Total Lipids in Very Large HDL percentage,37570,0.000287359338068096,0.00443807895116197,-0.00841127540620937,0.00898599408234556,0.948375164273599
RPGR,X-linked retinitis pigmentosa GTPase regulator,NMR metabolomics,X23631.Cholesteryl Esters to Total Lipids in Very Large HDL percentage,37570,-0.000590496166632895,0.00445059322208386,-0.00931365888191726,0.00813266654865147,0.894450013657052
RPGR,X-linked retinitis pigmentosa GTPase regulator,NMR metabolomics,X23632.Free Cholesterol to Total Lipids in Very Large HDL percentage,37570,0.000704885221365988,0.00473565946867039,-0.00857700733722798,0.00998677777995996,0.881677231503163
RPGR,X-linked retinitis pigmentosa GTPase regulator,NMR metabolomics,X23633.Triglycerides to Total Lipids in Very Large HDL percentage,37570,0.00400995411015439,0.00442787624884667,-0.00466868333758509,0.0126885915578939,0.365155945157772
RPGR,X-linked retinitis pigmentosa GTPase regulator,NMR metabolomics,X23634.Phospholipids to Total Lipids in Large HDL percentage,37572,0.00365854240982984,0.00460015680399596,-0.00535776492600225,0.0126748497456619,0.426448634448996
RPGR,X-linked retinitis pigmentosa GTPase regulator,NMR metabolomics,X23635.Cholesterol to Total Lipids in Large HDL percentage,37572,-0.00403429278038473,0.00459299009758857,-0.0130365533716583,0.00496796781088886,0.379765178365575
RPGR,X-linked retinitis pigmentosa GTPase regulator,NMR metabolomics,X23636.Cholesteryl Esters to Total Lipids in Large HDL percentage,37572,-0.00427850999336855,0.00463382732265665,-0.0133608115457756,0.00480379155903849,0.355856936510367
RPGR,X-linked retinitis pigmentosa GTPase regulator,NMR metabolomics,X23637.Free Cholesterol to Total Lipids in Large HDL percentage,37572,5.26256545632485e-05,0.00445231621118731,-0.00867391411936387,0.00877916542849037,0.990569533372884
RPGR,X-linked retinitis pigmentosa GTPase regulator,NMR metabolomics,X23638.Triglycerides to Total Lipids in Large HDL percentage,37572,0.00279002600838525,0.00446441383598433,-0.00596022511014403,0.0115402771269145,0.532016127753087
RPGR,X-linked retinitis pigmentosa GTPase regulator,NMR metabolomics,X23639.Phospholipids to Total Lipids in Medium HDL percentage,37572,0.00207585724329589,0.0043487828022868,-0.00644775704918624,0.010599471535778,0.633126467095848
RPGR,X-linked retinitis pigmentosa GTPase regulator,NMR metabolomics,X23640.Cholesterol to Total Lipids in Medium HDL percentage,37572,-0.00254696767772627,0.00424443870780298,-0.0108660675450201,0.00577213218956757,0.548468795999142
RPGR,X-linked retinitis pigmentosa GTPase regulator,NMR metabolomics,X23641.Cholesteryl Esters to Total Lipids in Medium HDL percentage,37572,-0.00277807814385606,0.0042126151760262,-0.0110348038888674,0.00547864760115529,0.509607893550625
RPGR,X-linked retinitis pigmentosa GTPase regulator,NMR metabolomics,X23642.Free Cholesterol to Total Lipids in Medium HDL percentage,37572,0.000380554330250803,0.00458701964396455,-0.00861000417191972,0.00937111283242132,0.933881979452982
RPGR,X-linked retinitis pigmentosa GTPase regulator,NMR metabolomics,X23643.Triglycerides to Total Lipids in Medium HDL percentage,37572,0.0027941840011768,0.00413090474033749,-0.00530238928988468,0.0108907572922383,0.498792489572253
RPGR,X-linked retinitis pigmentosa GTPase regulator,NMR metabolomics,X23644.Phospholipids to Total Lipids in Small HDL percentage,37572,-0.00454057063805578,0.00402396173834335,-0.0124275356452087,0.00334639436909719,0.259178771917375
RPGR,X-linked retinitis pigmentosa GTPase regulator,NMR metabolomics,X23645.Cholesterol to Total Lipids in Small HDL percentage,37572,0.000423393397730388,0.0040387170668255,-0.00749249205324759,0.00833927884870837,0.916509421388856
RPGR,X-linked retinitis pigmentosa GTPase regulator,NMR metabolomics,X23646.Cholesteryl Esters to Total Lipids in Small HDL percentage,37572,-0.000425658135253137,0.00404878359449711,-0.00836127398046748,0.0075099577099612,0.916272396822837
RPGR,X-linked retinitis pigmentosa GTPase regulator,NMR metabolomics,X23647.Free Cholesterol to Total Lipids in Small HDL percentage,37572,0.00357692041029221,0.00414189680434447,-0.00454119732622295,0.0116950381468074,0.387826326068186
RPGR,X-linked retinitis pigmentosa GTPase regulator,NMR metabolomics,X23648.Triglycerides to Total Lipids in Small HDL percentage,37572,0.00356741016483737,0.00413142808988024,-0.0045301888913279,0.0116650092210026,0.38788877863057
RPGR,X-linked retinitis pigmentosa GTPase regulator,Working and living environment,X24003.Nitrogen dioxide air pollution; 2010,47636,0.00103016517328594,0.00326360239364771,-0.00536649551826357,0.00742682586483545,0.752268911691232
RPGR,X-linked retinitis pigmentosa GTPase regulator,Working and living environment,X24004.Nitrogen oxides air pollution; 2010,47636,0.0019416809211651,0.00319759761139178,-0.00432561039716279,0.00820897223949299,0.543703459871643
RPGR,X-linked retinitis pigmentosa GTPase regulator,Working and living environment,X24005.Particulate matter air pollution (pm10); 2010,45972,-0.00181002277849306,0.00304441851643188,-0.00777708307069955,0.00415703751371343,0.552158522528643
RPGR,X-linked retinitis pigmentosa GTPase regulator,Working and living environment,X24006.Particulate matter air pollution (pm2.5); 2010,45972,0.00271657420426282,0.00333126864366517,-0.00381271233732091,0.00924586074584654,0.414808136143469
RPGR,X-linked retinitis pigmentosa GTPase regulator,Working and living environment,X24007.Particulate matter air pollution (pm2.5) absorbance; 2010,45972,-0.00071349982548999,0.00325809271195509,-0.00709936154092196,0.00567236188994198,0.826657498949735
RPGR,X-linked retinitis pigmentosa GTPase regulator,Working and living environment,X24008.Particulate matter air pollution 2.5-10um; 2010,45972,-0.000503821502488871,0.00298795769783238,-0.00636021859024033,0.00535257558526259,0.866099219012024
RPGR,X-linked retinitis pigmentosa GTPase regulator,Working and living environment,X24009.Traffic intensity on the nearest road,47636,0.0970283545438625,0.0590577213334451,-0.01872477926969,0.212781488357415,0.100408692736399
RPGR,X-linked retinitis pigmentosa GTPase regulator,Working and living environment,X24010.Inverse distance to the nearest road,47636,-0.000280139371083095,0.00286170073824849,-0.00588907281805014,0.00532879407588395,0.922018409766097
RPGR,X-linked retinitis pigmentosa GTPase regulator,Working and living environment,X24011.Traffic intensity on the nearest major road,47636,-0.000917550711950024,0.00286102714400762,-0.00652516391420496,0.00469006249030491,0.748435523421333
RPGR,X-linked retinitis pigmentosa GTPase regulator,Working and living environment,X24012.Inverse distance to the nearest major road,47636,0.00430120740718791,0.00291481293862557,-0.00141182595251821,0.010014240766894,0.140054801014589
RPGR,X-linked retinitis pigmentosa GTPase regulator,Working and living environment,X24013.Total traffic load on major roads,47636,0.0749120116984559,0.0418628270741277,-0.00713912936683439,0.156963152763746,0.0735532083957027
RPGR,X-linked retinitis pigmentosa GTPase regulator,Working and living environment,X24015.Sum of road length of major roads within 100m,47636,0.0578071086686405,0.0412393774432836,-0.0230220711201954,0.138636288457476,0.161004668561101
RPGR,X-linked retinitis pigmentosa GTPase regulator,Working and living environment,X24016.Nitrogen dioxide air pollution; 2005,47636,-0.000810804676587316,0.00324921562693521,-0.00717926730538033,0.0055576579522057,0.802946407302727
RPGR,X-linked retinitis pigmentosa GTPase regulator,Working and living environment,X24017.Nitrogen dioxide air pollution; 2006,47636,-0.000864658467063193,0.00324312393135692,-0.00722118137252275,0.00549186443839637,0.789769643143939
RPGR,X-linked retinitis pigmentosa GTPase regulator,Working and living environment,X24018.Nitrogen dioxide air pollution; 2007,47636,-0.00173502884440141,0.00321465313179282,-0.00803574898271533,0.00456569129391251,0.589391840808516
RPGR,X-linked retinitis pigmentosa GTPase regulator,Working and living environment,X24019.Particulate matter air pollution (pm10); 2007,47578,-0.00304464722790531,0.00316283395301579,-0.00924380177581626,0.00315450732000564,0.335741971852351
RPGR,X-linked retinitis pigmentosa GTPase regulator,Working and living environment,X24020.Average daytime sound level of noise pollution,47636,0.00351906608664996,0.00288173794268721,-0.00212914028101697,0.00916727245431689,0.222037472496033
RPGR,X-linked retinitis pigmentosa GTPase regulator,Working and living environment,X24021.Average evening sound level of noise pollution,47636,0.00353317270423761,0.00288174240885997,-0.00211504241712792,0.00918138782560315,0.220190690645728
RPGR,X-linked retinitis pigmentosa GTPase regulator,Working and living environment,X24022.Average night-time sound level of noise pollution,47636,0.00351811750138732,0.00288170648859773,-0.00213002721626424,0.00916626221903888,0.222157056531638
RPGR,X-linked retinitis pigmentosa GTPase regulator,Working and living environment,X24023.Average 16-hour sound level of noise pollution,47636,0.00357048072294978,0.00288168831657323,-0.00207762837753375,0.00921858982343331,0.215349187237027
RPGR,X-linked retinitis pigmentosa GTPase regulator,Working and living environment,X24024.Average 24-hour sound level of noise pollution,47636,0.00355887156062285,0.00288181272489197,-0.00208948138016541,0.00920722450141111,0.216864607315452
RPGR,X-linked retinitis pigmentosa GTPase regulator,Working and living environment,"X24500.Greenspace percentage, buffer 1000m",44989,-0.00211851529984113,0.00335809252637628,-0.00870037665153864,0.00446334605185638,0.528133431814642
RPGR,X-linked retinitis pigmentosa GTPase regulator,Working and living environment,"X24501.Domestic garden percentage, buffer 1000m",44989,0.00313036959002279,0.00306141176840965,-0.00286999747606012,0.00913073665610569,0.306544604717854
RPGR,X-linked retinitis pigmentosa GTPase regulator,Working and living environment,"X24502.Water percentage, buffer 1000m",44989,-0.00586436922629496,0.00299320262526197,-0.0117310463718084,2.30791921851034e-06,0.0500994894258204
RPGR,X-linked retinitis pigmentosa GTPase regulator,Working and living environment,"X24503.Greenspace percentage, buffer 300m",44989,-0.00072274307663304,0.0031645734048334,-0.00692530695010651,0.00547982079684043,0.819348737207783
RPGR,X-linked retinitis pigmentosa GTPase regulator,Working and living environment,"X24504.Domestic garden percentage, buffer 300m",44989,0.00161164704743863,0.0030930571875694,-0.00445074504019739,0.00767403913507466,0.602335396677527
RPGR,X-linked retinitis pigmentosa GTPase regulator,Working and living environment,"X24505.Water percentage, buffer 300m",44989,-0.00337168090686725,0.00301633663684474,-0.00928370071508294,0.00254033890134844,0.263662691049456
RPGR,X-linked retinitis pigmentosa GTPase regulator,Working and living environment,"X24506.Natural environment percentage, buffer 1000m",47781,-0.00394592007136729,0.00318803966902678,-0.0101944778226598,0.0023026376799252,0.215830075415766
RPGR,X-linked retinitis pigmentosa GTPase regulator,Working and living environment,"X24507.Natural environment percentage, buffer 300m",47781,-0.000622026442059035,0.00301042415367073,-0.00652245778325367,0.0052784048991356,0.836305172911912
RPGR,X-linked retinitis pigmentosa GTPase regulator,Working and living environment,X24508.Distance (Euclidean) to coast,47781,0.00191843848670285,0.00285874006733088,-0.00368469204526567,0.00752156901867137,0.502177280268581
RPGR,X-linked retinitis pigmentosa GTPase regulator,Health and medical history,X2684.Years since last breast cancer screening  or  mammogram,33968,-0.00633424887420877,0.0465346357826138,-0.0975421350081318,0.0848736372597142,0.891730073755223
RPGR,X-linked retinitis pigmentosa GTPase regulator,Health and medical history,X2704.Years since last cervical smear test,42304,0.000730216909713933,0.0335421977480241,-0.0650124906764133,0.0664729244958412,0.982631590723744
RPGR,X-linked retinitis pigmentosa GTPase regulator,Health and medical history,X2714.Age when periods started (menarche),47214,0.00203865108303244,0.0284163456882033,-0.0536573864658461,0.057734688631911,0.942807704294617
RPGR,X-linked retinitis pigmentosa GTPase regulator,Health and medical history,X2734.Number of live births,47917,-0.0217004787871427,0.0275464390590689,-0.0756914993429177,0.0322905417686323,0.430834529316665
RPGR,X-linked retinitis pigmentosa GTPase regulator,Health and medical history,X2744.Birth weight of first child,43104,0.0184223655925629,0.0309636607923198,-0.042266409560384,0.0791111407455098,0.551872551792452
RPGR,X-linked retinitis pigmentosa GTPase regulator,Health and medical history,X2754.Age at first live birth,40324,-0.00334771163376641,0.00368936949342174,-0.010578875840873,0.0038834525733402,0.364212272616042
RPGR,X-linked retinitis pigmentosa GTPase regulator,Health and medical history,X2764.Age at last live birth,40279,-0.00284338766680384,0.00353933048172738,-0.00978047541098951,0.00409370007738183,0.421773669942075
RPGR,X-linked retinitis pigmentosa GTPase regulator,Health and medical history,X2794.Age started oral contraceptive pill,42401,0.00191165686167643,0.00397994790041923,-0.00588904102314526,0.00971235474649812,0.63100424314541
RPGR,X-linked retinitis pigmentosa GTPase regulator,Health and medical history,X2804.Age when last used oral contraceptive pill,40719,-0.00264456156201081,0.0034358449402095,-0.00937881764482142,0.00408969452079981,0.441490477841208
RPGR,X-linked retinitis pigmentosa GTPase regulator,Lifestyle factors,X2867.Age started smoking in former smokers,29261,-0.00986835949140315,0.0067172701796637,-0.023034209043544,0.0032974900607377,0.14187035650857
RPGR,X-linked retinitis pigmentosa GTPase regulator,Mental health,"X28735.Feeling anxious, nervous or on edge over the last 2 weeks",33661,-0.0105714129268248,0.0490313357457795,-0.106672830988553,0.0855300051349031,0.829300246575029
RPGR,X-linked retinitis pigmentosa GTPase regulator,Mental health,X28736.Not being able to stop or control worrying over the last 2 weeks,33649,-0.033330476050884,0.0538846902143062,-0.138944468870924,0.0722835167691561,0.536226937093102
RPGR,X-linked retinitis pigmentosa GTPase regulator,Mental health,X28737.Little interest or pleasure in doing things over the last 2 weeks,33676,0.00742899133784635,0.0574978461389438,-0.105266787094484,0.120124769770176,0.897198503584077
RPGR,X-linked retinitis pigmentosa GTPase regulator,Mental health,"X28738.Feeling down, depressed or hopeless over the last 2 weeks",33644,0.00831628534593578,0.055159327526202,-0.0997959966054201,0.116428567297292,0.880161697805686
RPGR,X-linked retinitis pigmentosa GTPase regulator,Mental health,X28739.Difficulty with standing for long periods,33694,-0.000963449921707825,0.0488837904962986,-0.0967756792944531,0.0948487794510374,0.98427594831749
RPGR,X-linked retinitis pigmentosa GTPase regulator,Mental health,X28740.Difficulty with taking care of household responsibilities,33718,-0.0124735752626309,0.05322304846245,-0.116790750249033,0.0918435997237711,0.814707456633595
RPGR,X-linked retinitis pigmentosa GTPase regulator,Mental health,X28741.Difficulty learning a new task,33621,0.0145959256905673,0.0588618672713348,-0.100773334161249,0.129965185542384,0.804163850598783
RPGR,X-linked retinitis pigmentosa GTPase regulator,Mental health,X28742.Difficulty with joining in community activities,33385,0.0190434796332282,0.0624511563590633,-0.103360786830536,0.141447746096992,0.760423541956679
RPGR,X-linked retinitis pigmentosa GTPase regulator,Mental health,X28743.Difficulty with being emotionally affected by health problems,33658,-0.00321310109935545,0.0522545370629887,-0.105631993742813,0.0992057915441025,0.950970776505401
RPGR,X-linked retinitis pigmentosa GTPase regulator,Mental health,X28744.Difficulty with concentrating on doing something for ten minutes,33708,-0.045211843529021,0.079301377583236,-0.200642543592164,0.110218856534122,0.568605516872447
RPGR,X-linked retinitis pigmentosa GTPase regulator,Lifestyle factors,X2887.Number of cigarettes previously smoked daily,29239,0.0598248603555072,0.0633916157332929,-0.0644227064817469,0.184072427192761,0.345352931362047
RPGR,X-linked retinitis pigmentosa GTPase regulator,Lifestyle factors,X2897.Age stopped smoking,29268,0.00616958768727024,0.00693218940561045,-0.00741750354772624,0.0197566789222667,0.373515047555023
RPGR,X-linked retinitis pigmentosa GTPase regulator,Mental health,X29001#0.Mental health conditions experienced by first degree blood relatives_None of the above,32757,-0.00406985526091324,0.00984484079499132,-0.0233657432190962,0.0152260326972698,0.679324391409948
RPGR,X-linked retinitis pigmentosa GTPase regulator,Mental health,X29001#1.Mental health conditions experienced by first degree blood relatives_Depression,32757,0.00308784567176141,0.0104901034380056,-0.0174727570667295,0.0236484484102524,0.768491728016493
RPGR,X-linked retinitis pigmentosa GTPase regulator,Mental health,X29001#3.Mental health conditions experienced by first degree blood relatives_Schizophrenia,32757,-0.00608144537820029,0.035210881212615,-0.0750947725549257,0.0629318817985251,0.862879705419442
RPGR,X-linked retinitis pigmentosa GTPase regulator,Mental health,X29001#4.Mental health conditions experienced by first degree blood relatives_Any other type of psychosis or psychotic illness,32757,0.0572032018812636,0.0382245112070265,-0.0177168400845084,0.132123243847036,0.134559903259989
RPGR,X-linked retinitis pigmentosa GTPase regulator,Mental health,X29001#5.Mental health conditions experienced by first degree blood relatives_A personality disorder,32757,-0.0296036873700139,0.0390242884337897,-0.106091292700242,0.046883917960214,0.448115513484812
RPGR,X-linked retinitis pigmentosa GTPase regulator,Mental health,X29001#7.Mental health conditions experienced by first degree blood relatives_Attention deficit or attention deficit and hyperactivity disorder,32757,-0.0327055038939299,0.0314853921013866,-0.0944168724126476,0.0290058646247877,0.29895048049518
RPGR,X-linked retinitis pigmentosa GTPase regulator,Mental health,X29001#8.Mental health conditions experienced by first degree blood relatives_An anxiety disorder,32757,0.0370001094660603,0.0148658586837098,0.00786302644598903,0.0661371924861315,0.0128321835151898
RPGR,X-linked retinitis pigmentosa GTPase regulator,Mental health,X29001#9.Mental health conditions experienced by first degree blood relatives_An eating disorder,32757,-0.0571937166622647,0.0257997915175621,-0.107761308036686,-0.00662612528784295,0.0266617876605584
RPGR,X-linked retinitis pigmentosa GTPase regulator,Mental health,X29002.Recent lack of interest or pleasure in doing things,32699,-0.0128894019338763,0.0597592320139357,-0.13001749668119,0.104238692813438,0.829235603506746
RPGR,X-linked retinitis pigmentosa GTPase regulator,Mental health,X29003.Recent feelings of depression,32688,-0.0110946404063289,0.0572668337946358,-0.123337634643815,0.101148353831157,0.846387475216382
RPGR,X-linked retinitis pigmentosa GTPase regulator,Mental health,"X29004.Trouble falling or staying asleep, or sleeping too much",32706,0.00375098014480274,0.0474730693441818,-0.0892962357697935,0.096798196059399,0.937024357616148
RPGR,X-linked retinitis pigmentosa GTPase regulator,Mental health,X29005.Recent feelings of tiredness or low energy,32712,-0.0323725558916783,0.0483209942378669,-0.127081704597897,0.0623365928145409,0.50290963952243
RPGR,X-linked retinitis pigmentosa GTPase regulator,Mental health,X29006.Recent poor appetite or overeating,32717,-0.0930945343775132,0.0630368667709382,-0.216646793248552,0.0304577244935255,0.139760178844683
RPGR,X-linked retinitis pigmentosa GTPase regulator,Mental health,X29007.Recent feelings of inadequacy,32676,-0.0713034774183739,0.0634535273573797,-0.195672391038838,0.0530654362020904,0.261168116882982
RPGR,X-linked retinitis pigmentosa GTPase regulator,Mental health,X29008.Recent trouble concentrating on things,32715,-0.0634704509689015,0.0648665814916307,-0.190608950692498,0.0636680487546946,0.327867168271676
RPGR,X-linked retinitis pigmentosa GTPase regulator,Mental health,X29009.Recent changes in speed or amount of moving or speaking,32706,-0.0723589170313508,0.115359626995585,-0.298463785942698,0.153745951879996,0.530515050658015
RPGR,X-linked retinitis pigmentosa GTPase regulator,Mental health,X29010.Recent thoughts of suicide or self-harm,32652,0.061496155440644,0.119712051168564,-0.173139464849742,0.29613177573103,0.607475159894129
RPGR,X-linked retinitis pigmentosa GTPase regulator,Mental health,X29038#0.Substances taken for depression_None of options listed,31826,0.0168438679769525,0.0187219411500941,-0.0198511366772318,0.0535388726311369,0.368316764893671
RPGR,X-linked retinitis pigmentosa GTPase regulator,Mental health,X29038#1.Substances taken for depression_Drugs or alcohol (more than once),31826,-0.000342303454532126,0.0374283368132503,-0.0737018436085026,0.0730172366994384,0.992703240440341
RPGR,X-linked retinitis pigmentosa GTPase regulator,Mental health,X29038#2.Substances taken for depression_Medication prescribed to participant (for at least 2 weeks),31826,-0.0222198243047517,0.0174992686404527,-0.0565183908400389,0.0120787422305355,0.204211159083306
RPGR,X-linked retinitis pigmentosa GTPase regulator,Mental health,X29038#3.Substances taken for depression_Unprescribed medication (more than once),31826,-0.0857389069969803,0.0520159373930974,-0.187690144287451,0.0162123302934906,0.0993296353712609
RPGR,X-linked retinitis pigmentosa GTPase regulator,Mental health,X29039#1.Use of specific medications_Citalopram (sometimes called Cipramil),31826,-0.00791612310806188,0.0325319025063863,-0.0716786520205791,0.0558464058044553,0.807753313687254
RPGR,X-linked retinitis pigmentosa GTPase regulator,Mental health,X29039#2.Use of specific medications_Fluoxetine (Prozac or Oxactin),31826,-0.0162928694832225,0.0335747608617698,-0.0820994007722913,0.0495136618058462,0.627498292936017
RPGR,X-linked retinitis pigmentosa GTPase regulator,Mental health,X29039#3.Use of specific medications_Sertraline (Lustral),31826,-0.0325032229961506,0.0408203983961463,-0.112511203852597,0.0475047578602962,0.425912647458774
RPGR,X-linked retinitis pigmentosa GTPase regulator,Mental health,X29039#5.Use of specific medications_Amitriptyline (Elavil),31826,-0.00774997157500398,0.0440287552672564,-0.0940463318988266,0.0785463887488186,0.860282526877172
RPGR,X-linked retinitis pigmentosa GTPase regulator,Mental health,X29039#7.Use of specific medications_Other antidepressant(s),31826,-0.00299536809985733,0.0336944274738422,-0.069036445948588,0.0630457097488734,0.92916536627477
RPGR,X-linked retinitis pigmentosa GTPase regulator,Mental health,X29047#0.Activities undertaken to treat depression_None of options listed,31826,-0.0129689702957407,0.0188578184197079,-0.0499302943983682,0.0239923538068868,0.491648368356498
RPGR,X-linked retinitis pigmentosa GTPase regulator,Mental health,X29051#0.Manifestations of mania or irritability_None of options listed,31826,0.0186294117763518,0.0285327114382246,-0.0372947026425684,0.074553526195272,0.513831964038916
RPGR,X-linked retinitis pigmentosa GTPase regulator,Mental health,X29051#1.Manifestations of mania or irritability_More active than usual,31826,0.0437662835884743,0.0438355038097946,-0.042151303878723,0.129683871055672,0.318108059570511
RPGR,X-linked retinitis pigmentosa GTPase regulator,Mental health,X29051#2.Manifestations of mania or irritability_More confident than usual,31826,0.0835364483254121,0.0575880429444226,-0.0293361158456562,0.19640901249648,0.146937519045243
RPGR,X-linked retinitis pigmentosa GTPase regulator,Mental health,X29051#3.Manifestations of mania or irritability_Easily distracted,31826,-0.0156391040673896,0.038335089155769,-0.0907758788126969,0.0594976706779176,0.683316396948502
RPGR,X-linked retinitis pigmentosa GTPase regulator,Mental health,X29051#4.Manifestations of mania or irritability_More creative or had more ideas than usual,31826,0.0238043116696342,0.0654716809716965,-0.104520183034891,0.152128806374159,0.716180741683725
RPGR,X-linked retinitis pigmentosa GTPase regulator,Mental health,X29051#5.Manifestations of mania or irritability_Neded less sleep than usual,31826,-0.000235024894943036,0.0596782766412893,-0.11720444711187,0.116734397321984,0.996857886933072
RPGR,X-linked retinitis pigmentosa GTPase regulator,Mental health,X29051#6.Manifestations of mania or irritability_Thoughts were racing,31826,0.0280077886137957,0.0322376464510267,-0.0351779984302167,0.0911935756578081,0.384989536345909
RPGR,X-linked retinitis pigmentosa GTPase regulator,Mental health,X29051#7.Manifestations of mania or irritability_More restless than usual,31826,-0.00428994589735198,0.0314705976500777,-0.0659723172915043,0.0573924254968004,0.891575199238823
RPGR,X-linked retinitis pigmentosa GTPase regulator,Mental health,X29051#8.Manifestations of mania or irritability_More talkative than usual,31826,0.0573897518363364,0.0434396205789109,-0.0277519044983289,0.142531408171002,0.186496206194709
RPGR,X-linked retinitis pigmentosa GTPase regulator,Mental health,X29058.Recent feelings or nervousness or anxiety,32579,0.0463863983965016,0.0533474877461011,-0.0581746775858566,0.15094747437886,0.384591627135374
RPGR,X-linked retinitis pigmentosa GTPase regulator,Mental health,X29059.Recent inability to stop or control worrying,32591,0.0187768788583077,0.0550834241559046,-0.0891866324872652,0.126740390203881,0.733202158967433
RPGR,X-linked retinitis pigmentosa GTPase regulator,Mental health,X29060.Recent worrying too much about different things,32583,-0.0103472902961771,0.0520938941074076,-0.112451322746696,0.0917567421543418,0.842558952199331
RPGR,X-linked retinitis pigmentosa GTPase regulator,Mental health,X29061.Recent trouble relaxing,32589,-0.0295835148885197,0.0549397581671249,-0.137265440896085,0.0780984111190451,0.590266046148278
RPGR,X-linked retinitis pigmentosa GTPase regulator,Mental health,X29062.Recent restlessness,32598,-0.139173916721099,0.0837562114657398,-0.303336091193949,0.0249882577517513,0.0966204830185961
RPGR,X-linked retinitis pigmentosa GTPase regulator,Mental health,X29063.Recent easy annoyance or irritability,32564,-0.0540399159872954,0.0580376729219559,-0.167793754914329,0.0597139229397383,0.351820297417239
RPGR,X-linked retinitis pigmentosa GTPase regulator,Mental health,X29064.Recent feelings of foreboding,32558,-0.027236807245123,0.0628343401213916,-0.150392113883051,0.0959184993928046,0.664684826099382
RPGR,X-linked retinitis pigmentosa GTPase regulator,Mental health,X29065#1.Symptoms of panic attack_Heart was pounding or racing,31826,0.00698441642161755,0.0186917201642069,-0.029651355100228,0.0436201879434631,0.708665313108354
RPGR,X-linked retinitis pigmentosa GTPase regulator,Mental health,X29065#11.Symptoms of panic attack_Felt like things weren't real or detached from self,31826,-0.00317428220156006,0.0319280248939832,-0.0657532109937672,0.0594046465906471,0.920807556809337
RPGR,X-linked retinitis pigmentosa GTPase regulator,Mental health,X29065#12.Symptoms of panic attack_Afraid of losing control or 'going crazy',31826,0.00888813103440231,0.0405750245469925,-0.0706389170777029,0.0884151791465076,0.826613861295874
RPGR,X-linked retinitis pigmentosa GTPase regulator,Mental health,X29065#13.Symptoms of panic attack_Afraid I was going to die,31826,0.00144821822803862,0.0449869928879228,-0.0867262878322901,0.0896227242883673,0.974319861210109
RPGR,X-linked retinitis pigmentosa GTPase regulator,Mental health,X29065#2.Symptoms of panic attack_Sweating,31826,0.007701659423422,0.0305169281003828,-0.0521115196533283,0.0675148385001723,0.800759529944313
RPGR,X-linked retinitis pigmentosa GTPase regulator,Mental health,X29065#3.Symptoms of panic attack_Trembling or shaking,31826,0.003071843602862,0.0301992768915612,-0.0561187391045979,0.0622624263103219,0.918982397962352
RPGR,X-linked retinitis pigmentosa GTPase regulator,Mental health,X29065#6.Symptoms of panic attack_Pain or discomfort in chest,31826,0.00991246037433731,0.030998798193122,-0.0508451840841817,0.0706701048328563,0.749152369392074
RPGR,X-linked retinitis pigmentosa GTPase regulator,Mental health,X29065#7.Symptoms of panic attack_Nauseous or felt sick in the stomach,31826,-0.00632592076750261,0.027927811081412,-0.0610644304870701,0.0484125889520649,0.820811275777723
RPGR,X-linked retinitis pigmentosa GTPase regulator,Mental health,X29065#9.Symptoms of panic attack_Felt hot or cold,31826,0.0175299572825394,0.037856492150028,-0.0566687673315154,0.0917286818965942,0.643332563795993
RPGR,X-linked retinitis pigmentosa GTPase regulator,Mental health,X29076.Felt loved as a child,32565,0.103716465598171,0.051497538184151,0.00278129075723535,0.204651640439107,0.0440416288025707
RPGR,X-linked retinitis pigmentosa GTPase regulator,Mental health,X29077.Physically abused by family as a child,32577,-0.0411162920113285,0.0708713660670576,-0.180024169502761,0.0977915854801045,0.561827002754179
RPGR,X-linked retinitis pigmentosa GTPase regulator,Mental health,X29078.Felt hated by family member as a child,32559,-0.0552945679607842,0.0667414061335502,-0.186107723982543,0.0755185880609741,0.407417620889311
RPGR,X-linked retinitis pigmentosa GTPase regulator,Mental health,X29079.Sexually molested as a child,32472,-0.151431118725303,0.0881291796883352,-0.32416431091444,0.0213020734638336,0.0857831073214967
RPGR,X-linked retinitis pigmentosa GTPase regulator,Mental health,X29080.Someone to take to doctor when needed as a child,32542,0.130762698131653,0.0747166918776731,-0.0156820179485866,0.277207414211892,0.0801366369888555
RPGR,X-linked retinitis pigmentosa GTPase regulator,Mental health,X29081.Stopped from seeing friends or family by partner or ex-partner as an adult,32556,0.0928420400690725,0.0836037533876185,-0.0710213165706598,0.256705396708805,0.266816209448242
RPGR,X-linked retinitis pigmentosa GTPase regulator,Mental health,X29082.Belittlement by partner or ex-partner as an adult,32494,-0.00295285114218564,0.066220283477139,-0.132744606757378,0.126838904473007,0.964434153121677
RPGR,X-linked retinitis pigmentosa GTPase regulator,Mental health,X29083.Physical violence by partner or ex-partner as an adult,32559,0.0350779084101564,0.0721963550710537,-0.106426947529109,0.176582764349422,0.627073795035882
RPGR,X-linked retinitis pigmentosa GTPase regulator,Mental health,X29084.Sexual interference by partner or ex-partner without consent as an adult,32522,0.108089598820502,0.0854976642675465,-0.0594858231438891,0.275665020784893,0.20618028184106
RPGR,X-linked retinitis pigmentosa GTPase regulator,Mental health,X29085.Sexual intercourse by partner or ex-partner without consent as an adult,32531,0.120665018484765,0.0845211819073125,-0.0449964980535678,0.286326535023097,0.153436891086163
RPGR,X-linked retinitis pigmentosa GTPase regulator,Mental health,X29086.Experienced a violent or sexual assault,32558,-0.0173448271791933,0.0847639727578005,-0.183482213784482,0.148792559426096,0.837870266460703
RPGR,X-linked retinitis pigmentosa GTPase regulator,Mental health,X29087.Experienced a life-threatening injury or illness,32571,0.143916301283884,0.0579614367147492,0.0303118853229758,0.257520717244792,0.0130493820311102
RPGR,X-linked retinitis pigmentosa GTPase regulator,Mental health,X29088.Experienced a marital separation or divorce,32572,-0.0120895708550195,0.0541009891142036,-0.118127509518859,0.0939483678088196,0.823180776899747
RPGR,X-linked retinitis pigmentosa GTPase regulator,Mental health,X29089.Experienced the death of a spouse or partner,32578,0.0670414197477269,0.0685952199158081,-0.0674052112872569,0.201488050782711,0.328425860078485
RPGR,X-linked retinitis pigmentosa GTPase regulator,Mental health,X29090.Experienced the death of a close friend or family member due to suicide,32565,0.0372357860728305,0.0672780031960742,-0.0946291001914749,0.169100672337136,0.579962674567784
RPGR,X-linked retinitis pigmentosa GTPase regulator,Lifestyle factors,X29091.Frequency of drinking alcohol,32574,-0.0975619820425675,0.0453151338954326,-0.186379644477615,-0.00874431960751967,0.0313506480924257
RPGR,X-linked retinitis pigmentosa GTPase regulator,Lifestyle factors,X29092.Amount of alcohol drunk on a typical drinking day,31510,-0.0199120288333906,0.05705381355406,-0.131737503399348,0.0919134457325671,0.727096462864659
RPGR,X-linked retinitis pigmentosa GTPase regulator,Lifestyle factors,X29093.Frequency of consuming six or more units of alcohol,31527,-0.0396260166778543,0.0576142519661058,-0.152549950531422,0.0732979171757131,0.491612943921985
RPGR,X-linked retinitis pigmentosa GTPase regulator,Mental health,X29104.Ever used cannabis,32569,-0.151398025875178,0.0709356088668697,-0.290431819254242,-0.012364232496113,0.032847939077698
RPGR,X-linked retinitis pigmentosa GTPase regulator,Mental health,X29108.Ever thought that life not worth living,32526,-0.0151275559339031,0.0544690463046086,-0.121886886690936,0.0916317748231298,0.78122860591896
RPGR,X-linked retinitis pigmentosa GTPase regulator,Mental health,X29109.Ever contemplated self-harm,32552,-0.115965512276401,0.0752643783224114,-0.263483693788327,0.0315526692355252,0.123410494946514
RPGR,X-linked retinitis pigmentosa GTPase regulator,Mental health,X29111.Ever self-harmed,32566,-0.0983547485637251,0.11782113478973,-0.329284172751596,0.132574675624146,0.403866065213753
RPGR,X-linked retinitis pigmentosa GTPase regulator,Diet and food preferences,X29132.Ever had recurrent episodes of excessive overeating or binge eating,32558,-0.0803260607164479,0.0769708811625159,-0.231188987794979,0.0705368663620832,0.296706133050908
RPGR,X-linked retinitis pigmentosa GTPase regulator,Diet and food preferences,X29136#1.Actions and feelings during periods of overeating or binge eating_Eaten much more rapidly than normal,32408,-0.0444889393370766,0.0380630473439539,-0.119092512131226,0.0301146334570731,0.242510244531126
RPGR,X-linked retinitis pigmentosa GTPase regulator,Diet and food preferences,X29136#2.Actions and feelings during periods of overeating or binge eating_Eaten until feeling uncomfortably full,32408,-0.060769890226368,0.030159793049698,-0.119883084603776,-0.00165669584895984,0.0439454948973448
RPGR,X-linked retinitis pigmentosa GTPase regulator,Diet and food preferences,X29136#3.Actions and feelings during periods of overeating or binge eating_Eaten large amounts of food when not physically hungry,32408,-0.0296621056890068,0.0306415996738175,-0.0897196410496891,0.0303954296716754,0.333056890383519
RPGR,X-linked retinitis pigmentosa GTPase regulator,Diet and food preferences,X29136#4.Actions and feelings during periods of overeating or binge eating_Eaten alone because of feeling embarrassed by overeating,32408,-0.0886659332170734,0.0393752200552383,-0.16584136452534,-0.0114905019088063,0.0243607693603554
RPGR,X-linked retinitis pigmentosa GTPase regulator,Diet and food preferences,X29149.Dependency of self-esteem on body shape or weight currently,32553,0.0575824927643463,0.050741573634936,-0.0418709915601283,0.157035977088821,0.256484818893724
RPGR,X-linked retinitis pigmentosa GTPase regulator,Health and medical history,X29153.Pain or discomfort today,32564,0.0176857758896272,0.048324811700545,-0.077030855043441,0.112402406822695,0.714391688118958
RPGR,X-linked retinitis pigmentosa GTPase regulator,Mental health,X29154.Anxiety or depression today,32564,-0.00239580712003904,0.0585888064985411,-0.11722986785718,0.112438253617102,0.967383088379536
RPGR,X-linked retinitis pigmentosa GTPase regulator,Mental health,X29166.Frequency of confiding in someone close,32359,0.0564178683495709,0.0481567426661529,-0.0379693472760888,0.150805083975231,0.241414454995437
RPGR,X-linked retinitis pigmentosa GTPase regulator,Lifestyle factors,X29167#0.Sports and social activities attended in person at least once a week_None of the above,32538,-0.00729401781760645,0.0104908570768805,-0.0278560976882922,0.0132680620530793,0.486903724414129
RPGR,X-linked retinitis pigmentosa GTPase regulator,Lifestyle factors,X29167#1.Sports and social activities attended in person at least once a week_Sports club or gym or fitness class,32538,-0.0076124931022977,0.0103192721999872,-0.0278382666142726,0.0126132804096772,0.460720181208918
RPGR,X-linked retinitis pigmentosa GTPase regulator,Lifestyle factors,X29167#2.Sports and social activities attended in person at least once a week_Pub or social club,32538,-0.0109281250456106,0.0151392993053276,-0.0406011516840526,0.0187449015928314,0.470414813234161
RPGR,X-linked retinitis pigmentosa GTPase regulator,Lifestyle factors,X29167#3.Sports and social activities attended in person at least once a week_Religious group,32538,-0.00372583538630012,0.0130790949821266,-0.0293608615512683,0.0219091907786681,0.775751411014464
RPGR,X-linked retinitis pigmentosa GTPase regulator,Lifestyle factors,X29167#4.Sports and social activities attended in person at least once a week_Adult education class,32538,-0.00645280733566945,0.0192579964223928,-0.0441984803235593,0.0312928656522204,0.737579780700538
RPGR,X-linked retinitis pigmentosa GTPase regulator,Lifestyle factors,X29167#5.Sports and social activities attended in person at least once a week_Other group activity,32538,0.00705046928497299,0.0102670737252874,-0.0130729952165903,0.0271739337865363,0.492287206493613
RPGR,X-linked retinitis pigmentosa GTPase regulator,Lifestyle factors,X29168#0.Sports and social activities attended virtually at least once a week_None of the above,32537,-0.00779337286146177,0.0113840576268615,-0.0301061258101102,0.0145193800871867,0.493624473050394
RPGR,X-linked retinitis pigmentosa GTPase regulator,Lifestyle factors,X29168#1.Sports and social activities attended virtually at least once a week_Sports club or gym or fitness class,32537,-0.00950880038110808,0.0159151366358329,-0.0407024681873407,0.0216848674251245,0.550211046918707
RPGR,X-linked retinitis pigmentosa GTPase regulator,Lifestyle factors,X29168#2.Sports and social activities attended virtually at least once a week_Pub or social club,32537,0.0243970948459314,0.0335878670411112,-0.0414351245546465,0.0902293142465092,0.467635269838131
RPGR,X-linked retinitis pigmentosa GTPase regulator,Lifestyle factors,X29168#3.Sports and social activities attended virtually at least once a week_Religious group,32537,0.0389774964334551,0.0219206476463175,-0.00398697295332711,0.0819419658202374,0.0754220629441153
RPGR,X-linked retinitis pigmentosa GTPase regulator,Lifestyle factors,X29168#4.Sports and social activities attended virtually at least once a week_Adult education class,32537,-0.0261990952981274,0.0304683223073639,-0.0859170070205605,0.0335188164243058,0.389880792874217
RPGR,X-linked retinitis pigmentosa GTPase regulator,Lifestyle factors,X29168#5.Sports and social activities attended virtually at least once a week_Other group activity,32537,0.0236744010866199,0.0162113706645055,-0.00809988541581085,0.0554486875890506,0.144230629257046
RPGR,X-linked retinitis pigmentosa GTPase regulator,Mental health,X29171.Frequency of feeling 'in tune' with people,32443,0.0503549348716524,0.0594217555575128,-0.0661117060210727,0.166821575764378,0.396788780003527
RPGR,X-linked retinitis pigmentosa GTPase regulator,Mental health,X29172.Freuency of feeling that lacks companionship,32514,-0.018988904569233,0.0525412502727521,-0.121969755103827,0.0839919459653611,0.717802853604688
RPGR,X-linked retinitis pigmentosa GTPase regulator,Mental health,X29173.Frequency of feeling left out,32464,-0.0213999744429159,0.0546040630192894,-0.128423937960723,0.0856239890748913,0.69513383840477
RPGR,X-linked retinitis pigmentosa GTPase regulator,Mental health,X29174.Frequency of feeling isolated from others,32488,-0.00814988101470009,0.0565495855212098,-0.118987068636271,0.102687306606871,0.885409958064911
RPGR,X-linked retinitis pigmentosa GTPase regulator,Mental health,X29175.Tendency to bounce back quickly after hard times,32553,0.000195368375190222,0.04816289228172,-0.094203900496981,0.0945946372473614,0.996763562920515
RPGR,X-linked retinitis pigmentosa GTPase regulator,Mental health,X29176.Ability to make it through stressful events,32553,-0.00128355932201847,0.0463616642024786,-0.0921524211588766,0.0895853025148396,0.977913439115535
RPGR,X-linked retinitis pigmentosa GTPase regulator,Mental health,X29177.Quick recovery from stressful events,32553,-0.0518619673977235,0.0476002559047503,-0.145158468971034,0.0414345341755872,0.275952092527678
RPGR,X-linked retinitis pigmentosa GTPase regulator,Mental health,X29178.Hard to snap back when something bad happens,32553,0.0194321743446756,0.046929847056851,-0.0725503258867523,0.111414674576103,0.678834861199385
RPGR,X-linked retinitis pigmentosa GTPase regulator,Mental health,X29179.Comes through difficult times with little trouble,32553,-0.00685679246923949,0.0476482725853369,-0.1002474067365,0.0865338217980209,0.885579601707795
RPGR,X-linked retinitis pigmentosa GTPase regulator,Mental health,X29180.Tendency to take a long time to get over setbacks,32553,-0.00798557834451322,0.0472657018605761,-0.100626353991242,0.0846551973022159,0.865839557187071
RPGR,X-linked retinitis pigmentosa GTPase regulator,Mental health,X29181.General happiness,32505,0.0175656499902998,0.0491644416100204,-0.0787966555653402,0.11392795554594,0.720888853360206
RPGR,X-linked retinitis pigmentosa GTPase regulator,Mental health,X29182.Belief that own life is meaningful,32417,0.0105610264019283,0.0491176915049771,-0.0857096489478268,0.106831701751683,0.829761353473099
RPGR,X-linked retinitis pigmentosa GTPase regulator,Lifestyle factors,X2926.Number of unsuccessful stop-smoking attempts,28871,-0.0142052374530839,0.0613863163452659,-0.134522417489805,0.106111942583637,0.817009164817385
RPGR,X-linked retinitis pigmentosa GTPase regulator,Health and medical history,X2946.Father's age,29664,-3.81744778662853e-06,0.00941313232544762,-0.018453556805664,0.0184459219100907,0.999676437516673
RPGR,X-linked retinitis pigmentosa GTPase regulator,Health and medical history,X2966.Age high blood pressure diagnosed,29425,-0.00801135618828883,0.00709939407597794,-0.0219261685772056,0.00590345620062794,0.259181685190578
RPGR,X-linked retinitis pigmentosa GTPase regulator,Blood and urine assays,X30000.White blood cell (leukocyte) count,47158,0.00645918745911097,0.00301879609098658,0.000542347120777283,0.0123760277974447,0.0323931442312251
RPGR,X-linked retinitis pigmentosa GTPase regulator,Blood and urine assays,X30010.Red blood cell (erythrocyte) count,47158,-0.00157450887627107,0.00355874194241197,-0.00854964308339854,0.00540062533085639,0.658179304125342
RPGR,X-linked retinitis pigmentosa GTPase regulator,Blood and urine assays,X30020.Haemoglobin concentration,47158,-0.00286933509027103,0.00387100317231355,-0.0104565013080056,0.00471783112746353,0.458556743419779
RPGR,X-linked retinitis pigmentosa GTPase regulator,Blood and urine assays,X30030.Haematocrit percentage,47158,-0.0038714231738443,0.00375781372849734,-0.0112367380816991,0.00349389173401049,0.302911682846504
RPGR,X-linked retinitis pigmentosa GTPase regulator,Blood and urine assays,X30040.Mean corpuscular volume,47158,-0.00217744900365896,0.00296790570355152,-0.00799454418261994,0.00363964617530201,0.463160414196854
RPGR,X-linked retinitis pigmentosa GTPase regulator,Blood and urine assays,X30050.Mean corpuscular haemoglobin,47157,-0.000427819030799205,0.00297874254486892,-0.00626615441874229,0.00541051635714388,0.885798632907256
RPGR,X-linked retinitis pigmentosa GTPase regulator,Blood and urine assays,X30060.Mean corpuscular haemoglobin concentration,47157,0.00207685625401836,0.00292114559670772,-0.00364858911552877,0.0078023016235655,0.477108142147357
RPGR,X-linked retinitis pigmentosa GTPase regulator,Blood and urine assays,X30070.Red blood cell (erythrocyte) distribution width,47158,6.74599776831962e-05,0.00281468066132327,-0.00544931411851042,0.00558423407387681,0.980878992795601
RPGR,X-linked retinitis pigmentosa GTPase regulator,Blood and urine assays,X30080.Platelet count,47158,0.00450206026808005,0.00298226469144046,-0.00134317852714325,0.0103472990633033,0.131156568803049
RPGR,X-linked retinitis pigmentosa GTPase regulator,Blood and urine assays,X30090.Platelet crit,47158,0.00559369034154562,0.00305909603740272,-0.000402137891763714,0.011589518574855,0.067481126574145
RPGR,X-linked retinitis pigmentosa GTPase regulator,Blood and urine assays,X30100.Mean platelet (thrombocyte) volume,47158,0.00077096789197534,0.00288523756122217,-0.00488409772802012,0.0064260335119708,0.789308953127062
RPGR,X-linked retinitis pigmentosa GTPase regulator,Blood and urine assays,X30110.Platelet distribution width,47158,0.00230876955459606,0.00288595481549616,-0.00334770188377641,0.00796524099296853,0.423718021833384
RPGR,X-linked retinitis pigmentosa GTPase regulator,Blood and urine assays,X30120.Lymphocyte count,47126,0.00358787176706192,0.00299642272894306,-0.00228511678166648,0.00946086031579033,0.231169027211907
RPGR,X-linked retinitis pigmentosa GTPase regulator,Blood and urine assays,X30130.Monocyte count,47126,-0.00208210883509492,0.00304533120105222,-0.00805095798915727,0.00388674031896743,0.494168314103696
RPGR,X-linked retinitis pigmentosa GTPase regulator,Blood and urine assays,X30140.Neutrophill count,47126,0.0068523050275062,0.00300364584532713,0.000965159170665024,0.0127394508843474,0.0225382016169717
RPGR,X-linked retinitis pigmentosa GTPase regulator,Blood and urine assays,X30150.Eosinophill count,47126,0.00148426226920008,0.00295216602036091,-0.0043019831307073,0.00727050766910745,0.615130452276771
RPGR,X-linked retinitis pigmentosa GTPase regulator,Blood and urine assays,X30160.Basophill count,47126,0.0412384915226444,0.0314073271143971,-0.0203198696215739,0.102796852666863,0.18918903764797
RPGR,X-linked retinitis pigmentosa GTPase regulator,Blood and urine assays,X30170.Nucleated red blood cell count,47126,-0.0392753347793886,0.13875471922267,-0.311234584455822,0.232683914897045,0.777136609992147
RPGR,X-linked retinitis pigmentosa GTPase regulator,Blood and urine assays,X30180.Lymphocyte percentage,47126,-0.00123598027052592,0.00296515530413414,-0.00704768466662883,0.00457572412557699,0.676803105374339
RPGR,X-linked retinitis pigmentosa GTPase regulator,Blood and urine assays,X30190.Monocyte percentage,47126,-0.00705237120615819,0.00301060618630671,-0.0129531593313193,-0.00115158308099704,0.0191631884173835
RPGR,X-linked retinitis pigmentosa GTPase regulator,Blood and urine assays,X30200.Neutrophill percentage,47126,0.00345227610956782,0.00294266578778051,-0.00231534883448197,0.00921990105361761,0.240736028038995
RPGR,X-linked retinitis pigmentosa GTPase regulator,Blood and urine assays,X30210.Eosinophill percentage,47126,-0.00150671311019315,0.00291679071907843,-0.00722362291958688,0.00421019669920058,0.605464625071795
RPGR,X-linked retinitis pigmentosa GTPase regulator,Blood and urine assays,X30220.Basophill percentage,47126,0.00271897633836399,0.0027990073217169,-0.00276707801220113,0.0082050306889291,0.33135582268654
RPGR,X-linked retinitis pigmentosa GTPase regulator,Blood and urine assays,X30230.Nucleated red blood cell percentage,47126,-0.0394195923697743,0.138638044565599,-0.311150159718347,0.232310974978799,0.77615657270061
RPGR,X-linked retinitis pigmentosa GTPase regulator,Blood and urine assays,X30240.Reticulocyte percentage,46726,0.0020294882520774,0.00308299586711976,-0.00401318364747734,0.00807216015163213,0.510362168975353
RPGR,X-linked retinitis pigmentosa GTPase regulator,Blood and urine assays,X30250.Reticulocyte count,46726,0.00157601775112105,0.00318595321200151,-0.00466845054440191,0.00782048604664402,0.620833024118413
RPGR,X-linked retinitis pigmentosa GTPase regulator,Blood and urine assays,X30260.Mean reticulocyte volume,46726,0.00133273198042822,0.00294507914192902,-0.00443962313775265,0.0071050870986091,0.650892766797877
RPGR,X-linked retinitis pigmentosa GTPase regulator,Blood and urine assays,X30270.Mean sphered cell volume,46726,0.000955207078764079,0.00297742303947419,-0.00488054207860533,0.00679095623613349,0.748352301427926
RPGR,X-linked retinitis pigmentosa GTPase regulator,Blood and urine assays,X30280.Immature reticulocyte fraction,46726,0.00392916417206228,0.00311639290857796,-0.00217896592875051,0.0100372942728751,0.207392270625057
RPGR,X-linked retinitis pigmentosa GTPase regulator,Blood and urine assays,X30290.High light scatter reticulocyte percentage,46726,0.00307029021799901,0.00316959497487805,-0.00314211593276197,0.00928269636875999,0.332720595094134
RPGR,X-linked retinitis pigmentosa GTPase regulator,Blood and urine assays,X30300.High light scatter reticulocyte count,46726,0.00266793936849208,0.00324983784290045,-0.0037017428035928,0.00903762154057696,0.411686165700188
RPGR,X-linked retinitis pigmentosa GTPase regulator,Blood and urine assays,X30500.Microalbumin in urine,30995,-0.00282349246481582,0.00587750081995118,-0.0143433940719201,0.00869640914228849,0.630966182551805
RPGR,X-linked retinitis pigmentosa GTPase regulator,Blood and urine assays,X30510.Creatinine (enzymatic) in urine,47204,-0.000401305178704388,0.00308948857972002,-0.00645670279495563,0.00565409243754685,0.896651657558448
RPGR,X-linked retinitis pigmentosa GTPase regulator,Blood and urine assays,X30520.Potassium in urine,47161,-0.000857014142955182,0.00286905218732093,-0.0064803564301042,0.00476632814419384,0.76516417548216
RPGR,X-linked retinitis pigmentosa GTPase regulator,Blood and urine assays,X30530.Sodium in urine,47134,0.00315459007276516,0.00302190330793261,-0.00276834041078274,0.00907752055631307,0.296538923528731
RPGR,X-linked retinitis pigmentosa GTPase regulator,Blood and urine assays,X30600.Albumin,44796,0.00291443244094591,0.0031812005539198,-0.0033207206447369,0.00914958552662872,0.359603115424228
RPGR,X-linked retinitis pigmentosa GTPase regulator,Blood and urine assays,X30610.Alkaline phosphatase,46800,0.00582802756535351,0.00302133753639706,-9.37940059847287e-05,0.0117498491366918,0.0537489563127305
RPGR,X-linked retinitis pigmentosa GTPase regulator,Blood and urine assays,X30620.Alanine aminotransferase,46809,-0.00686068584898947,0.00314343458245037,-0.0130218176305922,-0.000699554067386744,0.029079740413503
RPGR,X-linked retinitis pigmentosa GTPase regulator,Blood and urine assays,X30630.Apolipoprotein A,44600,-0.00271928166071194,0.00351391319330489,-0.00960655151958953,0.00416798819816566,0.439021858658281
RPGR,X-linked retinitis pigmentosa GTPase regulator,Blood and urine assays,X30640.Apolipoprotein B,46707,0.000217075933706733,0.00300439263166385,-0.0056715336243544,0.00610568549176787,0.942401335162246
RPGR,X-linked retinitis pigmentosa GTPase regulator,Blood and urine assays,X30650.Aspartate aminotransferase,46746,-0.00453673804552517,0.00303779638455877,-0.0104908189592604,0.00141734286821002,0.135338662457916
RPGR,X-linked retinitis pigmentosa GTPase regulator,Blood and urine assays,X30660.Direct bilirubin,41801,-0.00156000678665051,0.00342554398036488,-0.00827407298816566,0.00515405941486465,0.648824242574016
RPGR,X-linked retinitis pigmentosa GTPase regulator,Blood and urine assays,X30670.Urea,46797,-0.00270934223621928,0.00315825867642592,-0.00889952924201407,0.00348084476957551,0.390979246317893
RPGR,X-linked retinitis pigmentosa GTPase regulator,Blood and urine assays,X30680.Calcium,44797,0.00249736008716719,0.00306290119954203,-0.00350592626393519,0.00850064643826957,0.414877132728647
RPGR,X-linked retinitis pigmentosa GTPase regulator,Blood and urine assays,X30690.Cholesterol,46809,0.00149309786218752,0.00309378087659368,-0.0045707126559361,0.00755690838031114,0.629375503429798
RPGR,X-linked retinitis pigmentosa GTPase regulator,Blood and urine assays,X30700.Creatinine,46803,-0.00127242169538904,0.0034983259217309,-0.0081291405019816,0.00558429711120353,0.716068286219174
RPGR,X-linked retinitis pigmentosa GTPase regulator,Blood and urine assays,X30710.C-reactive protein,46754,0.00409763005272606,0.00329005693984797,-0.00235088154937596,0.0105461416548281,0.212976270978801
RPGR,X-linked retinitis pigmentosa GTPase regulator,Blood and urine assays,X30720.Cystatin C,46807,0.00440472362102827,0.00341216275364714,-0.00228311537612012,0.0110925626181767,0.196755493599599
RPGR,X-linked retinitis pigmentosa GTPase regulator,Blood and urine assays,X30730.Gamma glutamyltransferase,46805,0.000813805688399549,0.00310036763009289,-0.00526291486658251,0.00689052624338161,0.792948552268769
RPGR,X-linked retinitis pigmentosa GTPase regulator,Blood and urine assays,X30740.Glucose,44772,0.00167055330238947,0.00331325905979665,-0.00482343445481196,0.0081645410595909,0.614124592696342
RPGR,X-linked retinitis pigmentosa GTPase regulator,Blood and urine assays,X30750.Glycated haemoglobin (HbA1c),46705,0.00220344932161429,0.00336803796524077,-0.00439790509025762,0.00880480373348621,0.51297463492736
RPGR,X-linked retinitis pigmentosa GTPase regulator,Blood and urine assays,X30760.HDL cholesterol,44784,-0.0035797893829908,0.00368500450753792,-0.0108023982177651,0.00364281945178352,0.331336910421351
RPGR,X-linked retinitis pigmentosa GTPase regulator,Blood and urine assays,X30770.IGF-1,46679,0.00122039759008242,0.00302623306506228,-0.00471101921743965,0.00715181439760448,0.686751401861275
RPGR,X-linked retinitis pigmentosa GTPase regulator,Blood and urine assays,X30780.LDL direct,46759,0.00143744925910219,0.00301088439286742,-0.00446388415091794,0.00733878266912233,0.633069447619498
RPGR,X-linked retinitis pigmentosa GTPase regulator,Blood and urine assays,X30790.Lipoprotein A,42355,-0.00237672011521862,0.00328680894271854,-0.00881886564294695,0.00406542541250971,0.469622556260269
RPGR,X-linked retinitis pigmentosa GTPase regulator,Blood and urine assays,X30810.Phosphate,44758,0.00284688751738906,0.00329959104660266,-0.00362031093395215,0.00931408596873028,0.388257568526391
RPGR,X-linked retinitis pigmentosa GTPase regulator,Blood and urine assays,X30830.SHBG,44565,-0.00701216512293244,0.00345847443231756,-0.0137907750102748,-0.000233555235590034,0.0426212665980846
RPGR,X-linked retinitis pigmentosa GTPase regulator,Blood and urine assays,X30840.Total bilirubin,46731,-0.00155880577744065,0.00304320600524413,-0.00752348954771916,0.00440587799283785,0.608498722139932
RPGR,X-linked retinitis pigmentosa GTPase regulator,Blood and urine assays,X30850.Testosterone,42974,-0.00709674367883932,0.00529743964407468,-0.0174797253812257,0.00328623802354706,0.180373836670887
RPGR,X-linked retinitis pigmentosa GTPase regulator,Blood and urine assays,X30860.Total protein,44792,0.00538896414753215,0.00311471033801302,-0.000715868114973366,0.0114937964100377,0.0836158915970201
RPGR,X-linked retinitis pigmentosa GTPase regulator,Blood and urine assays,X30870.Triglycerides,46802,0.00497486603378112,0.00334903721374174,-0.00158924690515269,0.0115389789727149,0.137435703871377
RPGR,X-linked retinitis pigmentosa GTPase regulator,Blood and urine assays,X30880.Urate,46776,-0.00306471501389804,0.00371101838458972,-0.0103383110476939,0.00420888101989781,0.408902524984208
RPGR,X-linked retinitis pigmentosa GTPase regulator,Blood and urine assays,X30890.Vitamin D,45504,0.00383830043632652,0.00330616741963022,-0.00264178770614871,0.0103183885788017,0.245674736849148
RPGR,X-linked retinitis pigmentosa GTPase regulator,Physical measures,X3137.Number of measurements made,45867,0.0216440536369181,0.0351326401728286,-0.0472159211018259,0.0905040283756621,0.537856973035374
RPGR,X-linked retinitis pigmentosa GTPase regulator,Physical measures,X3143.Ankle spacing width,37713,0.00254758758432418,0.00524623592705795,-0.0077350348327094,0.0128302100013578,0.627256735155828
RPGR,X-linked retinitis pigmentosa GTPase regulator,Physical measures,"X3144.Heel Broadband ultrasound attenuation, direct entry",37712,-0.000574912857240097,0.00426442959113253,-0.00893319485585985,0.00778336914137965,0.892759490829707
RPGR,X-linked retinitis pigmentosa GTPase regulator,Physical measures,X3146.Speed of sound through heel,37713,-0.00300362281344834,0.00412176733061719,-0.011082286781458,0.00507504115456135,0.46618455949987
RPGR,X-linked retinitis pigmentosa GTPase regulator,Physical measures,"X3147.Heel quantitative ultrasound index (QUI), direct entry",37713,-0.00232632868614334,0.00417138527378688,-0.0105022438227656,0.00584958645047895,0.577067329491714
RPGR,X-linked retinitis pigmentosa GTPase regulator,Physical measures,X3148.Heel bone mineral density (BMD),37711,-0.00237935453085488,0.00416140755521219,-0.0105357133390708,0.00577700427736102,0.567489689282884
RPGR,X-linked retinitis pigmentosa GTPase regulator,Health and medical history,X3526.Mother's age at death,38424,0.00727531751093866,0.00373077812795784,-3.70076198587029e-05,0.014587642641736,0.0511865018496895
RPGR,X-linked retinitis pigmentosa GTPase regulator,Health and medical history,X3581.Age at menopause (last menstrual period),37897,0.00336839831390463,0.0037545701990074,-0.00399055927614986,0.0107273559039591,0.369656982855564
RPGR,X-linked retinitis pigmentosa GTPase regulator,Health and medical history,"X3761.Age hay fever, rhinitis or eczema diagnosed",29306,-0.00544210327259007,0.00643935325030777,-0.0180632356431933,0.00717902909801316,0.398078816939011
RPGR,X-linked retinitis pigmentosa GTPase regulator,Physical measures,X4100.Ankle spacing width (left),32091,0.00396751390807175,0.00662156768010284,-0.00901075874492983,0.0169457865610733,0.54907032636149
RPGR,X-linked retinitis pigmentosa GTPase regulator,Physical measures,X4101.Heel broadband ultrasound attenuation (left),32090,0.000762357864923635,0.00536086400495909,-0.00974493558479619,0.0112696513146435,0.886919446537184
RPGR,X-linked retinitis pigmentosa GTPase regulator,Physical measures,X4103.Speed of sound through heel (left),32091,0.0023902669881352,0.00523466502477178,-0.00786967646041749,0.0126502104366879,0.647955227714719
RPGR,X-linked retinitis pigmentosa GTPase regulator,Physical measures,"X4104.Heel quantitative ultrasound index (QUI), direct entry (left)",32091,0.0021323989630578,0.00527589978183977,-0.00820836460934815,0.0124731625354637,0.686093655145362
RPGR,X-linked retinitis pigmentosa GTPase regulator,Physical measures,X4105.Heel bone mineral density (BMD) (left),32089,0.00194513639241654,0.00526187305690379,-0.0083681347991149,0.012258407583948,0.711641500681166
RPGR,X-linked retinitis pigmentosa GTPase regulator,Physical measures,"X4106.Heel bone mineral density (BMD) T-score, automated (left)",32091,0.00213081842914273,0.00527553621022917,-0.00820923254290644,0.0124708694011919,0.686293470892713
RPGR,X-linked retinitis pigmentosa GTPase regulator,Physical measures,X4119.Ankle spacing width (right),32092,0.00875082042497289,0.00653083099634632,-0.00404960832786589,0.0215512491778117,0.180309743789711
RPGR,X-linked retinitis pigmentosa GTPase regulator,Physical measures,X4120.Heel broadband ultrasound attenuation (right),32092,0.00498484469707155,0.005365761883166,-0.0055320485939338,0.0155017379880769,0.352913423023229
RPGR,X-linked retinitis pigmentosa GTPase regulator,Physical measures,X4122.Speed of sound through heel (right),32092,0.00537167475224761,0.00524916452865054,-0.00491668772390744,0.0156600372284027,0.306179993321857
RPGR,X-linked retinitis pigmentosa GTPase regulator,Physical measures,"X4123.Heel quantitative ultrasound index (QUI), direct entry (right)",32092,0.00546133163069666,0.00528499114820458,-0.00489725101978432,0.0158199142811776,0.301465230300398
RPGR,X-linked retinitis pigmentosa GTPase regulator,Physical measures,X4124.Heel bone mineral density (BMD) (right),32089,0.00531263762522451,0.00527632106420162,-0.00502895166061067,0.0156542269110597,0.31402293508905
RPGR,X-linked retinitis pigmentosa GTPase regulator,Physical measures,"X4125.Heel bone mineral density (BMD) T-score, automated (right)",32092,0.00546061581504372,0.00528499343432471,-0.00489797131623271,0.0158192029463201,0.301528799989909
RPGR,X-linked retinitis pigmentosa GTPase regulator,Physical measures,X4194.Pulse rate,32318,-0.000181763750155062,0.005169927762748,-0.0103148221651411,0.00995129466483102,0.97195473268182
RPGR,X-linked retinitis pigmentosa GTPase regulator,Physical measures,X4195.Pulse wave reflection index,32318,-0.00475350701906344,0.00512225440903347,-0.014793125660769,0.00528611162264215,0.353430481440096
RPGR,X-linked retinitis pigmentosa GTPase regulator,Physical measures,X4196.Pulse wave peak to peak time,32316,0.00235374041379895,0.00467924050343107,-0.00681757097292595,0.0115250518005239,0.614965972522483
RPGR,X-linked retinitis pigmentosa GTPase regulator,Physical measures,X4198.Position of the pulse wave peak,32318,-0.0010079868578411,0.00456109355969924,-0.00994773023485161,0.00793175651916942,0.82510069873505
RPGR,X-linked retinitis pigmentosa GTPase regulator,Physical measures,X4199.Position of pulse wave notch,32318,0.00135670902421374,0.00506212146977166,-0.00856504905653871,0.0112784671049662,0.788697151221047
RPGR,X-linked retinitis pigmentosa GTPase regulator,Physical measures,X4200.Position of the shoulder on the pulse waveform,32318,-0.00377358709504401,0.00453432857400849,-0.0126608711001006,0.00511369691001263,0.405306535578117
RPGR,X-linked retinitis pigmentosa GTPase regulator,Physical measures,X4269.Number of triplets attempted (left),32231,0.074921219194109,0.166507198654587,-0.251432890168882,0.4012753285571,0.652753402183437
RPGR,X-linked retinitis pigmentosa GTPase regulator,Physical measures,X4270.Volume level set by participant (left),32154,-0.000126973581807057,0.0497762038307268,-0.0976883330900317,0.0974343859264175,0.997964753171053
RPGR,X-linked retinitis pigmentosa GTPase regulator,Physical measures,X4276.Number of triplets attempted (right),32234,0.349822283540529,0.176206115372455,0.0044582974105179,0.69518626967054,0.0471460290483882
RPGR,X-linked retinitis pigmentosa GTPase regulator,Physical measures,X4277.Volume level set by participant (right),32143,0.0212846997168577,0.0489063873785461,-0.0745718195450927,0.117141218978808,0.663419982701743
RPGR,X-linked retinitis pigmentosa GTPase regulator,Cognitive function,X4288.Time to answer,32380,-0.00542409675292942,0.00579281165829348,-0.0167780076031846,0.00592981409732581,0.349121750505522
RPGR,X-linked retinitis pigmentosa GTPase regulator,Cognitive function,X4290.Duration screen displayed,32380,-0.00814974441713629,0.00509707847011694,-0.0181400182185655,0.00184052938429291,0.109881554711185
RPGR,X-linked retinitis pigmentosa GTPase regulator,Physical measures,X46.Hand grip strength (left),47848,0.00572667541640881,0.00435338881949525,-0.00280596666980188,0.0142593175026195,0.188370822989421
RPGR,X-linked retinitis pigmentosa GTPase regulator,Physical measures,X47.Hand grip strength (right),47850,0.00774581889709995,0.00434866384451316,-0.000777562238145838,0.0162692000323457,0.0748935462549884
RPGR,X-linked retinitis pigmentosa GTPase regulator,Physical measures,X48.Waist circumference,47924,0.00133809406589478,0.00580235333664373,-0.0100345184739269,0.0127107066057165,0.817618018652404
RPGR,X-linked retinitis pigmentosa GTPase regulator,Health and medical history,X4803.Tinnitus,32232,0.0186012276232647,0.0599926549520942,-0.09898437608284,0.136186831329369,0.756524841357138
RPGR,X-linked retinitis pigmentosa GTPase regulator,Working and living environment,X4825.Noisy workplace,32359,-0.140664525774474,0.0906894817472318,-0.318415909999048,0.0370868584501002,0.120928135039888
RPGR,X-linked retinitis pigmentosa GTPase regulator,Working and living environment,X4836.Loud music exposure frequency,32306,-0.069505695913033,0.102029705765457,-0.269483919213329,0.130472527387263,0.495746061266525
RPGR,X-linked retinitis pigmentosa GTPase regulator,Physical measures,X49.Hip circumference,47922,0.00123767180780985,0.00492269779066385,-0.00841081586189129,0.010886159477511,0.801490488070328
RPGR,X-linked retinitis pigmentosa GTPase regulator,Physical measures,X50.Standing height,47919,0.00200880289907965,0.0040346863436709,-0.00589918233451531,0.00991678813267462,0.618570973246581
RPGR,X-linked retinitis pigmentosa GTPase regulator,Health and medical history,X5057.Number of older siblings,31435,-0.0783549300686229,0.0526406548525194,-0.181530613579561,0.0248207534423151,0.136667672854359
RPGR,X-linked retinitis pigmentosa GTPase regulator,Physical measures,X51.Seated height,47815,0.00152119506428191,0.00404552519959425,-0.00640803432692281,0.00945042445548664,0.706906052000476
RPGR,X-linked retinitis pigmentosa GTPase regulator,Eye measures,X5181.Ever had eye surgery,29792,0.0676107352123984,0.11329247601828,-0.15444251778343,0.289663988208227,0.550679278639325
RPGR,X-linked retinitis pigmentosa GTPase regulator,Eye measures,X5186.Duration visual-acuity screen displayed (right),29779,0.00834577706723094,0.00603331098713617,-0.00347951246755595,0.0201710666020178,0.166636049607396
RPGR,X-linked retinitis pigmentosa GTPase regulator,Eye measures,X5188.Duration visual-acuity screen displayed (left),29780,0.0011438779795612,0.00600046923335456,-0.0106170417178137,0.0129047976769361,0.848821633738833
RPGR,X-linked retinitis pigmentosa GTPase regulator,Eye measures,X5190.Duration at which refractometer first shown (right),29712,-0.000495349566317407,0.00606815789102718,-0.0123889390327307,0.0113982399000959,0.934943285141665
RPGR,X-linked retinitis pigmentosa GTPase regulator,Eye measures,X5193.Duration at which refractometer first shown (left),29712,-0.0058244633028578,0.00610738406577196,-0.0177949360717708,0.00614600946605524,0.340291685960215
RPGR,X-linked retinitis pigmentosa GTPase regulator,Eye measures,"X5199.logMAR, initial (right)",29761,0.0548340599269878,0.063106237688625,-0.0688541659427172,0.178522285796693,0.384932014352503
RPGR,X-linked retinitis pigmentosa GTPase regulator,Eye measures,X5200.Final number of letters displayed (right),29761,-0.191730890649326,0.370391365779537,-0.917697967577218,0.534236186278566,0.604728210024464
RPGR,X-linked retinitis pigmentosa GTPase regulator,Eye measures,"X5201.logMAR, final (right)",29718,0.00219255222891419,0.0062751000461295,-0.0101066438614996,0.014491748319328,0.726799143952914
RPGR,X-linked retinitis pigmentosa GTPase regulator,Eye measures,X5202.Number of rounds to result (right),29761,-0.0019506052563394,0.0569927900646388,-0.113656473783031,0.109755263270353,0.972698642419892
RPGR,X-linked retinitis pigmentosa GTPase regulator,Eye measures,"X5206.logMAR, initial (left)",29761,-0.0167841910536429,0.0610498423385066,-0.136441882037116,0.10287349992983,0.783383765079332
RPGR,X-linked retinitis pigmentosa GTPase regulator,Eye measures,X5207.Final number of letters displayed (left),29761,0.188263262388611,0.404878088273445,-0.605297790627341,0.981824315404564,0.641959463787089
RPGR,X-linked retinitis pigmentosa GTPase regulator,Eye measures,"X5208.logMAR, final (left)",29708,-0.00281625117019127,0.00623246613852803,-0.0150318848017062,0.00939938246132367,0.651382821261889
RPGR,X-linked retinitis pigmentosa GTPase regulator,Eye measures,X5209.Number of rounds to result (left),29759,-0.0271956632376654,0.0565565664230581,-0.138046533426859,0.0836552069515285,0.630637466962261
RPGR,X-linked retinitis pigmentosa GTPase regulator,Eye measures,"X5254.Intra-ocular pressure, corneal-compensated (right)",29513,8.00831947003072e-05,0.00612207091682821,-0.011919175802283,0.0120793421916836,0.989563635129472
RPGR,X-linked retinitis pigmentosa GTPase regulator,Eye measures,"X5255.Intra-ocular pressure, Goldmann-correlated (right)",29513,0.00255637296020541,0.00614701649380168,-0.00949177936764588,0.0146045252880567,0.677521192820209
RPGR,X-linked retinitis pigmentosa GTPase regulator,Eye measures,X5256.Corneal hysteresis (right),29513,0.00262993655612757,0.00607434940803614,-0.00927578828362326,0.0145356613958784,0.665063925312768
RPGR,X-linked retinitis pigmentosa GTPase regulator,Eye measures,X5257.Corneal resistance factor (right),29513,0.00400145353361386,0.00606433567495496,-0.00788464438929787,0.0158875514565256,0.509390528292014
RPGR,X-linked retinitis pigmentosa GTPase regulator,Eye measures,"X5262.Intra-ocular pressure, corneal-compensated (left)",29505,0.0050474013115822,0.00611143603244498,-0.00693101331200997,0.0170258159351744,0.408902941358782
RPGR,X-linked retinitis pigmentosa GTPase regulator,Eye measures,"X5263.Intra-ocular pressure, Goldmann-correlated (left)",29505,0.00395295915539267,0.00605953426255556,-0.00792372799921622,0.0158296463100016,0.514202746218872
RPGR,X-linked retinitis pigmentosa GTPase regulator,Eye measures,X5264.Corneal hysteresis (left),29505,-0.00204585500321061,0.00618793034844808,-0.0141741984861688,0.0100824884797476,0.740945065309623
RPGR,X-linked retinitis pigmentosa GTPase regulator,Eye measures,X5265.Corneal resistance factor (left),29505,0.00132332124450535,0.00611754224729443,-0.0106670615601917,0.0133137040492024,0.828750300483621
RPGR,X-linked retinitis pigmentosa GTPase regulator,Lifestyle factors,X5364.Average weekly intake of other alcoholic drinks,29135,0.255205792989525,0.214799370462727,-0.165800973117419,0.676212559096469,0.23484939880764
RPGR,X-linked retinitis pigmentosa GTPase regulator,Diet and food preferences,"X6144#1.Never eat eggs, dairy, wheat, sugar_Eggs or foods containing eggs",47850,-0.0044553336679104,0.0167628208260334,-0.0373104624869358,0.028399795151115,0.790405881904675
RPGR,X-linked retinitis pigmentosa GTPase regulator,Diet and food preferences,"X6144#2.Never eat eggs, dairy, wheat, sugar_Dairy products",47850,0.0171752152523096,0.0174730901131804,-0.0170720413695241,0.0514224718741432,0.325641047202652
RPGR,X-linked retinitis pigmentosa GTPase regulator,Diet and food preferences,"X6144#3.Never eat eggs, dairy, wheat, sugar_Wheat products",47850,-0.0631864168124604,0.0455140347615546,-0.152393924945107,0.0260210913201866,0.165063728596123
RPGR,X-linked retinitis pigmentosa GTPase regulator,Diet and food preferences,"X6144#4.Never eat eggs, dairy, wheat, sugar_Sugar or foods or drinks containing sugar",47850,0.00778977084395499,0.00734959762159551,-0.00661544049437221,0.0221949821822822,0.289205225954342
RPGR,X-linked retinitis pigmentosa GTPase regulator,Diet and food preferences,"X6144#5.Never eat eggs, dairy, wheat, sugar_I eat all of the above",47850,-0.00478090804822492,0.00672003879281975,-0.0179521840821516,0.00839036798570179,0.476818375210407
RPGR,X-linked retinitis pigmentosa GTPase regulator,Mental health,"X6145#3.Illness, injury, bereavement, stress in last 2 years_Death of a close relative",35245,-0.00325092140590483,0.00850133940377333,-0.0199135466373006,0.0134117038254909,0.702171415798193
RPGR,X-linked retinitis pigmentosa GTPase regulator,Mental health,"X6145#4.Illness, injury, bereavement, stress in last 2 years_Death of a spouse or partner",35245,0.013274219943992,0.0207897245576653,-0.027473640189032,0.054022080077016,0.523162402393958
RPGR,X-linked retinitis pigmentosa GTPase regulator,Mental health,"X6145#5.Illness, injury, bereavement, stress in last 2 years_Marital separation or divorce",35245,0.00791646826478802,0.0166448155233084,-0.0247073701608964,0.0405403066904725,0.634360695828244
RPGR,X-linked retinitis pigmentosa GTPase regulator,Mental health,"X6145#6.Illness, injury, bereavement, stress in last 2 years_Financial difficulties",35245,0.00992976695853366,0.0102154935839892,-0.0100926004660852,0.0299521343831525,0.331057371802782
RPGR,X-linked retinitis pigmentosa GTPase regulator,Eye measures,X6147#1.Reason for glasses or contact lenses_For short-sightedness,47917,0.0138433438939191,0.013712468519657,-0.0130330944046088,0.0407197821924469,0.312724095816169
RPGR,X-linked retinitis pigmentosa GTPase regulator,Eye measures,X6147#2.Reason for glasses or contact lenses_For long-sightedness,47917,0.0138433438939191,0.013712468519657,-0.0130330944046088,0.0407197821924469,0.312724095816169
RPGR,X-linked retinitis pigmentosa GTPase regulator,Eye measures,X6147#3.Reason for glasses or contact lenses_For just reading or near work as you are getting older (called 'presbyopia'),47917,0.00185377635949028,0.0111059618547641,-0.0199139088758473,0.0236214615948279,0.86743661615233
RPGR,X-linked retinitis pigmentosa GTPase regulator,Eye measures,X6147#4.Reason for glasses or contact lenses_For 'astigmatism',47917,-0.00428736818096596,0.0171270567746016,-0.0378563994591851,0.0292816630972532,0.802336514286347
RPGR,X-linked retinitis pigmentosa GTPase regulator,Eye measures,X6147#5.Reason for glasses or contact lenses_For a 'squint' or 'turn' in an eye since childhood (called 'strabismus'),47917,0.0373053189192252,0.0433349663667372,-0.0476312151595797,0.12224185299803,0.389324207502841
RPGR,X-linked retinitis pigmentosa GTPase regulator,Eye measures,X6147#6.Reason for glasses or contact lenses_For a 'lazy' eye or an eye with poor vision since childhood (called 'amblyopia'),47917,-0.00211162425533691,0.0296342490915374,-0.0601947524747501,0.0559715039640763,0.943194453783091
RPGR,X-linked retinitis pigmentosa GTPase regulator,Eye measures,X6147#7.Reason for glasses or contact lenses_Other eye condition,47917,-0.0217002592177011,0.0469587641690279,-0.113739436988996,0.0703389185535936,0.644004514007933
RPGR,X-linked retinitis pigmentosa GTPase regulator,Health and medical history,X6149#1.Mouth or teeth dental problems_Mouth ulcers,47850,-0.00226963207597465,0.00893012181477451,-0.0197726708329327,0.0152334066809834,0.799378309898353
RPGR,X-linked retinitis pigmentosa GTPase regulator,Health and medical history,X6149#2.Mouth or teeth dental problems_Painful gums,47850,-0.00453648114504077,0.0149082204280498,-0.0337565931840184,0.0246836308939369,0.760906667039289
RPGR,X-linked retinitis pigmentosa GTPase regulator,Health and medical history,X6149#3.Mouth or teeth dental problems_Bleeding gums,47850,-0.0028947467741508,0.00794878317007482,-0.0184743617874974,0.0126848682391958,0.715730750523395
RPGR,X-linked retinitis pigmentosa GTPase regulator,Health and medical history,X6149#4.Mouth or teeth dental problems_Loose teeth,47850,0.00366717683440472,0.0146420829465461,-0.0250313057408257,0.0323656594096351,0.802238019188324
RPGR,X-linked retinitis pigmentosa GTPase regulator,Health and medical history,X6149#5.Mouth or teeth dental problems_Toothache,47850,-0.0132210148864295,0.0143178782458082,-0.0412840562482136,0.0148420264753546,0.355812457284201
RPGR,X-linked retinitis pigmentosa GTPase regulator,Health and medical history,X6149#6.Mouth or teeth dental problems_Dentures,47850,0.00578406176996581,0.00797685729509289,-0.00985057852841626,0.0214187020683479,0.468394663949048
RPGR,X-linked retinitis pigmentosa GTPase regulator,Health and medical history,X6150#1.Vascular or heart problems diagnosed by doctor_Heart attack,30672,0.0338420036143056,0.0309926636909793,-0.0269036172200139,0.094587624448625,0.274903548088389
RPGR,X-linked retinitis pigmentosa GTPase regulator,Health and medical history,X6150#2.Vascular or heart problems diagnosed by doctor_Angina,30672,0.00440803684944091,0.0202516497649289,-0.0352851966898197,0.0441012703887016,0.82769875668584
RPGR,X-linked retinitis pigmentosa GTPase regulator,Health and medical history,X6150#3.Vascular or heart problems diagnosed by doctor_Stroke,30672,-0.00551393126011371,0.0253426131537723,-0.0551854530415074,0.04415759052128,0.827767026456407
RPGR,X-linked retinitis pigmentosa GTPase regulator,Health and medical history,X6150#4.Vascular or heart problems diagnosed by doctor_High blood pressure,30672,0.0115999538639155,0.0227893446977546,-0.0330671617436834,0.0562670694715145,0.610764822441811
RPGR,X-linked retinitis pigmentosa GTPase regulator,Health and medical history,X6151#1.Fractured bone site(s)_Ankle,47836,0.032096064760046,0.0217733527696024,-0.0105797066683748,0.0747718361884668,0.140468557378049
RPGR,X-linked retinitis pigmentosa GTPase regulator,Health and medical history,X6151#2.Fractured bone site(s)_Leg,47836,0.024085421898119,0.0385907905111778,-0.0515525275037894,0.0997233713000274,0.532552525106975
RPGR,X-linked retinitis pigmentosa GTPase regulator,Health and medical history,X6151#3.Fractured bone site(s)_Hip,47836,-0.0509928788422667,0.0613830971651525,-0.171303749285966,0.0693179916014321,0.40613374932778
RPGR,X-linked retinitis pigmentosa GTPase regulator,Health and medical history,X6151#4.Fractured bone site(s)_Spine,47836,-0.0424375537300199,0.0579796714120718,-0.156077709697681,0.0712026022376408,0.464213441057692
RPGR,X-linked retinitis pigmentosa GTPase regulator,Health and medical history,X6151#5.Fractured bone site(s)_Wrist,47836,-0.00377144142991085,0.0181994556579566,-0.0394423745195059,0.0318994916596842,0.83583340671432
RPGR,X-linked retinitis pigmentosa GTPase regulator,Health and medical history,X6151#6.Fractured bone site(s)_Arm,47836,0.00589142089746262,0.026405051921503,-0.0458624808686832,0.0576453226636085,0.823446251356126
RPGR,X-linked retinitis pigmentosa GTPase regulator,Health and medical history,X6151#7.Fractured bone site(s)_Other bones,47836,-0.0124062351616551,0.012928547667762,-0.0377461885904686,0.0129337182671584,0.337266458705186
RPGR,X-linked retinitis pigmentosa GTPase regulator,Health and medical history,"X6152#5.Blood clot, DVT, bronchitis, emphysema, asthma, rhinitis, eczema, allergy diagnosed by doctor_Blood clot in the leg (DVT)",32489,-0.00271814902749403,0.0191731377518606,-0.0402974990211408,0.0348612009661527,0.887266335036089
RPGR,X-linked retinitis pigmentosa GTPase regulator,Health and medical history,"X6152#6.Blood clot, DVT, bronchitis, emphysema, asthma, rhinitis, eczema, allergy diagnosed by doctor_Emphysema or chronic bronchitis",32489,-0.0490661250225567,0.0219510611698106,-0.0920902049153855,-0.00604204512972795,0.0254282544317078
RPGR,X-linked retinitis pigmentosa GTPase regulator,Health and medical history,"X6152#7.Blood clot, DVT, bronchitis, emphysema, asthma, rhinitis, eczema, allergy diagnosed by doctor_Blood clot in the lung",32489,0.0163495622079147,0.0284540552931094,-0.0394203861665797,0.0721195105824091,0.565581214361611
RPGR,X-linked retinitis pigmentosa GTPase regulator,Health and medical history,"X6152#8.Blood clot, DVT, bronchitis, emphysema, asthma, rhinitis, eczema, allergy diagnosed by doctor_Asthma",32489,-0.00393091670426625,0.00992487706075364,-0.0233836757433434,0.0155218423348109,0.692066084721704
RPGR,X-linked retinitis pigmentosa GTPase regulator,Health and medical history,"X6154#1.Medication for pain relief, constipation, heartburn_Aspirin",35472,0.0027012696606112,0.0102082001445527,-0.0173068026227121,0.0227093419439345,0.791308991312982
RPGR,X-linked retinitis pigmentosa GTPase regulator,Health and medical history,"X6154#2.Medication for pain relief, constipation, heartburn_Ibuprofen",35472,0.00231011344995245,0.00888395309884451,-0.0151024346237828,0.0197226615236877,0.794843830023613
RPGR,X-linked retinitis pigmentosa GTPase regulator,Health and medical history,"X6154#3.Medication for pain relief, constipation, heartburn_Paracetamol",35472,0.00741697868645006,0.00835828797889269,-0.00896526575217962,0.0237992231250797,0.374893642738578
RPGR,X-linked retinitis pigmentosa GTPase regulator,Health and medical history,"X6154#4.Medication for pain relief, constipation, heartburn_Ranitidine",35472,-0.00935881939000642,0.0200362245610894,-0.0486298195297417,0.0299121807497288,0.640441179092881
RPGR,X-linked retinitis pigmentosa GTPase regulator,Health and medical history,"X6154#5.Medication for pain relief, constipation, heartburn_Omeprazole",35472,0.00172311743821814,0.0119301175943309,-0.0216599130466704,0.0251061479231066,0.885160223809926
RPGR,X-linked retinitis pigmentosa GTPase regulator,Health and medical history,"X6154#6.Medication for pain relief, constipation, heartburn_Laxatives",35472,0.0133542864121571,0.0139856153470859,-0.0140575196681313,0.0407660924924454,0.339670105280878
RPGR,X-linked retinitis pigmentosa GTPase regulator,Health and medical history,X6155#1.Vitamin and mineral supplements_Vitamin A,47850,0.00885059078040531,0.0196705719511123,-0.0297037302437748,0.0474049118045854,0.652757372807453
RPGR,X-linked retinitis pigmentosa GTPase regulator,Health and medical history,X6155#2.Vitamin and mineral supplements_Vitamin B,47850,0.00987167313211616,0.0124880486819458,-0.0146049022844976,0.03434824854873,0.429249880678255
RPGR,X-linked retinitis pigmentosa GTPase regulator,Health and medical history,X6155#3.Vitamin and mineral supplements_Vitamin C,47850,-0.0429118318744103,0.0507968651368983,-0.142473687542731,0.0566500237939104,0.39824610097827
RPGR,X-linked retinitis pigmentosa GTPase regulator,Health and medical history,X6155#4.Vitamin and mineral supplements_Vitamin D,47850,-0.0170985479918368,0.0123114528670166,-0.0412289956111893,0.00703189962751562,0.16489685645674
RPGR,X-linked retinitis pigmentosa GTPase regulator,Health and medical history,X6155#5.Vitamin and mineral supplements_Vitamin E,47850,0.0115485693514686,0.0147436130264076,-0.0173489121802903,0.0404460508832274,0.433462982239113
RPGR,X-linked retinitis pigmentosa GTPase regulator,Health and medical history,X6155#6.Vitamin and mineral supplements_Folic acid or Folate (Vit B9),47850,0.0222023871456371,0.0164641809360262,-0.0100674074889744,0.0544721817802485,0.177502099498268
RPGR,X-linked retinitis pigmentosa GTPase regulator,Health and medical history,X6155#7.Vitamin and mineral supplements_Multivitamins + or - minerals,47850,-0.00657780364543511,0.00589709087028598,-0.0181361017511956,0.0049804944603254,0.264676814757482
RPGR,X-linked retinitis pigmentosa GTPase regulator,Lifestyle factors,X6157#1.Why stopped smoking_Illness or ill health,28169,-0.0396591165243079,0.020229784117061,-0.0793094933937473,-8.73965486838935e-06,0.0500198835975123
RPGR,X-linked retinitis pigmentosa GTPase regulator,Lifestyle factors,X6157#2.Why stopped smoking_Doctor's advice,28169,-0.0313188557519331,0.0271685642648906,-0.0845692417111187,0.0219315302072524,0.249082687866215
RPGR,X-linked retinitis pigmentosa GTPase regulator,Lifestyle factors,X6157#3.Why stopped smoking_Health precaution,28169,-0.000771635221044464,0.0178511206295491,-0.0357598316549608,0.0342165612128719,0.965523580918411
RPGR,X-linked retinitis pigmentosa GTPase regulator,Lifestyle factors,X6157#4.Why stopped smoking_Financial reasons,28169,0.000438658025438253,0.0160767622436593,-0.031071795972134,0.0319491120230106,0.97823370803818
RPGR,X-linked retinitis pigmentosa GTPase regulator,Health and medical history,X6159#1.Pain type(s) experienced in last month_Headache,47952,-0.0096651128954037,0.00671955575314205,-0.0228354421715621,0.0035052163807547,0.15034640567462
RPGR,X-linked retinitis pigmentosa GTPase regulator,Health and medical history,X6159#2.Pain type(s) experienced in last month_Facial pain,47952,0.00452621444193683,0.0180638159794016,-0.0308788648776903,0.039931293761564,0.802150306837782
RPGR,X-linked retinitis pigmentosa GTPase regulator,Health and medical history,X6159#3.Pain type(s) experienced in last month_Neck or shoulder pain,47952,-0.013246220929104,0.00657125778562568,-0.0261258861889303,-0.000366555669277629,0.0438341715048447
RPGR,X-linked retinitis pigmentosa GTPase regulator,Health and medical history,X6159#4.Pain type(s) experienced in last month_Back pain,47952,0.00289515901169311,0.00655337901895822,-0.00994946386546501,0.0157397818888512,0.658651679309886
RPGR,X-linked retinitis pigmentosa GTPase regulator,Health and medical history,X6159#5.Pain type(s) experienced in last month_Stomach or abdominal pain,47952,0.00959653043609595,0.00946482496505036,-0.00895452649540275,0.0281475873675947,0.310633629389188
RPGR,X-linked retinitis pigmentosa GTPase regulator,Health and medical history,X6159#6.Pain type(s) experienced in last month_Hip pain,47952,0.00764807653478138,0.00835996848023203,-0.00873746168647339,0.0240336147560362,0.360282320237028
RPGR,X-linked retinitis pigmentosa GTPase regulator,Health and medical history,X6159#7.Pain type(s) experienced in last month_Knee pain,47952,-0.00996804254770368,0.00701176799148196,-0.0237111078110083,0.00377502271560095,0.155150987147697
RPGR,X-linked retinitis pigmentosa GTPase regulator,Health and medical history,X6159#8.Pain type(s) experienced in last month_Pain all over the body,47952,0.0269599527154889,0.018915885104944,-0.0101151820902014,0.0640350875211792,0.154096892650289
RPGR,X-linked retinitis pigmentosa GTPase regulator,Lifestyle factors,X6160#1.Leisure or social activities_Sports club or gym,40644,-0.000328488207613134,0.00703226782106547,-0.0141117331369014,0.0134547567216752,0.962743692090728
RPGR,X-linked retinitis pigmentosa GTPase regulator,Lifestyle factors,X6160#2.Leisure or social activities_Pub or social club,40644,0.0147139614205366,0.00777621674759194,-0.000527423404743571,0.0299553462458168,0.0584855171032003
RPGR,X-linked retinitis pigmentosa GTPase regulator,Lifestyle factors,X6160#3.Leisure or social activities_Religious group,40644,-0.00688823061981529,0.00781207304523686,-0.0221998937884795,0.00842343254884896,0.37792959009743
RPGR,X-linked retinitis pigmentosa GTPase regulator,Lifestyle factors,X6160#4.Leisure or social activities_Adult education class,40644,-0.0147507887417639,0.00993228852529366,-0.0342180742513394,0.00471649676781171,0.137527548985467
RPGR,X-linked retinitis pigmentosa GTPase regulator,Lifestyle factors,X6160#5.Leisure or social activities_Other group activity,40644,-0.00927387534064473,0.00708099458610387,-0.0231526247294083,0.00460487404811885,0.190320860955731
RPGR,X-linked retinitis pigmentosa GTPase regulator,Physical activities,X6162#1.Types of transport used (excluding work)_Car or motor vehicle,47750,-0.000459298300563487,0.00706474327342628,-0.014306195116479,0.013387598515352,0.948164416373376
RPGR,X-linked retinitis pigmentosa GTPase regulator,Physical activities,X6162#2.Types of transport used (excluding work)_Walk,47750,-0.00338686205640006,0.00570151843841841,-0.0145618381957002,0.00778811408290003,0.552499099075376
RPGR,X-linked retinitis pigmentosa GTPase regulator,Physical activities,X6162#3.Types of transport used (excluding work)_Public transport,47750,0.00861286845939573,0.00623009460130442,-0.00359811695916094,0.0208238538779524,0.166843170905315
RPGR,X-linked retinitis pigmentosa GTPase regulator,Physical activities,X6162#4.Types of transport used (excluding work)_Cycle,47750,-0.00724536697908272,0.0137578713287009,-0.0342107947833365,0.0197200608251711,0.598452579515665
RPGR,X-linked retinitis pigmentosa GTPase regulator,Physical activities,X6164#1.Types of physical activity in last 4 weeks_Walking for pleasure (not as a means of transport),47761,-0.00226315037410321,0.00643668434101819,-0.0148790516824989,0.0103527509342924,0.725140026437414
RPGR,X-linked retinitis pigmentosa GTPase regulator,Physical activities,X6164#3.Types of physical activity in last 4 weeks_Strenuous sports,47761,0.00264286723713352,0.0116625488324179,-0.0202157284744056,0.0255014629486726,0.820727866215142
RPGR,X-linked retinitis pigmentosa GTPase regulator,Health and medical history,X6179#1.Mineral and other dietary supplements_Fish oil (including cod liver oil),47850,0.00237571704087412,0.0061588955121011,-0.00969571816284403,0.0144471522445923,0.699694584052288
RPGR,X-linked retinitis pigmentosa GTPase regulator,Health and medical history,X6179#2.Mineral and other dietary supplements_Glucosamine,47850,-0.00797111408153111,0.00699083341835635,-0.0216731475815096,0.00573091941844735,0.2542047793642
RPGR,X-linked retinitis pigmentosa GTPase regulator,Health and medical history,X6179#3.Mineral and other dietary supplements_Calcium,47850,-0.000107812833214581,0.00912395018979182,-0.0179907552052065,0.0177751295387774,0.99057214558503
RPGR,X-linked retinitis pigmentosa GTPase regulator,Health and medical history,X6179#4.Mineral and other dietary supplements_Zinc,47850,-0.00653714849330881,0.0132830800276993,-0.0325719853475995,0.0194976883609819,0.622624276198097
RPGR,X-linked retinitis pigmentosa GTPase regulator,Health and medical history,X6179#5.Mineral and other dietary supplements_Iron,47850,0.00610376552268182,0.0135405951087756,-0.0204358008905184,0.032643331935882,0.652155698054858
RPGR,X-linked retinitis pigmentosa GTPase regulator,Health and medical history,X6179#6.Mineral and other dietary supplements_Selenium,47850,-0.0124356098727105,0.0176542231384061,-0.0470378872239864,0.0221666674785654,0.48119159492974
RPGR,X-linked retinitis pigmentosa GTPase regulator,Physical measures,"X78.Heel bone mineral density (BMD) T-score, automated",37713,-0.00232527367963604,0.00417137888609426,-0.0105011762963808,0.00585062893710872,0.57723948804051
RPGR,X-linked retinitis pigmentosa GTPase regulator,Physical activities,X864.Number of days or week walked 10+ minutes,47417,-0.0901368420373009,0.0279857315828077,-0.144988875939604,-0.0352848081349979,0.00128004959329283
RPGR,X-linked retinitis pigmentosa GTPase regulator,Physical activities,X874.Duration of walks,43937,-0.00300136084059779,0.0031305546427973,-0.00913724794048051,0.00313452625928492,0.337706002774395
RPGR,X-linked retinitis pigmentosa GTPase regulator,Physical activities,X884.Number of days or week of moderate physical activity 10+ minutes,46497,-0.0349281038155639,0.0272370159574491,-0.0883126550921642,0.0184564474610363,0.199724160917546
RPGR,X-linked retinitis pigmentosa GTPase regulator,Physical activities,X894.Duration of moderate activity,41265,0.0414254851457749,0.034117274695114,-0.0254443732566485,0.108295343548198,0.224685168369586
RPGR,X-linked retinitis pigmentosa GTPase regulator,Physical activities,X90087.No-wear time bias adjusted average acceleration,29419,-0.00225064618308156,0.00701861528211718,-0.0160071321360312,0.0115058397698681,0.7484753972014
RPGR,X-linked retinitis pigmentosa GTPase regulator,Physical activities,X904.Number of days or week of vigorous physical activity 10+ minutes,46523,-0.00918267724967664,0.0287510879958734,-0.0655348097215884,0.0471694552222351,0.749437317181466
RPGR,X-linked retinitis pigmentosa GTPase regulator,Physical activities,X914.Duration of vigorous activity,36039,0.00642141178798954,0.00417270896846359,-0.00175709779019909,0.0145999213661782,0.123854264497452
