Protein,Protein_definition,Trait_category,Trait,sample_size,Estimated_effect,se,lowerCI,upperCI,Pvalue
ACAN,Aggrecan core protein,Lifestyle factors,X1050.Time spend outdoors in summer,45636,0.0902780587839974,0.0288899185234092,0.0336538184781154,0.14690229908988,0.00177977991802963
ACAN,Aggrecan core protein,Lifestyle factors,X1060.Time spent outdoors in winter,39802,0.0679262642246107,0.0325159018966827,0.00419509650711267,0.131657431942109,0.0367125518996789
ACAN,Aggrecan core protein,Physical activities,X1070.Time spent watching television (TV),48014,0.0972330071078131,0.0289878853360446,0.0404167518491656,0.154049262366461,0.000796381028920779
ACAN,Aggrecan core protein,Physical activities,X1080.Time spent using computer,39812,-0.18261668605311,0.0299212480717772,-0.241262332273793,-0.123971039832426,1.04894654078927e-09
ACAN,Aggrecan core protein,Physical activities,X1090.Time spent driving,34543,-0.0933226674986973,0.0325964101457307,-0.157211631384329,-0.0294337036130651,0.00419937843600281
ACAN,Aggrecan core protein,Lifestyle factors,X1160.Sleep duration,50576,-0.0349708780574043,0.0263986362957247,-0.0867122051970248,0.0167704490822162,0.185269061774647
ACAN,Aggrecan core protein,Health and medical history,X120039#0.Location of pain during the past week_None of the given areas,16908,0.0023903093574075,0.00787624252947092,-0.0130471260003555,0.0178277447151705,0.761525185459647
ACAN,Aggrecan core protein,Health and medical history,X120039#1.Location of pain during the past week_Left shoulder,16908,-0.00144065435595713,0.00766598491868441,-0.0164659847965786,0.0135846760846643,0.85093523320281
ACAN,Aggrecan core protein,Health and medical history,X120039#10.Location of pain during the past week_Upper right leg,16908,0.0213968385611647,0.00876111070456964,0.00422506158020824,0.0385686155421212,0.0146061401766262
ACAN,Aggrecan core protein,Health and medical history,X120039#11.Location of pain during the past week_Lower left leg,16908,0.0134130080480776,0.00895562105167567,-0.00414000921320668,0.0309660253093619,0.134224833069098
ACAN,Aggrecan core protein,Health and medical history,X120039#12.Location of pain during the past week_Lower right leg,16908,0.00795767354172297,0.00911971263844501,-0.00991696322962925,0.0258323103130752,0.382904764662122
ACAN,Aggrecan core protein,Health and medical history,X120039#13.Location of pain during the past week_Left jaw pain,16908,0.0299427097324213,0.0192038174194817,-0.00769677240976286,0.0675821918746054,0.118966333226497
ACAN,Aggrecan core protein,Health and medical history,X120039#14.Location of pain during the past week_Right jaw pain,16908,0.0260724087344916,0.0200184704002043,-0.0131637932499088,0.0653086107188921,0.192791414416369
ACAN,Aggrecan core protein,Health and medical history,X120039#15.Location of pain during the past week_Chest pain,16908,0.0106797313947195,0.0137727739498794,-0.0163149055470441,0.0376743683364831,0.43810035803628
ACAN,Aggrecan core protein,Health and medical history,X120039#16.Location of pain during the past week_Abdomen,16908,0.00449902747549102,0.0100815398937919,-0.0152607907163411,0.0242588456673232,0.655412337516879
ACAN,Aggrecan core protein,Health and medical history,X120039#17.Location of pain during the past week_Neck pain,16908,0.00552631130921993,0.00691341830540756,-0.00802398856937889,0.0190766111878187,0.42409283066659
ACAN,Aggrecan core protein,Health and medical history,X120039#18.Location of pain during the past week_Upper back,16908,0.0092348685839462,0.0100282970111901,-0.0104205935579864,0.0288903307258788,0.357125687735532
ACAN,Aggrecan core protein,Health and medical history,X120039#19.Location of pain during the past week_Lower back,16908,0.0110196842160765,0.00560811295098573,2.77828321444684e-05,0.0220115856000085,0.0494359184418779
ACAN,Aggrecan core protein,Health and medical history,X120039#2.Location of pain during the past week_Right shoulder,16908,-0.00497618480815159,0.00724426697710128,-0.0191749480832701,0.00922257846696691,0.492146665713577
ACAN,Aggrecan core protein,Health and medical history,X120039#3.Location of pain during the past week_Upper left arm,16908,0.00833357166793713,0.0107661232775286,-0.0127680299560189,0.0294351732918932,0.438909092626017
ACAN,Aggrecan core protein,Health and medical history,X120039#4.Location of pain during the past week_Upper right arm,16908,0.00592205184362246,0.0101616172905863,-0.0139947180459267,0.0258388217331716,0.560044913902422
ACAN,Aggrecan core protein,Health and medical history,X120039#5.Location of pain during the past week_Lower left arm,16908,0.0251327798079354,0.0135470293933982,-0.00141939780312498,0.0516849574189959,0.0635815922256374
ACAN,Aggrecan core protein,Health and medical history,X120039#6.Location of pain during the past week_Lower right arm,16908,0.0281144500147672,0.0128045608093235,0.00301751082849321,0.0532113892010412,0.028129903392006
ACAN,Aggrecan core protein,Health and medical history,X120039#7.Location of pain during the past week_Left hip,16908,0.00691515838516288,0.0078789933094878,-0.0085276685014332,0.022357985271759,0.380135150163685
ACAN,Aggrecan core protein,Health and medical history,X120039#8.Location of pain during the past week_Right hip,16908,0.0159759165741205,0.00746728197303595,0.00134004390697002,0.030611789241271,0.0324130935075226
ACAN,Aggrecan core protein,Health and medical history,X120039#9.Location of pain during the past week_Upper left leg,16908,0.0155717783713703,0.00934305275039557,-0.00274060501940504,0.0338841617621456,0.0955987351989883
ACAN,Aggrecan core protein,Health and medical history,X120040.Fatigue severity over the past week,16920,0.00121202584592906,0.0473824407908751,-0.0916575581041862,0.0940816097960443,0.979592926477226
ACAN,Aggrecan core protein,Health and medical history,X120041.Waking unrefreshed severity over the past week,16920,0.0245636098163968,0.0468423317181784,-0.0672473603512329,0.116374579984027,0.600014787788069
ACAN,Aggrecan core protein,Health and medical history,X120042.Cognitive symptoms severity over the past week,16920,-0.0102492529398304,0.0511355707171897,-0.110474971545522,0.0899764656658615,0.841144408489246
ACAN,Aggrecan core protein,Health and medical history,X120098.Mobility problems today,16929,0.202506237955605,0.0558862229181785,0.092969241035975,0.312043234875235,0.000291444302851472
ACAN,Aggrecan core protein,Health and medical history,X120099.Self-care problems today,16929,0.229630293685802,0.0868477189921436,0.0594087644612008,0.399851822910403,0.00819945381704997
ACAN,Aggrecan core protein,Health and medical history,X120100.Problems doing usual activities,16929,0.156000270445636,0.0532084689808307,0.0517116712432076,0.260288869648064,0.00337379970829517
ACAN,Aggrecan core protein,Health and medical history,X120101.Pain or discomfort today,16929,0.0794468353328614,0.0474363557212433,-0.0135284218807755,0.172422092546498,0.0939902018581459
ACAN,Aggrecan core protein,Health and medical history,X120102.Anxiety or depression today,16929,0.0738719467804282,0.0573364949876462,-0.0385075833953583,0.186251476956215,0.197626771400127
ACAN,Aggrecan core protein,Health and medical history,X120103.Scale to indicate how health is today,16873,-0.00103628351488464,0.00243296661718654,-0.00580489808457026,0.00373233105480099,0.670161283234102
ACAN,Aggrecan core protein,Health and medical history,X120104.Little interest or pleasure in doing things over the last two weeks,16889,0.0559717419003469,0.057879224044322,-0.0574715372265241,0.169415021027218,0.333536023408772
ACAN,Aggrecan core protein,Health and medical history,"X120105.Feeling down, depressed, or hopeless over the last two weeks",16864,0.0412645987575035,0.0594780449151921,-0.0753123692762731,0.15784156679128,0.487830587508792
ACAN,Aggrecan core protein,Health and medical history,"X120106.Trouble falling or staying asleep, or sleeping too much over the last two weeks",16899,-0.028578190970939,0.0471055060254374,-0.120904982780796,0.0637486008389184,0.544068318921201
ACAN,Aggrecan core protein,Health and medical history,X120107.Feeling tired or having little energy over the last two weeks,16900,-0.0462213272537608,0.0481322557675552,-0.140560548558169,0.0481178940506474,0.336918816505922
ACAN,Aggrecan core protein,Health and medical history,X120108.Poor appetite or overeating over the last two weeks,16906,-0.0068211990417501,0.0618155316919278,-0.127979641157929,0.114337243074428,0.912134974842543
ACAN,Aggrecan core protein,Health and medical history,X120109.Feeling bad about self over the last two weeks,16860,0.0920961538445706,0.0624123238433183,-0.0302320008883333,0.214424308577475,0.140067721315186
ACAN,Aggrecan core protein,Health and medical history,X120110.Trouble concentrating over the last two weeks,16904,-0.0272520479032046,0.0624985465978986,-0.149749199235086,0.0952451034286766,0.66281117317681
ACAN,Aggrecan core protein,Health and medical history,X120111.Moving or speaking slower or faster than usual over the last two weeks,16887,-0.0167878116309578,0.0917561891410741,-0.196629942347463,0.163054319085548,0.854830753794467
ACAN,Aggrecan core protein,Health and medical history,X120112.Thoughts of being better off dead or of hurting self over the last two weeks,16814,0.18732379286093,0.124464213113918,-0.0566260648423491,0.431273650564209,0.132332236444811
ACAN,Aggrecan core protein,Health and medical history,"X120113.Level of difficultly depression has made to do work, take care of things at home, or get along with other people",11761,0.0723333090594556,0.0636205823210353,-0.0523630322897737,0.197029650408685,0.255583119662946
ACAN,Aggrecan core protein,Lifestyle factors,X1269.Exposure to tobacco smoke at home,45753,0.00338539998234596,0.0637264656125024,-0.121518472618159,0.128289272582851,0.957633400946928
ACAN,Aggrecan core protein,Lifestyle factors,X1279.Exposure to tobacco smoke outside home,42689,-0.0794751789508625,0.0390943863969676,-0.156100176288919,-0.00285018161280601,0.0420682849526257
ACAN,Aggrecan core protein,Diet and food preferences,X1289.Cooked vegetable intake,49113,-0.177838857443194,0.027571224297239,-0.231878457065782,-0.123799257820605,1.12766630182139e-10
ACAN,Aggrecan core protein,Diet and food preferences,X1299.Salad  or  raw vegetable intake,47784,-0.0810397259612713,0.0291555258199464,-0.138184556568366,-0.0238948953541763,0.00544527654857821
ACAN,Aggrecan core protein,Diet and food preferences,X1309.Fresh fruit intake,49016,0.0500457197999671,0.028770570546467,-0.00634459847110819,0.106436038071042,0.08195733211681
ACAN,Aggrecan core protein,Diet and food preferences,X1319.Dried fruit intake,46288,0.07319496416647,0.0296838520242305,0.0150146141989784,0.131375314133962,0.0136736930870179
ACAN,Aggrecan core protein,Health and medical history,X134.Number of self-reported cancers,51013,0.212104932366982,0.0516264234837201,0.110917142338891,0.313292722395073,3.98932932194026e-05
ACAN,Aggrecan core protein,Health and medical history,X135.Number of self-reported non-cancer illnesses,51014,-0.146882982662612,0.0274727968112363,-0.200729664412636,-0.093036300912589,9.00618176688228e-08
ACAN,Aggrecan core protein,Health and medical history,"X136.Number of operations, self-reported",51014,0.0243326116973717,0.027041608264786,-0.0286689405016088,0.0773341638963522,0.368219672925644
ACAN,Aggrecan core protein,Health and medical history,X137.Number of treatments or medications taken,51014,-0.297390909694367,0.0268728553474144,-0.350061706175299,-0.244720113213434,1.96311977696533e-28
ACAN,Aggrecan core protein,Diet and food preferences,X1438.Bread intake,49527,0.00440856786186753,0.00148143739748534,0.00150495056279626,0.0073121851609388,0.00292298003487887
ACAN,Aggrecan core protein,Diet and food preferences,X1458.Cereal intake,48418,0.196614808726983,0.0274658567468484,0.14278172950316,0.250447887950806,8.27105963304615e-13
ACAN,Aggrecan core protein,Diet and food preferences,X1488.Tea intake,49241,0.0143842517307458,0.00141707506952849,0.0116067845944699,0.0171617188670216,3.47686535629151e-24
ACAN,Aggrecan core protein,Diet and food preferences,X1498.Coffee intake,47004,-0.191170500107213,0.0275503794066795,-0.245169243744305,-0.137171756470121,4.00148191985231e-12
ACAN,Aggrecan core protein,Diet and food preferences,X1528.Water intake,47143,-0.09438900300266,0.0279739766344522,-0.149217997206186,-0.0395600087991337,0.000740977862299133
ACAN,Aggrecan core protein,Lifestyle factors,X1568.Average weekly red wine intake,34708,-0.157984476737289,0.032272744322837,-0.22123905561005,-0.0947298978645286,9.86007039112565e-07
ACAN,Aggrecan core protein,Lifestyle factors,X1578.Average weekly champagne plus white wine intake,34693,-0.12080645477084,0.0329927566837784,-0.185472257871045,-0.0561406516706342,0.000251012070647605
ACAN,Aggrecan core protein,Lifestyle factors,X1588.Average weekly beer plus cider intake,34788,0.0308368230594117,0.0366965395667701,-0.0410883944914577,0.102762040610281,0.400734967968764
ACAN,Aggrecan core protein,Lifestyle factors,X1598.Average weekly spirits intake,34648,-0.0812200159485654,0.0355785312137954,-0.150953937127604,-0.0114860947695264,0.0224459560958058
ACAN,Aggrecan core protein,Lifestyle factors,X1608.Average weekly fortified wine intake,34765,0.0893476464211849,0.0586682404960706,-0.0256421049511134,0.204337397793483,0.127785221046554
ACAN,Aggrecan core protein,Lifestyle factors,X1737.Childhood sunburn occasions,38257,-0.068509243795982,0.0325281429521269,-0.132264403982151,-0.00475408360981336,0.035197569118216
ACAN,Aggrecan core protein,Health and medical history,X1807.Father's age at death,37604,0.00155275852376521,0.00163702227634941,-0.00165580513787964,0.00476132218541006,0.34286773764479
ACAN,Aggrecan core protein,Health and medical history,X1845.Mother's age,19409,-0.00392271834491011,0.00373651140978832,-0.0112462807080952,0.00340084401827499,0.293807321200755
ACAN,Aggrecan core protein,Health and medical history,X1873.Number of full brothers,50085,0.0301382970987354,0.026523931116142,-0.0218486078889029,0.0821252020863737,0.255849811002119
ACAN,Aggrecan core protein,Health and medical history,X1883.Number of full sisters,50093,-0.051074751272102,0.0265754778403607,-0.103162687839209,0.00101318529500508,0.054627133274526
ACAN,Aggrecan core protein,Physical measures,X20015.Sitting height,50618,0.0158471694853607,0.00186533154841273,0.0121911196504718,0.0195032193202497,2.02129867236758e-17
ACAN,Aggrecan core protein,Cognitive function,X20016.Fluid intelligence score,16386,-0.00345111383287142,0.0439502474039133,-0.0895935987445414,0.0826913710787986,0.937412840835778
ACAN,Aggrecan core protein,Cognitive function,X20018.Prospective memory result,17071,-0.0430895401815527,0.0583694452448092,-0.157493652861379,0.0713145724982734,0.460390425355769
ACAN,Aggrecan core protein,Physical measures,X20019.Speech-reception-threshold (SRT) estimate (left),16171,0.00324323318182307,0.00255666884299876,-0.0017678377504545,0.00825430411410064,0.20462394226858
ACAN,Aggrecan core protein,Physical measures,X20021.Speech-reception-threshold (SRT) estimate (right),16154,-9.70282391929156e-05,0.00256454391134759,-0.00512353430543419,0.00492947782704836,0.969820104151192
ACAN,Aggrecan core protein,Cognitive function,X20023.Mean time to correctly identify matches,50389,-0.000232725536047946,0.00149969344330421,-0.0031721246849242,0.00270667361282831,0.876678403202813
ACAN,Aggrecan core protein,Health and medical history,X20107#1.Illnesses of father_Heart disease,44379,-0.00716795401512685,0.00319660689025861,-0.0134333035200337,-0.000902604510219972,0.0249428200137696
ACAN,Aggrecan core protein,Health and medical history,X20107#10.Illnesses of father_Alzheimer's disease or dementia,43510,-0.0123681183685466,0.00704938101820809,-0.0261849051642344,0.00144866842714125,0.0793524116857077
ACAN,Aggrecan core protein,Health and medical history,X20107#11.Illnesses of father_Parkinson's disease,43439,0.00305402916862592,0.00944766477694486,-0.015463393794186,0.0215714521314379,0.746501740313457
ACAN,Aggrecan core protein,Health and medical history,X20107#12.Illnesses of father_Severe depression,43478,0.00387331036783858,0.00794562627604058,-0.011700117133201,0.0194467378688781,0.625922769392844
ACAN,Aggrecan core protein,Health and medical history,X20107#13.Illnesses of father_Prostate cancer,43505,0.00305612321608049,0.00568876896063712,-0.00809386394676827,0.0142061103789293,0.59111807173226
ACAN,Aggrecan core protein,Health and medical history,X20107#2.Illnesses of father_Stroke,43840,0.0091857187444131,0.00411514834772311,0.0011200279828758,0.0172514095059504,0.0256086329540556
ACAN,Aggrecan core protein,Health and medical history,X20107#3.Illnesses of father_Lung cancer,43717,-0.00494616034201027,0.00518178338426045,-0.0151024557751608,0.00521013509114022,0.339821428501599
ACAN,Aggrecan core protein,Health and medical history,X20107#4.Illnesses of father_Bowel cancer,43526,-0.0121709053553528,0.0064774418766488,-0.0248666914335845,0.000524880722878821,0.060255555298679
ACAN,Aggrecan core protein,Health and medical history,X20107#6.Illnesses of father_Chronic bronchitis or emphysema,43798,-0.00718538788296122,0.00474907341680798,-0.0164935717799048,0.00212279601398242,0.130284747669404
ACAN,Aggrecan core protein,Health and medical history,X20107#8.Illnesses of father_High blood pressure,43950,0.00259468212318268,0.00358166728245129,-0.00442538575042185,0.00961474999678721,0.468803093017367
ACAN,Aggrecan core protein,Health and medical history,X20107#9.Illnesses of father_Diabetes,43677,-3.57028253408885e-05,0.00497198600453021,-0.00978079539422009,0.00970938974353832,0.994270634477096
ACAN,Aggrecan core protein,Health and medical history,X20110#1.Illnesses of mother_Heart disease,46522,-0.00225028936581472,0.00364906731909801,-0.00940246131124681,0.00490188257961738,0.537451992285846
ACAN,Aggrecan core protein,Health and medical history,X20110#10.Illnesses of mother_Alzheimer's disease or dementia,46232,0.00440057867639233,0.00523936034297764,-0.00586856759584383,0.0146697249486285,0.400964529418928
ACAN,Aggrecan core protein,Health and medical history,X20110#11.Illnesses of mother_Parkinson's disease,46087,-0.000568436797245664,0.0114109747965724,-0.0229339473985275,0.0217970738040361,0.96027009289806
ACAN,Aggrecan core protein,Health and medical history,X20110#12.Illnesses of mother_Severe depression,46155,-0.00278366172282627,0.00588086543965729,-0.0143101579845546,0.00874283453890202,0.635971306374263
ACAN,Aggrecan core protein,Health and medical history,X20110#2.Illnesses of mother_Stroke,46402,0.00665814753706764,0.00415260418768685,-0.00148095667079859,0.0147972517449339,0.108860512587778
ACAN,Aggrecan core protein,Health and medical history,X20110#3.Illnesses of mother_Lung cancer,46184,0.00886621838878614,0.00733128756926255,-0.00550310524696846,0.0232355420245407,0.226528013996692
ACAN,Aggrecan core protein,Health and medical history,X20110#4.Illnesses of mother_Bowel cancer,46148,0.00511669162772401,0.00658271148817244,-0.00778542288909397,0.018018806144542,0.43699026207601
ACAN,Aggrecan core protein,Health and medical history,X20110#5.Illnesses of mother_Breast cancer,46189,0.0033061677005691,0.00536524229559534,-0.00720970719879776,0.013822042599936,0.537752602425308
ACAN,Aggrecan core protein,Health and medical history,X20110#6.Illnesses of mother_Chronic bronchitis or emphysema,46238,0.000280876066224925,0.00616062018822032,-0.0117939395026869,0.0123556916351368,0.963635504052979
ACAN,Aggrecan core protein,Health and medical history,X20110#8.Illnesses of mother_High blood pressure,46598,0.00565367241904759,0.00315671123282782,-0.000533481597294935,0.0118408264353901,0.0732996527529432
ACAN,Aggrecan core protein,Health and medical history,X20110#9.Illnesses of mother_Diabetes,46302,-0.0135863641409084,0.00488293229378934,-0.0231569114367355,-0.00401581684508128,0.00539771582416896
ACAN,Aggrecan core protein,Health and medical history,X20111#1.Illnesses of siblings_Heart disease,39900,-0.0206045558913769,0.00511861779561299,-0.0306370467707784,-0.0105720650119755,5.69801445609689e-05
ACAN,Aggrecan core protein,Health and medical history,X20111#10.Illnesses of siblings_Alzheimer's disease or dementia,39617,-0.011475516298007,0.0202501799746918,-0.0511658690484029,0.0282148364523889,0.570929980308696
ACAN,Aggrecan core protein,Health and medical history,X20111#11.Illnesses of siblings_Parkinson's disease,39606,-0.00538660743994189,0.0207600429362685,-0.0460762915950281,0.0353030767151443,0.795274008663439
ACAN,Aggrecan core protein,Health and medical history,X20111#12.Illnesses of siblings_Severe depression,39726,-0.00399063013805955,0.00603318348195431,-0.01581566976269,0.00783440948657089,0.508329634440756
ACAN,Aggrecan core protein,Health and medical history,X20111#13.Illnesses of siblings_Prostate cancer,39637,-0.0181009080795578,0.0119020779435924,-0.0414289808489988,0.00522716468988327,0.128313206552944
ACAN,Aggrecan core protein,Health and medical history,X20111#2.Illnesses of siblings_Stroke,39683,-0.00800644994793362,0.00865322753472612,-0.0249667759159968,0.00895387602012957,0.354838433670932
ACAN,Aggrecan core protein,Health and medical history,X20111#3.Illnesses of siblings_Lung cancer,39637,-0.0199096768767937,0.0102459908019456,-0.039991818848607,0.000172465095019593,0.0520029896168344
ACAN,Aggrecan core protein,Health and medical history,X20111#4.Illnesses of siblings_Bowel cancer,39641,0.00542900614888687,0.00988458103074519,-0.0139447726713737,0.0248027849691474,0.582843930909218
ACAN,Aggrecan core protein,Health and medical history,X20111#5.Illnesses of siblings_Breast cancer,39663,0.00557993915661349,0.00755015140123586,-0.0092183575898088,0.0203782359030358,0.459881030574966
ACAN,Aggrecan core protein,Health and medical history,X20111#6.Illnesses of siblings_Chronic bronchitis or emphysema,39683,-0.00848090210851515,0.00926159340499539,-0.0266336251823061,0.00967182096527581,0.359826374353431
ACAN,Aggrecan core protein,Health and medical history,X20111#8.Illnesses of siblings_High blood pressure,40042,-0.000655483576106279,0.0038254601915189,-0.00815338555148331,0.00684241839927076,0.863951289075323
ACAN,Aggrecan core protein,Health and medical history,X20111#9.Illnesses of siblings_Diabetes,39829,-0.0166414370472257,0.00542199563014825,-0.0272685484823163,-0.00601432561213519,0.0021474427307358
ACAN,Aggrecan core protein,Mental health,X20127.Neuroticism score,40567,0.0503419430223443,0.0277461232497872,-0.00404045854723847,0.104724344591927,0.0696270080571514
ACAN,Aggrecan core protein,Cognitive function,X20128.Number of fluid intelligence questions attempted within time limit,16386,0.058516484208165,0.0446722168633093,-0.0290410608439213,0.146074029260251,0.190245428003777
ACAN,Aggrecan core protein,Lifestyle factors,X20161.Pack years of smoking,15530,-0.02158502510747,0.00272351141317111,-0.0269231074772853,-0.0162469427376546,2.42706934010887e-15
ACAN,Aggrecan core protein,Lifestyle factors,X20162.Pack years adult smoking as proportion of life span exposed to smoking,15530,-0.0209098665152378,0.0026858714590676,-0.0261741745750104,-0.0156455584554653,7.40178270017431e-15
ACAN,Aggrecan core protein,Cognitive function,X20191.Fluid intelligence score,12575,0.0733055201040103,0.0506395734015306,-0.0259480437629897,0.17255908397101,0.147755735399342
ACAN,Aggrecan core protein,Cognitive function,X20192.Number of fluid intelligence questions attempted within time limit,12576,0.0357451423545322,0.0516065589838345,-0.0654037132537834,0.136893997962848,0.488543751944136
ACAN,Aggrecan core protein,Cognitive function,X20240.Maximum digits remembered correctly,11288,-0.0281044051253265,0.0541700324135834,-0.13427766865595,0.0780688584052968,0.603897632742675
ACAN,Aggrecan core protein,Physical measures,X20255.Spirometry QC measure,37966,0.0273362407396018,0.0354868776933608,-0.0422180395393854,0.0968905210185889,0.4411150720264
ACAN,Aggrecan core protein,Eye measures,X20261.avMSE,11212,0.000805959554299812,0.00304942416508165,-0.00517091180926023,0.00678283091785985,0.79155444600775
ACAN,Aggrecan core protein,Eye measures,X20262.Myopia diagnosis,11212,0.0384692986070817,0.0661082327951271,-0.0911028376713675,0.168041434885531,0.560636402497686
ACAN,Aggrecan core protein,NMR metabolomics,X20280.Glucose-lactate,29122,-0.0118424472617423,0.00190434265380296,-0.0155749588631961,-0.00810993566028853,5.08249109088568e-10
ACAN,Aggrecan core protein,NMR metabolomics,X20281.Spectrometer-corrected alanine,29182,-0.0122846692488918,0.00190698835948868,-0.0160223664334896,-0.00854697206429398,1.19807117446034e-10
ACAN,Aggrecan core protein,Mental health,X20544#11.Mental health problems ever diagnosed by a professional_Depression,15935,0.00716672891916137,0.0100542812019894,-0.0125396622367379,0.0268731200750607,0.47597767748804
ACAN,Aggrecan core protein,Mental health,X20544#6.Mental health problems ever diagnosed by a professional_Panic attacks,15932,0.0203711535341055,0.0197357114841399,-0.0183108409748087,0.0590531480430196,0.301995252906086
ACAN,Aggrecan core protein,Mental health,X20546#1.Substances taken for depression_Unprescribed medication (more than once),15931,-0.00606420800308905,0.0241651961616553,-0.0534279924799334,0.0412995764737553,0.80185754072039
ACAN,Aggrecan core protein,Mental health,X20546#3.Substances taken for depression_Medication prescribed to you (for at least two weeks),15931,0.00841901063261487,0.00955466405138324,-0.0103081309080963,0.027146152173326,0.37825456407435
ACAN,Aggrecan core protein,Mental health,X20546#4.Substances taken for depression_Drugs or alcohol (more than once),15931,-0.0228070559921072,0.0165892263680623,-0.0553219396735094,0.00970782768929495,0.169209304146749
ACAN,Aggrecan core protein,Mental health,X20548#1.Manifestations of mania or irritability_I was more talkative than usual,15942,-0.0208514788492241,0.0214405496473593,-0.0628749561580484,0.0211719984596003,0.330804009705018
ACAN,Aggrecan core protein,Mental health,X20548#2.Manifestations of mania or irritability_I was more restless than usual,15942,-0.0186741360193578,0.0138815076928088,-0.045881891097263,0.00853361905854738,0.178562786948707
ACAN,Aggrecan core protein,Mental health,X20548#3.Manifestations of mania or irritability_My thoughts were racing,15942,-0.0107742863784191,0.0153970563054846,-0.040952516737169,0.0194039439803308,0.484085704004737
ACAN,Aggrecan core protein,Mental health,X20548#5.Manifestations of mania or irritability_I needed less sleep than usual,15942,0.00447098606464268,0.0244175552752197,-0.0433874222747879,0.0523293944040732,0.8547176545446
ACAN,Aggrecan core protein,Mental health,X20548#6.Manifestations of mania or irritability_I was more creative or had more ideas than usual,15942,0.000668631077314745,0.0279151009335489,-0.054044966752441,0.0553822289070705,0.980890951045279
ACAN,Aggrecan core protein,Mental health,X20548#7.Manifestations of mania or irritability_I was easily distracted,15942,-0.0241209016616144,0.0162375956583301,-0.0559465891519414,0.00770478582871266,0.137431975364514
ACAN,Aggrecan core protein,Mental health,X20548#8.Manifestations of mania or irritability_I was more confident than usual,15942,0.000625577900647945,0.0278186392638045,-0.0538989550564088,0.0551501108577047,0.982059185503742
ACAN,Aggrecan core protein,Mental health,X20548#9.Manifestations of mania or irritability_I was more active than usual,15942,-0.00406261277336627,0.0207514354624926,-0.0447354262798518,0.0366102007331193,0.844788757194287
ACAN,Aggrecan core protein,Mental health,X20549#1.Substances taken for anxiety_Unprescribed medication (more than once),15944,-0.0310486901672768,0.0274902594947485,-0.0849295987769838,0.0228322184424302,0.258727870642163
ACAN,Aggrecan core protein,Mental health,X20549#3.Substances taken for anxiety_Medication prescribed to you (for at least two weeks),15944,0.000806780426753325,0.0128263188865903,-0.0243328045909636,0.0259463654444703,0.94984661553352
ACAN,Aggrecan core protein,Mental health,X20549#4.Substances taken for anxiety_Drugs or alcohol (more than once),15944,-0.0195324876391686,0.0191121530225061,-0.0569923075632806,0.0179273322849434,0.306799707522694
ACAN,Aggrecan core protein,Mental health,X20553#4.Methods of self-harm used_Ingesting a medication in excess of the normal dose,15945,-0.0240282792292757,0.0325276110239543,-0.0877823968362261,0.0397258383776747,0.460097585533472
ACAN,Aggrecan core protein,Diet and food preferences,X20600.Liking for adding salt to foods,18441,-0.0984829650118186,0.0420635954497826,-0.180927612093393,-0.0160383179302447,0.0192279732637682
ACAN,Aggrecan core protein,Diet and food preferences,X20601.Liking for aniseed,18441,-0.0538639689811223,0.0416969304536897,-0.135589952670354,0.0278620147081095,0.196443669790134
ACAN,Aggrecan core protein,Diet and food preferences,X20602.Liking for apple juice,18441,0.0438789354741308,0.0418899292021887,-0.0382253257621591,0.125983196710421,0.294891200202388
ACAN,Aggrecan core protein,Diet and food preferences,X20603.Liking for apples,18441,-0.00145123627705738,0.0429840327429753,-0.085699940453289,0.0827974678991742,0.973067130412494
ACAN,Aggrecan core protein,Diet and food preferences,X20604.Liking for asparagus,18441,-0.291460137524307,0.0425299595440516,-0.374818858230648,-0.208101416817966,7.45766831838044e-12
ACAN,Aggrecan core protein,Diet and food preferences,X20605.Liking for aubergine,18441,-0.197888437409483,0.0419454525785865,-0.280101524463512,-0.115675350355453,2.40209669096126e-06
ACAN,Aggrecan core protein,Diet and food preferences,X20606.Liking for avocados,18441,-0.254876846281232,0.0424566800677652,-0.338091939214052,-0.171661753348412,1.97066943386256e-09
ACAN,Aggrecan core protein,Diet and food preferences,X20607.Liking for bacon,18441,-0.0933666322989231,0.0424413425682613,-0.176551663732715,-0.0101816008651309,0.0278264949576573
ACAN,Aggrecan core protein,Diet and food preferences,X20608.Liking for baked or steamed fish,18441,-0.0649033859910596,0.0425325625523755,-0.148267208593716,0.0184604366115964,0.127034673670424
ACAN,Aggrecan core protein,Diet and food preferences,X20609.Liking for bananas,18441,0.0838781258889384,0.0432771446343487,-0.000945077594384933,0.168701329372262,0.0526186987954087
ACAN,Aggrecan core protein,Diet and food preferences,X20610.Liking for barbequed or grilled meat,18441,-0.158864675140837,0.041998944236263,-0.241182605843912,-0.0765467444377617,0.00015569736846821
ACAN,Aggrecan core protein,Diet and food preferences,X20611.Liking for beef steak,18441,-0.211245727869174,0.0422000098616823,-0.293957747198071,-0.128533708540276,5.61374692089178e-07
ACAN,Aggrecan core protein,Diet and food preferences,X20612.Liking for beetroot,18441,-0.057130438310114,0.0426845735760318,-0.140792202519136,0.0265313258989082,0.180771876250588
ACAN,Aggrecan core protein,Diet and food preferences,X20613.Liking for bell pepper,18441,-0.181001383314358,0.0420262233086684,-0.263372780999348,-0.0986299856293682,1.66439373977324e-05
ACAN,Aggrecan core protein,Diet and food preferences,X20614.Liking for bicycling,18441,-0.0110242259286143,0.0416973983339564,-0.0927511266631688,0.0707026748059402,0.791485131794734
ACAN,Aggrecan core protein,Diet and food preferences,X20615.Liking for biscuits,18441,0.180922438335688,0.0421134016677706,0.0983801710668574,0.263464705604518,1.74737783998406e-05
ACAN,Aggrecan core protein,Diet and food preferences,X20616.Liking for bitter foods,18441,-0.209384190169212,0.0419768600568479,-0.291658835880634,-0.12710954445779,6.15354116108954e-07
ACAN,Aggrecan core protein,Diet and food preferences,X20617.Liking for bitter or ale,18441,-0.178150119075122,0.0428182852754723,-0.262073958215048,-0.0942262799351963,3.18840503571634e-05
ACAN,Aggrecan core protein,Diet and food preferences,X20618.Liking for black olives,18441,-0.216061267616636,0.0421942929333953,-0.298762081766091,-0.133360453467181,3.07588225121836e-07
ACAN,Aggrecan core protein,Diet and food preferences,X20619.Liking for black pepper,18441,-0.194217482830038,0.0425185066738416,-0.277553755910768,-0.110881209749308,4.95984258564667e-06
ACAN,Aggrecan core protein,Diet and food preferences,X20620.Liking for blue cheese,18441,-0.203662933338311,0.0420346207150952,-0.286050789939898,-0.121275076736725,1.27562045207224e-06
ACAN,Aggrecan core protein,Diet and food preferences,X20621.Liking for bolognese sauce,18441,-0.114133656815544,0.042217523995171,-0.19688000384608,-0.0313873097850092,0.0068683356047023
ACAN,Aggrecan core protein,Diet and food preferences,X20622.Liking for broad beans,18441,-0.0738221594348902,0.0420481996379013,-0.156236630725177,0.00859231185539641,0.0791638445147015
ACAN,Aggrecan core protein,Diet and food preferences,X20623.Liking for broccoli,18441,-0.0578262690207097,0.0433137009440934,-0.142721122871133,0.0270685848297134,0.181874121628376
ACAN,Aggrecan core protein,Diet and food preferences,X20624.Liking for brown rice,18441,-0.033008850203068,0.0421829379160329,-0.115687408518492,0.0496697081123565,0.433921079363276
ACAN,Aggrecan core protein,Diet and food preferences,X20625.Liking for brussel sprouts,18441,-0.0728687922780539,0.0424278042050624,-0.156027288519976,0.0102897039638685,0.0859088014750855
ACAN,Aggrecan core protein,Diet and food preferences,X20626.Liking for burgers (meat),18441,-0.0503999527591706,0.0418988678730066,-0.132521733790263,0.0317218282719224,0.229032287930368
ACAN,Aggrecan core protein,Diet and food preferences,X20627.Liking for burn of spicy foods,18441,-0.224584142938547,0.0420486619340884,-0.306999520329361,-0.142168765547734,9.35047746229685e-08
ACAN,Aggrecan core protein,Diet and food preferences,X20628.Liking for butter on bread,18441,0.0734692628333162,0.0425638227688184,-0.00995582979356788,0.1568943554602,0.0843468353865625
ACAN,Aggrecan core protein,Diet and food preferences,X20629.Liking for butternut squash,18441,-0.101233566531515,0.041916744569865,-0.18339038588845,-0.0190767471745793,0.0157401151606399
ACAN,Aggrecan core protein,Diet and food preferences,X20630.Liking for cabbage,18441,-0.0660487014763089,0.0424266477934549,-0.149204931151481,0.0171075281988628,0.119541338067893
ACAN,Aggrecan core protein,Diet and food preferences,X20631.Liking for cake,18441,0.267061028099915,0.0420660735052192,0.184611524029685,0.349510532170144,2.22348618343162e-10
ACAN,Aggrecan core protein,Diet and food preferences,X20632.Liking for cake icing,18441,0.211416971767564,0.0418849134628317,0.129322541380414,0.293511402154714,4.51732135239324e-07
ACAN,Aggrecan core protein,Diet and food preferences,X20633.Liking for capers,18441,-0.321160395879611,0.0418597521423837,-0.403205510078683,-0.239115281680539,1.77343575465708e-14
ACAN,Aggrecan core protein,Diet and food preferences,X20634.Liking for cauliflower,18441,-0.0859602942675274,0.0428751842349008,-0.169995655367933,-0.0019249331671219,0.0449887513465657
ACAN,Aggrecan core protein,Diet and food preferences,X20635.Liking for cereal or granola bar,18441,0.0362354691082292,0.0416882708058753,-0.0454735416712864,0.117944479887745,0.384748757548246
ACAN,Aggrecan core protein,Diet and food preferences,X20636.Liking for cheesecake,18441,0.217242304269276,0.0421016350072708,0.134723099655025,0.299761508883527,2.49580298926904e-07
ACAN,Aggrecan core protein,Diet and food preferences,X20637.Liking for cherries,18441,-0.0972975267437936,0.0443174110234918,-0.184159652349838,-0.0104354011377497,0.0281423617636701
ACAN,Aggrecan core protein,Diet and food preferences,X20638.Liking for chicken,18441,-0.0524416597742953,0.044040652396349,-0.138761338471139,0.0338780189225488,0.233764833692431
ACAN,Aggrecan core protein,Diet and food preferences,X20639.Liking for chilli pepper,18441,-0.2883659184895,0.0418225116233334,-0.370338041271233,-0.206393795707766,5.56137590558138e-12
ACAN,Aggrecan core protein,Diet and food preferences,X20640.Liking for chips or french fries,18441,0.0319420162172005,0.0422161830254922,-0.0508017025127642,0.114685734947165,0.449281444636444
ACAN,Aggrecan core protein,Diet and food preferences,X20641.Liking for cigarette smoking,18441,-0.219566175992716,0.0682180436265199,-0.353273541500695,-0.0858588104847368,0.00129043839869944
ACAN,Aggrecan core protein,Diet and food preferences,X20642.Liking for cod,18441,-0.0513794141095366,0.0431567987002874,-0.1359667395621,0.0332079113430266,0.233853939984141
ACAN,Aggrecan core protein,Diet and food preferences,X20643.Liking for coffee with sugar,18441,0.0341781568675108,0.0457840310948053,-0.0555585440783077,0.123914857813329,0.455369979084352
ACAN,Aggrecan core protein,Diet and food preferences,X20644.Liking for coffee without sugar,18441,-0.089065004279133,0.0426566116935125,-0.172671963198418,-0.00545804535984845,0.0368157700041292
ACAN,Aggrecan core protein,Diet and food preferences,X20645.Liking for coriander,18441,-0.217784799480212,0.0422825069209043,-0.300658513045185,-0.13491108591524,2.62181082678001e-07
ACAN,Aggrecan core protein,Diet and food preferences,X20646.Liking for corn flakes,18441,0.110304982218075,0.0419464289887443,0.0280899814001365,0.192519983036014,0.00855405227481169
ACAN,Aggrecan core protein,Diet and food preferences,X20647.Liking for cream,18441,0.0486179697065771,0.0420622131701371,-0.0338239681068916,0.131059907520046,0.247754003278949
ACAN,Aggrecan core protein,Diet and food preferences,X20648.Liking for croissant,18441,0.0516633169581584,0.0419630724328529,-0.0305843050102333,0.13391093892655,0.218278208324878
ACAN,Aggrecan core protein,Diet and food preferences,X20649.Liking for cucumber,18441,-0.0878288997545962,0.0423286675708153,-0.170793088193394,-0.00486471131579821,0.0380071419130693
ACAN,Aggrecan core protein,Diet and food preferences,X20650.Liking for curry,18441,-0.278517938943959,0.0423922628686117,-0.361606774166437,-0.19542910372148,5.16554961280217e-11
ACAN,Aggrecan core protein,Diet and food preferences,X20651.Liking for dairy products,18441,0.134306526842053,0.0425226915344456,0.0509620514345393,0.217651002249566,0.00158857311147338
ACAN,Aggrecan core protein,Diet and food preferences,X20652.Liking for dark chocolate,18441,-0.0896498279681832,0.0423472355212029,-0.172650409589741,-0.00664924634662556,0.0342717530438581
ACAN,Aggrecan core protein,Diet and food preferences,X20653.Liking for diet fizzy drinks,18441,-0.108698074367784,0.0432744290138107,-0.193515955234853,-0.023880193500715,0.0120191241446299
ACAN,Aggrecan core protein,Diet and food preferences,X20654.Liking for dried fruit,18441,0.074156423947602,0.0421647143120774,-0.00848641610406965,0.156799263999274,0.0786396778212282
ACAN,Aggrecan core protein,Diet and food preferences,X20655.Liking for eggs,18441,-0.00759012862129115,0.0433091521697656,-0.0924760668740317,0.0772958096314494,0.860881501325026
ACAN,Aggrecan core protein,Diet and food preferences,X20656.Liking for exercising alone,18441,0.0194328302619553,0.0419984685792917,-0.0628841681534563,0.101749828677367,0.643582514572912
ACAN,Aggrecan core protein,Diet and food preferences,X20657.Liking for exercising with others,18441,0.00929590276774642,0.0418986322467784,-0.0728254164359393,0.0914172219714322,0.824420271860761
ACAN,Aggrecan core protein,Diet and food preferences,X20658.Liking for extra virgin olive oil,18441,-0.181262553219296,0.0425574550149213,-0.264675165048542,-0.0978499413900506,2.06137413892577e-05
ACAN,Aggrecan core protein,Diet and food preferences,X20659.Liking for fatty foods,18441,-0.0710453056304299,0.0418498442039704,-0.153071000270212,0.0109803890093522,0.0895956179761984
ACAN,Aggrecan core protein,Diet and food preferences,X20660.Liking for fresh tomatoes,18441,-0.154577347472025,0.0449252314031575,-0.242630801022213,-0.0665238939218361,0.000581349625605033
ACAN,Aggrecan core protein,Diet and food preferences,X20661.Liking for fried chicken,18441,0.0125806086545966,0.0418634088215818,-0.0694716726357038,0.094632889944897,0.76378726833208
ACAN,Aggrecan core protein,Diet and food preferences,X20662.Liking for fried or battered fish,18441,-0.00554611709143084,0.0420772097376031,-0.0880174481771329,0.0769252139942712,0.895137518898025
ACAN,Aggrecan core protein,Diet and food preferences,X20663.Liking for fruit,18441,0.0321180285274332,0.0466840481229973,-0.0593827057936415,0.123618762848508,0.491469493057448
ACAN,Aggrecan core protein,Diet and food preferences,X20664.Liking for garlic,18441,-0.220495868650716,0.0425160436012684,-0.303827314109202,-0.13716442319223,2.1692301205419e-07
ACAN,Aggrecan core protein,Diet and food preferences,X20665.Liking for gherkins,18441,-0.24356584348672,0.0418141666878222,-0.325521610194852,-0.161610076778589,5.80777062499563e-09
ACAN,Aggrecan core protein,Diet and food preferences,X20666.Liking for globe artichoke,18441,-0.272843450829035,0.0421333760644243,-0.355424867915306,-0.190262033742763,9.67532358703159e-11
ACAN,Aggrecan core protein,Diet and food preferences,X20667.Liking for goat's cheese,18441,-0.167173879959623,0.0417767350420155,-0.249056280641973,-0.0852914792772727,6.3161076514267e-05
ACAN,Aggrecan core protein,Diet and food preferences,X20668.Liking for going to a cafe,18441,0.0236997445234555,0.0423920423416943,-0.0593886584662653,0.106788147513176,0.576126775646467
ACAN,Aggrecan core protein,Diet and food preferences,X20669.Liking for going to the gym,18441,-0.111027328662786,0.0417445271013939,-0.192846601781517,-0.0292080555440535,0.00782812562498082
ACAN,Aggrecan core protein,Diet and food preferences,X20670.Liking for going to the pub,18441,-0.1828015935826,0.0419963477935988,-0.265114435258054,-0.100488751907146,1.35135623717722e-05
ACAN,Aggrecan core protein,Diet and food preferences,X20671.Liking for grapefruit,18441,-0.0393968805797347,0.0416732407475164,-0.121076432444867,0.0422826712853975,0.344479365274536
ACAN,Aggrecan core protein,Diet and food preferences,X20672.Liking for green olives,18441,-0.228890629889608,0.0421888654140623,-0.31158080610117,-0.146200453678046,5.85608593186433e-08
ACAN,Aggrecan core protein,Diet and food preferences,X20673.Liking for haddock,18441,0.00705584832003066,0.0429821648705791,-0.0771891948263044,0.0913008914663657,0.869608892819917
ACAN,Aggrecan core protein,Diet and food preferences,X20674.Liking for ham,18441,-0.0715607270357609,0.0423846274978388,-0.154634596931525,0.0115131428600031,0.0913580892926279
ACAN,Aggrecan core protein,Diet and food preferences,X20675.Liking for hard cheese,18441,-0.00409911094070121,0.0429989011245569,-0.0883769571448327,0.0801787352634302,0.924053277047013
ACAN,Aggrecan core protein,Diet and food preferences,X20676.Liking for herring,18441,-0.0756488189685034,0.0418306666080432,-0.157636925520268,0.00633928758326123,0.0705522367795438
ACAN,Aggrecan core protein,Diet and food preferences,X20677.Liking for honey,18441,0.0856195849229736,0.0420513787860392,0.00319888250233684,0.16804028734361,0.0417575235239266
ACAN,Aggrecan core protein,Diet and food preferences,X20678.Liking for horseradish or wasabi,18441,-0.217801908129715,0.0420062624530185,-0.300134182537631,-0.135469633721798,2.18314977301494e-07
ACAN,Aggrecan core protein,Diet and food preferences,X20679.Liking for ice cream,18441,0.108464852777142,0.0424364273262775,0.0252894552176377,0.191640250336645,0.0105981709105803
ACAN,Aggrecan core protein,Diet and food preferences,X20680.Liking for jam,18441,0.119212349606836,0.0419500233353355,0.0369903038695785,0.201434395344094,0.00449130118995032
ACAN,Aggrecan core protein,Diet and food preferences,X20681.Liking for kiwi fruit,18441,-0.00353572049246505,0.0420169712973833,-0.0858889842353364,0.0788175432504062,0.932938230508619
ACAN,Aggrecan core protein,Diet and food preferences,X20682.Liking for lager,18441,-0.0629420836195227,0.0421934569045331,-0.145641259152408,0.0197570919133623,0.135781858525768
ACAN,Aggrecan core protein,Diet and food preferences,X20683.Liking for lamb,18441,-0.162567239882941,0.0422687111570466,-0.245413913750752,-0.0797205660151294,0.000120445328440526
ACAN,Aggrecan core protein,Diet and food preferences,X20684.Liking for lemons,18441,-0.155898196106602,0.042235469429046,-0.238679716187532,-0.073116676025672,0.000223870764534788
ACAN,Aggrecan core protein,Diet and food preferences,X20685.Liking for lentils or beans,18441,-0.170962684519659,0.0423289281104668,-0.253927383616174,-0.0879979854231443,5.39179956284784e-05
ACAN,Aggrecan core protein,Diet and food preferences,X20686.Liking for liver,18441,-0.0544609102014478,0.0420318348805671,-0.136843306567359,0.0279214861644638,0.19509295294348
ACAN,Aggrecan core protein,Diet and food preferences,X20687.Liking for mackerel,18441,-0.05871154523603,0.0420670907319233,-0.1411630430706,0.0237399525985396,0.162832373378651
ACAN,Aggrecan core protein,Diet and food preferences,X20688.Liking for marzipan,18441,0.0452310018042457,0.041931634143902,-0.0369550011178023,0.127417004726294,0.28074254541726
ACAN,Aggrecan core protein,Diet and food preferences,X20689.Liking for mayonnaise,18441,-0.017085703508267,0.041884872099783,-0.0991800528238417,0.0650086458073077,0.68333668635718
ACAN,Aggrecan core protein,Diet and food preferences,X20690.Liking for melon,18441,-0.00811929136484773,0.0433602083447631,-0.0931052997205835,0.076866716990888,0.851465016456382
ACAN,Aggrecan core protein,Diet and food preferences,X20691.Liking for milk chocolate,18441,0.181476723160585,0.0422943844485823,0.0985797296413633,0.264373716679806,1.78939157223936e-05
ACAN,Aggrecan core protein,Diet and food preferences,X20692.Liking for mushrooms,18441,-0.158836926931152,0.0433396173620828,-0.243782576960835,-0.0738912769014702,0.000248095011770762
ACAN,Aggrecan core protein,Diet and food preferences,X20694.Liking for orange juice,18441,0.0148329686575124,0.0420857381485324,-0.0676550781136111,0.0973210154286358,0.724507510801565
ACAN,Aggrecan core protein,Diet and food preferences,X20695.Liking for oranges,18441,-0.0243874927429433,0.042886431982363,-0.108444899428375,0.0596699139424882,0.569598669344401
ACAN,Aggrecan core protein,Diet and food preferences,X20696.Liking for pasta,18441,0.092423996437428,0.0425389373900515,0.00904767915292698,0.175800313721929,0.0298162352664057
ACAN,Aggrecan core protein,Diet and food preferences,X20697.Liking for pears,18441,0.0269335670052688,0.0428120187214056,-0.0569779896886862,0.110845123699224,0.529283349587662
ACAN,Aggrecan core protein,Diet and food preferences,X20698.Liking for pizza,18441,0.0738084103749578,0.0419899608762348,-0.00849191294246236,0.156108733692378,0.0788044095457747
ACAN,Aggrecan core protein,Diet and food preferences,X20699.Liking for plain yogurt,18441,-0.0356056992527301,0.0420502680069393,-0.118024224546331,0.0468128260408709,0.397150326174164
ACAN,Aggrecan core protein,Diet and food preferences,X20700.Liking for plums,18441,-0.0670786263511058,0.043058072284512,-0.151472448028749,0.0173151953265377,0.119282641399604
ACAN,Aggrecan core protein,Diet and food preferences,X20701.Liking for pollock,18441,-0.111120541721345,0.0417750499477504,-0.192999639618936,-0.0292414438237542,0.00782143738848826
ACAN,Aggrecan core protein,Diet and food preferences,X20702.Liking for pork chop,18441,-0.080142376648477,0.0419505176471495,-0.16236539123689,0.00208063793993608,0.0560969128641304
ACAN,Aggrecan core protein,Diet and food preferences,X20703.Liking for porridge,18441,0.147688838127575,0.0428063916838729,0.0637883104271844,0.231589365827966,0.000561512457334739
ACAN,Aggrecan core protein,Diet and food preferences,X20704.Liking for potato crisps,18441,-0.0379449975520019,0.0420623975331742,-0.120387296717023,0.0444973016130195,0.367009121481423
ACAN,Aggrecan core protein,Diet and food preferences,X20705.Liking for potatoes,18441,0.0541383101604772,0.0425824480065091,-0.0293232879322807,0.137599908253235,0.203610906114709
ACAN,Aggrecan core protein,Diet and food preferences,X20706.Liking for prawns,18441,-0.197323209848359,0.0425814387326713,-0.280782829764395,-0.113863589932324,3.61090367542472e-06
ACAN,Aggrecan core protein,Diet and food preferences,X20707.Liking for raw carrots,18441,-0.0952202542971955,0.0424093051417425,-0.178342492375011,-0.0120980162193801,0.0247627485073758
ACAN,Aggrecan core protein,Diet and food preferences,X20708.Liking for red meat,18441,-0.145555457232113,0.0420632081674623,-0.227999345240339,-0.0631115692238874,0.00054059846692124
ACAN,Aggrecan core protein,Diet and food preferences,X20709.Liking for red wine,18441,-0.225563188358217,0.0421886954478881,-0.308253031436078,-0.142873345280356,9.07239585515422e-08
ACAN,Aggrecan core protein,Diet and food preferences,X20710.Liking for regular (non-diet) fizzy drinks,18441,0.0789839303370141,0.0433543703824036,-0.00599063561249695,0.163958496286525,0.0684982636375267
ACAN,Aggrecan core protein,Diet and food preferences,X20711.Liking for roast chicken,18441,-0.0746678085167247,0.044010888112299,-0.160929149216831,0.0115935321833814,0.0897937825345077
ACAN,Aggrecan core protein,Diet and food preferences,X20712.Liking for salad dressing,18441,-0.087917948244907,0.0419002584589994,-0.170042454824546,-0.00579344166526828,0.0358951125917246
ACAN,Aggrecan core protein,Diet and food preferences,X20713.Liking for salad leaves,18441,-0.098987308986347,0.0429015863044436,-0.183074418143057,-0.0149001998296374,0.0210485134678025
ACAN,Aggrecan core protein,Diet and food preferences,X20714.Liking for salami,18441,-0.210620247660672,0.0418538858827264,-0.292653863990815,-0.128586631330528,4.89258902147279e-07
ACAN,Aggrecan core protein,Diet and food preferences,X20715.Liking for salmon,18441,-0.00463339855703504,0.0440553923483315,-0.0909819675597649,0.0817151704456948,0.916240386472717
ACAN,Aggrecan core protein,Diet and food preferences,X20716.Liking for salty foods,18441,-0.162046552757871,0.0417163704290157,-0.243810638798741,-0.080282466717,0.000102906124238004
ACAN,Aggrecan core protein,Diet and food preferences,X20717.Liking for salty pretzels,18441,-0.0672870624298021,0.0418820328551687,-0.149375846825933,0.0148017219663285,0.108162490279852
ACAN,Aggrecan core protein,Diet and food preferences,X20718.Liking for sardines,18441,-0.0788054373045688,0.0421094094407499,-0.161339879808439,0.00372900519930092,0.0612992871162462
ACAN,Aggrecan core protein,Diet and food preferences,X20719.Liking for sausages (meat),18441,-0.122346415024316,0.0420674834293742,-0.204798682545889,-0.0398941475027423,0.00363790659526733
ACAN,Aggrecan core protein,Diet and food preferences,X20720.Liking for savoury biscuits,18441,0.00556777530132417,0.0422292313597462,-0.0772015181637783,0.0883370687664267,0.895107165744533
ACAN,Aggrecan core protein,Diet and food preferences,X20721.Liking for shellfish (other than prawns),18441,-0.32237751399547,0.0418188973229058,-0.404342552748365,-0.240412475242575,1.33342328524694e-14
ACAN,Aggrecan core protein,Diet and food preferences,X20722.Liking for skimmed milk,18441,-0.0308836185540347,0.0416534623175711,-0.112524404696474,0.0507571675884047,0.458435054421624
ACAN,Aggrecan core protein,Diet and food preferences,X20723.Liking for smoked fish,18441,-0.0946317157897949,0.0421882970703725,-0.177320778047725,-0.0119426535318647,0.0249035114048822
ACAN,Aggrecan core protein,Diet and food preferences,X20724.Liking for soft cheese,18441,-0.129252958758455,0.0420455404387002,-0.211662218018308,-0.046843699498603,0.00211434530580402
ACAN,Aggrecan core protein,Diet and food preferences,X20725.Liking for soy sauce,18441,-0.246100328291832,0.0420039563860717,-0.328428082808533,-0.163772573775131,4.73654876781083e-09
ACAN,Aggrecan core protein,Diet and food preferences,X20726.Liking for soya milk,18441,-0.03623090525275,0.0421994213715122,-0.118941771140914,0.0464799606354139,0.390592263620748
ACAN,Aggrecan core protein,Diet and food preferences,X20727.Liking for spicy foods,18441,-0.280497947380634,0.0421208232396619,-0.363054760930371,-0.197941133830896,2.82777488198747e-11
ACAN,Aggrecan core protein,Diet and food preferences,X20728.Liking for spinach,18441,-0.206262488156475,0.0425973647130656,-0.289753322994083,-0.122771653318866,1.29489184253695e-06
ACAN,Aggrecan core protein,Diet and food preferences,X20729.Liking for spirits,18441,-0.264409713294808,0.0417691317020657,-0.346277211430857,-0.18254221515876,2.50393173856641e-10
ACAN,Aggrecan core protein,Diet and food preferences,X20730.Liking for strawberries,18441,-1.73137486979012e-05,0.0460302102336146,-0.0902365258065825,0.0902018983091867,0.999699888728093
ACAN,Aggrecan core protein,Diet and food preferences,X20731.Liking for sweet coffee house drinks,18441,0.0342708408005171,0.0430420926408486,-0.0500916607755461,0.11863334237658,0.425916248991148
ACAN,Aggrecan core protein,Diet and food preferences,X20732.Liking for sweet foods,18441,0.2048806149007,0.0418710770719344,0.122813303839709,0.286947925961692,1.00083460253419e-06
ACAN,Aggrecan core protein,Diet and food preferences,X20733.Liking for taking the stairs,18441,0.0689655603511275,0.0427566596221937,-0.0148374925083723,0.152768613210627,0.106766374077686
ACAN,Aggrecan core protein,Diet and food preferences,X20734.Liking for tea with sugar,18441,0.0836972982874416,0.0508929909590908,-0.0160529639923764,0.18344756056726,0.100074723492512
ACAN,Aggrecan core protein,Diet and food preferences,X20735.Liking for tea without sugar,18441,0.0817140234178338,0.0440131361876017,-0.00455172350986562,0.167979770345533,0.0633865155918295
ACAN,Aggrecan core protein,Diet and food preferences,X20736.Liking for tomato ketchup,18441,-0.0243050631392296,0.0417871459425237,-0.106207869186576,0.0575977429081169,0.560816512625656
ACAN,Aggrecan core protein,Diet and food preferences,X20737.Liking for tinned tuna,18441,0.0773708242614097,0.0421489296367847,-0.00524107782668827,0.159982726349508,0.066425052953349
ACAN,Aggrecan core protein,Diet and food preferences,X20738.Liking for turnip (white),18441,0.00050896723514226,0.0419389187735305,-0.0816913135609775,0.082709248031262,0.990317308361589
ACAN,Aggrecan core protein,Diet and food preferences,X20739.Liking for vegetables,18441,-0.076201172459668,0.0462799740406429,-0.166909921579328,0.0145075766599921,0.0996726085429316
ACAN,Aggrecan core protein,Diet and food preferences,X20740.Liking for vinegar,18441,-0.119441486846941,0.0418947610713292,-0.201555218546747,-0.0373277551471363,0.00436319618894275
ACAN,Aggrecan core protein,Diet and food preferences,X20741.Liking for watching television,18441,0.0572237539920425,0.0425085466269543,-0.0260929973967879,0.140540505380873,0.178264085150306
ACAN,Aggrecan core protein,Diet and food preferences,X20742.Liking for whisky,18441,-0.175595327849558,0.0434445627347488,-0.260746670809666,-0.0904439848894505,5.32522479423285e-05
ACAN,Aggrecan core protein,Diet and food preferences,X20743.Liking for white bread,18441,0.0786515213313189,0.041635341314922,-0.00295374764592825,0.160256790308566,0.0588999240390005
ACAN,Aggrecan core protein,Diet and food preferences,X20744.Liking for white rice,18441,-0.00996002337556148,0.0420695099206866,-0.0924162628201071,0.0724962160689842,0.8128521421844
ACAN,Aggrecan core protein,Diet and food preferences,X20745.Liking for white wine,18441,-0.146021529546959,0.0421724703947574,-0.228679571520683,-0.0633634875732341,0.000536427511822136
ACAN,Aggrecan core protein,Diet and food preferences,X20746.Liking for whole grain breakfast cereal,18441,0.114555608729648,0.0423070960938072,0.0316337003857858,0.19747751707351,0.00678104492058033
ACAN,Aggrecan core protein,Diet and food preferences,X20747.Liking for whole milk,18441,0.136306087218046,0.0417454962809065,0.0544849145074694,0.218127259928623,0.00109598636885609
ACAN,Aggrecan core protein,Diet and food preferences,X20748.Liking for wholemeal bread,18441,0.0145171056966943,0.0436926092143108,-0.0711204083633548,0.100154619756743,0.739700189389819
ACAN,Aggrecan core protein,Diet and food preferences,X20749.Liking for working up a sweat,18441,0.0078442680557096,0.0421626861545215,-0.0747945968071526,0.0904831329185718,0.852409454745838
ACAN,Aggrecan core protein,Physical measures,X21001.Body mass index (BMI),50778,0.000358727054164233,0.00616733202453255,-0.0117292437139196,0.012446697822248,0.953616887633749
ACAN,Aggrecan core protein,Physical measures,X21002.Weight,50817,0.0280121569587822,0.00347284363017208,0.0212053834436449,0.0348189304739195,7.41785796106827e-16
ACAN,Aggrecan core protein,Physical measures,X21021.Pulse wave Arterial Stiffness index,16955,0.00448940099039505,0.00253848462511468,-0.000486028874829729,0.00946483085561983,0.0769893617175908
ACAN,Aggrecan core protein,Health and medical history,X21025.Frequency of discomfort or pain in abdomen in last 3 months,17616,-0.124665143955188,0.0450403637487039,-0.212944256902648,-0.0363860310077283,0.00564857326492366
ACAN,Aggrecan core protein,Health and medical history,X21033.Frequency of hard or lumpy stools in the last 3 months,17632,0.064117283033263,0.0468103368660499,-0.0276309772241948,0.155865543290721,0.170790258863418
ACAN,Aggrecan core protein,Health and medical history,X21034.Frequency of loose or mushy or watery stools in the last 3 months,17634,0.141826137246423,0.046158181839024,0.0513561008419364,0.23229617365091,0.00212518719493122
ACAN,Aggrecan core protein,Health and medical history,X21040.Satisfaction with bowel habits,17558,-0.0873538439942174,0.0428503637812142,-0.171340557005397,-0.00336713098303755,0.0415070498824634
ACAN,Aggrecan core protein,Health and medical history,X21041.Degree to which abdominal pain or discomfort or altered bowel habits affect or interfere with life in general,17539,-0.0179733159127446,0.0453675963809396,-0.106893804819386,0.070947172993897,0.691983873541972
ACAN,Aggrecan core protein,Health and medical history,X21042.Greatest number of times bowels opened per day,17549,-0.0907866507934687,0.0460947684229641,-0.181132396902478,-0.000440904684459009,0.048903942846798
ACAN,Aggrecan core protein,Health and medical history,X21043.Least number of times bowels opened per week,17420,0.0571540231485413,0.0459303909137837,-0.0328695430424747,0.147177589339557,0.213383197981102
ACAN,Aggrecan core protein,Health and medical history,X21044.Average number of times bowels opened per day,17486,-0.0213826394906845,0.0514739917725715,-0.122271663364925,0.0795063843835557,0.677849328562554
ACAN,Aggrecan core protein,Health and medical history,X21048.Degree bothered by back pain in the past 3 months,17643,-0.0940542315821128,0.0464119601952878,-0.185021673564877,-0.00308678959934876,0.0427277281781707
ACAN,Aggrecan core protein,Health and medical history,X21049.Degree bothered by pain in arms or legs or joints in the past 3 months,17633,-0.0532815148279453,0.0466736975479965,-0.144761962022018,0.038198932366128,0.253646338142878
ACAN,Aggrecan core protein,Health and medical history,X21050.Degree bothered by menstrual cramps or other problems with period in the last 3 months,9921,0.146404161594539,0.0725146564964578,0.00427543486148124,0.288532888327596,0.043518305711626
ACAN,Aggrecan core protein,Health and medical history,X21051.Degree bothered by headaches in the last 3 months,17639,0.0396269053159167,0.0506066763731224,-0.0595621803754032,0.138815991007236,0.433615845298374
ACAN,Aggrecan core protein,Health and medical history,X21052.Degree bothered by chest pain in the last 3 months,17635,0.0672952833693096,0.0703870745541753,-0.0706633827568739,0.205253949495493,0.339047740583173
ACAN,Aggrecan core protein,Health and medical history,X21053.Degree bothered by dizziness in the last 3 months,17636,0.0581665066679585,0.0548046455851158,-0.0492505986788685,0.165583612014785,0.288548765126827
ACAN,Aggrecan core protein,Health and medical history,X21054.Degree bothered by fainting spells in the last 3 months,17634,-0.171280068994028,0.13567467589898,-0.437202433756028,0.0946422957679728,0.206810045740262
ACAN,Aggrecan core protein,Health and medical history,X21055.Degree bothered by feeling heart pound or race in the last 3 months,17642,0.0318925481437022,0.0531874737585831,-0.0723549004231207,0.136139996710525,0.548763774081884
ACAN,Aggrecan core protein,Health and medical history,X21056.Degree bothered by shortness of breath in the last 3 months,17638,0.168836156823499,0.053267902892274,0.0644310671546421,0.273241246492356,0.00152927608802927
ACAN,Aggrecan core protein,Health and medical history,X21057.Degree bothered by pain or problems during intercourse in the last 3 months,17232,0.116417323669826,0.04840758253868,0.0215384618940132,0.211296185445639,0.0161856153433037
ACAN,Aggrecan core protein,Health and medical history,X21058.Degree bothered by urinary frequency or bladder irritability in the last 3 months,17633,0.131912892638806,0.0476040839292592,0.0386088881374578,0.225216897140154,0.0055935879503277
ACAN,Aggrecan core protein,Health and medical history,X21059.Degree bothered by nausea in the last 3 months,17639,0.00372521122316121,0.0691188914612893,-0.131747816040966,0.139198238487288,0.957018871342657
ACAN,Aggrecan core protein,Health and medical history,X21060.Degree bothered by feeling tired all the time in the last 3 months,17642,0.140110410184278,0.0465343062529739,0.048903169928449,0.231317650440107,0.00260838531701396
ACAN,Aggrecan core protein,Health and medical history,X21061.Degree bothered by trouble sleeping in the last 3 months,17639,0.0971527393730481,0.046465970152254,0.00607943787463025,0.188226040871466,0.0365570233592095
ACAN,Aggrecan core protein,Working and living environment,X21100.Water hardness (USGS classification),50500,-0.0643421312331394,0.0267627744810479,-0.116797169215993,-0.0118870932502855,0.0162130255720224
ACAN,Aggrecan core protein,Lifestyle factors,X2139.Age first had sexual intercourse,44056,0.00266184929884297,0.00158870978469531,-0.000452021879159842,0.00577572047684577,0.0938474585433044
ACAN,Aggrecan core protein,Health and medical history,X2149.Lifetime number of sexual partners,40880,-0.164889828495559,0.030366653445776,-0.22440846924928,-0.105371187741838,5.6686080052797e-08
ACAN,Aggrecan core protein,Physical activities,X22032.IPAQ activity group,40834,0.113438737550974,0.0295885531443561,0.0554451733880359,0.171432301713912,0.000126330816170871
ACAN,Aggrecan core protein,Physical activities,X22033.Summed days activity,41917,0.00217988606212102,0.00154862338732726,-0.000855415777040403,0.00521518790128244,0.159248589338106
ACAN,Aggrecan core protein,Physical activities,X22034.Summed minutes activity,40834,0.00797628085618412,0.0015616665461143,0.00491541442580009,0.0110371472865682,3.27838544491708e-07
ACAN,Aggrecan core protein,Physical activities,X22037.MET minutes per week for walking,39088,0.005857542062941,0.00159197789154123,0.00273726539552019,0.00897781873036181,0.000234086469139346
ACAN,Aggrecan core protein,Physical activities,X22038.MET minutes per week for moderate activity,40834,0.00673996375761061,0.0015643329060462,0.00367387126176006,0.00980605625346117,1.64732508371331e-05
ACAN,Aggrecan core protein,Physical activities,X22039.MET minutes per week for vigorous activity,40834,0.0275454897142687,0.0295217974970871,-0.030317233380022,0.0854082128085593,0.350796584322554
ACAN,Aggrecan core protein,Physical activities,X22040.Summed MET minutes per week for all activity,39088,0.00720891034355661,0.00159769977273612,0.00407741878899381,0.0103404018981194,6.43892221006791e-06
ACAN,Aggrecan core protein,Eye measures,X2217.Age started wearing glasses or contact lenses,43343,0.000729975807373751,0.00153397690098165,-0.00227661891855028,0.00373657053329778,0.634168364470621
ACAN,Aggrecan core protein,Working and living environment,X22501.Year ended full time education,12359,-0.0104513808431144,0.00699529278644641,-0.0241621547045494,0.00325939301832055,0.135185731144385
ACAN,Aggrecan core protein,Lifestyle factors,X22506.Tobacco smoking,12279,0.288066660773844,0.11160948670494,0.0693120668321606,0.506821254715527,0.00986230602149024
ACAN,Aggrecan core protein,Lifestyle factors,X2277.Frequency of solarium or sunlamp use,47658,-0.127443095725794,0.0699988800183369,-0.264640900561734,0.00975470911014678,0.0686671408030537
ACAN,Aggrecan core protein,Physical measures,X23098.Weight,49965,0.0288713709905449,0.00349789682342599,0.02201549321663,0.0357272487644599,1.56983311928636e-16
ACAN,Aggrecan core protein,Physical measures,X23099.Body fat percentage,49936,-0.0319974783656446,0.00335803094732628,-0.0385792190224041,-0.0254157377088851,1.66210513443764e-21
ACAN,Aggrecan core protein,Physical measures,X23100.Whole body fat mass,49889,-0.0116434355465535,0.00324403892969799,-0.0180017518487616,-0.00528511924434544,0.000332039224831163
ACAN,Aggrecan core protein,Physical measures,X23101.Whole body fat-free mass,49959,0.0325727116429012,0.0029214322930453,0.0268467043485324,0.03829871893727,7.78270136676332e-29
ACAN,Aggrecan core protein,Physical measures,X23102.Whole body water mass,49965,0.0326510821969717,0.00292553366343186,0.0269170362166452,0.0383851281772981,6.86719705184545e-29
ACAN,Aggrecan core protein,Physical measures,X23104.Body mass index (BMI),49965,0.00177225201607134,0.00618546388740364,-0.0103512572032398,0.0138957612353825,0.774481944430344
ACAN,Aggrecan core protein,Physical measures,X23105.Basal metabolic rate,49963,0.0328905742441119,0.00312690797946393,0.0267618346043626,0.0390193138838612,7.5507563879598e-26
ACAN,Aggrecan core protein,Physical measures,X23106.Impedance of whole body,49959,-0.0192502181628595,0.00239324472893337,-0.0239409778315689,-0.0145594584941501,8.91656648274101e-16
ACAN,Aggrecan core protein,Physical measures,X23107.Impedance of leg (right),49962,-0.0126119720032228,0.00195368061149915,-0.0164411860017611,-0.00878275800468444,1.08853096995484e-10
ACAN,Aggrecan core protein,Physical measures,X23108.Impedance of leg (left),49961,-0.0118327996402464,0.00194020676509648,-0.0156356048998355,-0.00802999438065727,1.07695798173457e-09
ACAN,Aggrecan core protein,Physical measures,X23109.Impedance of arm (right),49954,-0.0181647763330988,0.00238546224479294,-0.022840282332893,-0.0134892703333046,2.68770351137764e-14
ACAN,Aggrecan core protein,Physical measures,X23110.Impedance of arm (left),49960,-0.0190586339811012,0.00238895418474413,-0.0237409841831996,-0.0143762837790027,1.52091027210355e-15
ACAN,Aggrecan core protein,Physical measures,X23111.Leg fat percentage (right),49961,-0.0374302679767397,0.00405910000169351,-0.045386103980059,-0.0294744319734204,3.04519810551189e-20
ACAN,Aggrecan core protein,Physical measures,X23112.Leg fat mass (right),49960,-0.0146329023890582,0.00432404609710921,-0.0231080327393923,-0.00615777203872418,0.000714730026795679
ACAN,Aggrecan core protein,Physical measures,X23113.Leg fat-free mass (right),49959,0.0348598380047811,0.00305798807167646,0.0288661813842952,0.040853494625267,4.57624354350325e-30
ACAN,Aggrecan core protein,Physical measures,X23114.Leg predicted mass (right),49958,0.0349793098487025,0.00307310748808083,0.0289560191720641,0.0410026005253409,5.57269097553191e-30
ACAN,Aggrecan core protein,Physical measures,X23115.Leg fat percentage (left),49955,-0.0361985615502279,0.00423173157080966,-0.0444927554290149,-0.027904367671441,1.22127863704223e-17
ACAN,Aggrecan core protein,Physical measures,X23116.Leg fat mass (left),49955,-0.00909670890163497,0.00451170325335554,-0.0179396472782118,-0.000253770525058117,0.0437794798944975
ACAN,Aggrecan core protein,Physical measures,X23117.Leg fat-free mass (left),49952,0.0341474631305896,0.00319310166464354,0.0278889838678882,0.0404059423932909,1.15882940854953e-26
ACAN,Aggrecan core protein,Physical measures,X23118.Leg predicted mass (left),49951,0.0337841394260881,0.00320889300227403,0.027494709141631,0.0400735697105452,6.81183776544975e-26
ACAN,Aggrecan core protein,Physical measures,X23119.Arm fat percentage (right),49951,-0.041425446919628,0.003729239655065,-0.0487347566435554,-0.0341161371957006,1.23530313216233e-28
ACAN,Aggrecan core protein,Physical measures,X23120.Arm fat mass (right),49946,-0.00292574765146244,0.00369844780783116,-0.0101747053548115,0.00432321005188663,0.428904291636186
ACAN,Aggrecan core protein,Physical measures,X23121.Arm fat-free mass (right),49947,0.041083213981325,0.00294090377262968,0.0353190425869708,0.0468473853756792,2.89631078595985e-44
ACAN,Aggrecan core protein,Physical measures,X23122.Arm predicted mass (right),49946,0.0416564165564792,0.00294441133941336,0.035885370331229,0.0474274627817294,2.3643575583617e-45
ACAN,Aggrecan core protein,Physical measures,X23123.Arm fat percentage (left),49941,-0.0390708994433168,0.00382228449870316,-0.046562577060775,-0.0315792218258586,1.67309755906915e-24
ACAN,Aggrecan core protein,Physical measures,X23124.Arm fat mass (left),49940,-0.00337774533714965,0.00368822007262066,-0.0106066566794861,0.00385116600518683,0.359765787733201
ACAN,Aggrecan core protein,Physical measures,X23125.Arm fat-free mass (left),49936,0.0406324263835509,0.00299827658648609,0.0347558042740381,0.0465090484930636,9.15079604425162e-42
ACAN,Aggrecan core protein,Physical measures,X23126.Arm predicted mass (left),49933,0.039731969581396,0.0030080489801855,0.0338361935802324,0.0456277455825596,9.13401097766594e-40
ACAN,Aggrecan core protein,Physical measures,X23127.Trunk fat percentage,49929,-0.0179372028967549,0.00240868099959357,-0.0226582176559583,-0.0132161881375515,9.70957755863796e-14
ACAN,Aggrecan core protein,Physical measures,X23128.Trunk fat mass,49926,-0.0125919853201862,0.00265090062410434,-0.0177877505434307,-0.00739622009694166,2.03902317672757e-06
ACAN,Aggrecan core protein,Physical measures,X23129.Trunk fat-free mass,49919,0.0252557339088392,0.00265106561274155,0.0200596453078657,0.0304518225098126,1.69452897368098e-21
ACAN,Aggrecan core protein,Physical measures,X23130.Trunk predicted mass,49914,0.0249612645264124,0.00265248305814864,0.019762397732441,0.0301601313203837,5.13865082951057e-21
ACAN,Aggrecan core protein,NMR metabolomics,X23400.Total Cholesterol,29192,0.0460642997839563,0.00190969070153524,0.0423213060089472,0.0498072935589653,2.63968263454202e-127
ACAN,Aggrecan core protein,NMR metabolomics,X23401.Total Cholesterol Minus HDL-C,29192,0.0446193828879623,0.00185060955366018,0.0409921881627884,0.0482465776131363,3.40102285373761e-127
ACAN,Aggrecan core protein,NMR metabolomics,"X23402.Remnant Cholesterol (Non-HDL, Non-LDL -Cholesterol)",29192,0.0461901223520028,0.00185284714788738,0.0425585419421435,0.049821702761862,9.46328831958184e-136
ACAN,Aggrecan core protein,NMR metabolomics,X23403.VLDL Cholesterol,29192,0.0400877134413622,0.00186119041299374,0.0364397802318944,0.0437356466508299,4.2190879276777e-102
ACAN,Aggrecan core protein,NMR metabolomics,X23404.Clinical LDL Cholesterol,29192,0.0434359400260074,0.00185395008991832,0.0398021978497675,0.0470696822022473,2.80623787627214e-120
ACAN,Aggrecan core protein,NMR metabolomics,X23405.LDL Cholesterol,29192,0.0416472867471881,0.00184962626698983,0.0380220192638881,0.0452725542304882,2.54012973423089e-111
ACAN,Aggrecan core protein,NMR metabolomics,X23406.HDL Cholesterol,29192,0.0165621725412242,0.00216900400408244,0.0123109246932227,0.0208134203892258,2.31199711691297e-14
ACAN,Aggrecan core protein,NMR metabolomics,X23407.Total Triglycerides,29192,0.0124900606628663,0.0019840881309731,0.00860124792615906,0.0163788733995736,3.11540779630988e-10
ACAN,Aggrecan core protein,NMR metabolomics,X23408.Triglycerides in VLDL,29192,0.0122119527454948,0.001998832715911,0.00829424062230922,0.0161296648686803,1.01180202983106e-09
ACAN,Aggrecan core protein,NMR metabolomics,X23409.Triglycerides in LDL,29192,0.0140465962879269,0.00192303783528035,0.0102774421307774,0.0178157504450764,2.85678885080543e-13
ACAN,Aggrecan core protein,NMR metabolomics,X23410.Triglycerides in HDL,29192,0.00843449514649005,0.00191398974831162,0.00468307523979927,0.0121859150531808,1.05301743473372e-05
ACAN,Aggrecan core protein,NMR metabolomics,X23411.Total Phospholipids in Lipoprotein Particles,29192,0.0369429733282965,0.00194557353404309,0.033129649201572,0.0407562974550209,6.48258062820877e-80
ACAN,Aggrecan core protein,NMR metabolomics,X23412.Phospholipids in VLDL,29192,0.0302396489168113,0.00191039617460648,0.0264952724145826,0.03398402541904,3.36612116216254e-56
ACAN,Aggrecan core protein,NMR metabolomics,X23413.Phospholipids in LDL,29192,0.0405502687611494,0.00184640214704056,0.0369313205529499,0.0441692169693489,4.83938023375019e-106
ACAN,Aggrecan core protein,NMR metabolomics,X23414.Phospholipids in HDL,29192,0.0093669370020414,0.00209453388176302,0.00526165059378588,0.0134722234102969,7.77519849234761e-06
ACAN,Aggrecan core protein,NMR metabolomics,X23415.Total Esterified Cholesterol,29192,0.0454290579627456,0.00192006500970757,0.0416657305437188,0.0491923853817725,1.32708490496436e-122
ACAN,Aggrecan core protein,NMR metabolomics,X23416.Cholesteryl Esters in VLDL,29192,0.0434764502867505,0.00184820668653858,0.0398539651811349,0.0470989353923661,3.15163415295023e-121
ACAN,Aggrecan core protein,NMR metabolomics,X23417.Cholesteryl Esters in LDL,29192,0.0408851760304242,0.00184630787107347,0.0372664126031202,0.0445039394577282,9.15997953520875e-108
ACAN,Aggrecan core protein,NMR metabolomics,X23418.Cholesteryl Esters in HDL,29192,0.015331278367122,0.00216198762803302,0.0110937826161773,0.0195687741180667,1.35891624867812e-12
ACAN,Aggrecan core protein,NMR metabolomics,X23419.Total Free Cholesterol,29192,0.0468463581780689,0.00188584016291568,0.0431501114587542,0.0505426048973836,8.13827402542919e-135
ACAN,Aggrecan core protein,NMR metabolomics,X23420.Free Cholesterol in VLDL,29192,0.0346323624308884,0.00188988406579558,0.030928189661929,0.0383365351998477,1.36853603637095e-74
ACAN,Aggrecan core protein,NMR metabolomics,X23421.Free Cholesterol in LDL,29192,0.0425203760032965,0.00186770311315257,0.0388596779015175,0.0461810741050756,9.74627839805465e-114
ACAN,Aggrecan core protein,NMR metabolomics,X23422.Free Cholesterol in HDL,29192,0.0195555820228649,0.00216670355546329,0.0153088430541568,0.0238023209915729,1.89584688830246e-19
ACAN,Aggrecan core protein,NMR metabolomics,X23423.Total Lipids in Lipoprotein Particles,29192,0.0389245484281531,0.00187545132000794,0.0352486638409375,0.0426004330153687,5.39945269476194e-95
ACAN,Aggrecan core protein,NMR metabolomics,X23424.Total Lipids in VLDL,29192,0.0253692325781037,0.00193739828995628,0.0215719319297894,0.029166533226418,4.56384089227457e-39
ACAN,Aggrecan core protein,NMR metabolomics,X23425.Total Lipids in LDL,29192,0.0408505061048255,0.00184750760010677,0.0372293912086162,0.0444716210010347,1.88713838983252e-107
ACAN,Aggrecan core protein,NMR metabolomics,X23426.Total Lipids in HDL,29192,0.0137733148177576,0.00212309950876667,0.00961203978057498,0.0179345898549403,8.87501305480208e-11
ACAN,Aggrecan core protein,NMR metabolomics,X23427.Total Concentration of Lipoprotein Particles,29192,0.0241408790292237,0.00198905170763107,0.0202423376822668,0.0280394203761806,8.12597706589274e-34
ACAN,Aggrecan core protein,NMR metabolomics,X23428.Concentration of VLDL Particles,29192,0.034141107983005,0.00188070102578632,0.0304549339724638,0.0378272819935462,3.05671453842624e-73
ACAN,Aggrecan core protein,NMR metabolomics,X23429.Concentration of LDL Particles,29192,0.0431461841033855,0.00184092814756083,0.0395379649341662,0.0467544032726047,2.31619384025294e-120
ACAN,Aggrecan core protein,NMR metabolomics,X23430.Concentration of HDL Particles,29192,0.0175390041978794,0.00199867529725581,0.013621600615258,0.0214564077805008,1.79528906155211e-18
ACAN,Aggrecan core protein,NMR metabolomics,X23431.Average Diameter for VLDL Particles,29192,0.00443993496132941,0.002077766468157,0.00036751268374169,0.00851235723891713,0.0326161482921188
ACAN,Aggrecan core protein,NMR metabolomics,X23432.Average Diameter for LDL Particles,29192,0.00811432709228436,0.00194381531042083,0.00430444908385954,0.0119242051007092,2.99594520665026e-05
ACAN,Aggrecan core protein,NMR metabolomics,X23433.Average Diameter for HDL Particles,29192,0.00978523598911907,0.00221877509106922,0.0054364368106234,0.0141340351676147,1.03645507799558e-05
ACAN,Aggrecan core protein,NMR metabolomics,X23434.Phosphoglycerides,29168,0.0284368452788848,0.0019643403836568,0.0245867381269174,0.0322869524308521,2.48880731226235e-47
ACAN,Aggrecan core protein,NMR metabolomics,X23435.Triglycerides to Phosphoglycerides ratio,29168,6.89063105418385e-05,0.00210689748649139,-0.00406061276298129,0.00419842538406497,0.973909974097836
ACAN,Aggrecan core protein,NMR metabolomics,X23436.Total Cholines,29168,0.0332754652849671,0.00197912517750879,0.0293963799370499,0.0371545506328843,3.87634105599544e-63
ACAN,Aggrecan core protein,NMR metabolomics,X23437.Phosphatidylcholines,29168,0.0291257164587065,0.00198882470038854,0.025227620045945,0.033023812871468,2.16479135489758e-48
ACAN,Aggrecan core protein,NMR metabolomics,X23438.Sphingomyelins,29167,0.0376969237147928,0.00198922409904318,0.0337980444806682,0.0415958029489174,1.31644421001014e-79
ACAN,Aggrecan core protein,NMR metabolomics,X23439.Apolipoprotein B,29192,0.0438305097498431,0.00184290904412139,0.0402184080233651,0.047442611476321,7.51395263185228e-124
ACAN,Aggrecan core protein,NMR metabolomics,X23440.Apolipoprotein A1,29192,0.0143702364998168,0.00206706326864454,0.0103187924932735,0.0184216805063601,3.67701171011395e-12
ACAN,Aggrecan core protein,NMR metabolomics,X23441.Apolipoprotein B to Apolipoprotein A1 ratio,29192,0.0323345979276505,0.00189047676888244,0.0286292634606409,0.0360399323946601,2.88805434170129e-65
ACAN,Aggrecan core protein,NMR metabolomics,X23442.Total Fatty Acids,29168,0.0265888974827031,0.00188891617626818,0.0228866217772175,0.0302911731881887,7.45489102353786e-45
ACAN,Aggrecan core protein,NMR metabolomics,X23443.Degree of Unsaturation,29168,0.0037680683443057,0.00204668371947697,-0.000243431745869155,0.00777956843448055,0.0656228623844179
ACAN,Aggrecan core protein,NMR metabolomics,X23444.Omega-3 Fatty Acids,29168,0.00516005150754191,0.00193127254231595,0.00137475732460264,0.00894534569048117,0.00754784978789085
ACAN,Aggrecan core protein,NMR metabolomics,X23445.Omega-6 Fatty Acids,29168,0.0392008369598003,0.00188369230672137,0.0355088000386264,0.0428928738809742,1.71720276548479e-95
ACAN,Aggrecan core protein,NMR metabolomics,X23446.Polyunsaturated Fatty Acids,29168,0.034989091901832,0.00189563143695714,0.031273654285396,0.038704529518268,1.21998453515042e-75
ACAN,Aggrecan core protein,NMR metabolomics,X23447.Monounsaturated Fatty Acids,29168,0.0196190018253731,0.00193896930335889,0.0158186219907897,0.0234193816599565,5.02366125992852e-24
ACAN,Aggrecan core protein,NMR metabolomics,X23448.Saturated Fatty Acids,29168,0.0225511253169591,0.00190029545541273,0.0188265462243502,0.026275704409568,2.08186927530048e-32
ACAN,Aggrecan core protein,NMR metabolomics,X23449.Linoleic Acid,29168,0.0440223882531466,0.00187214176907985,0.0403529903857501,0.0476917861205431,3.90106040555721e-121
ACAN,Aggrecan core protein,NMR metabolomics,X23450.Docosahexaenoic Acid,29168,0.00337101186574232,0.00198457363310601,-0.000518752455145472,0.0072607761866301,0.0894038126698839
ACAN,Aggrecan core protein,NMR metabolomics,X23451.Omega-3 Fatty Acids to Total Fatty Acids percentage,29168,-0.0091847446666035,0.00194609852088066,-0.0129990977675296,-0.0053703915656774,2.37442145488416e-06
ACAN,Aggrecan core protein,NMR metabolomics,X23452.Omega-6 Fatty Acids to Total Fatty Acids percentage,29168,0.00777658210463779,0.00202782536095752,0.00380204439716106,0.0117511198121145,0.000125860710799686
ACAN,Aggrecan core protein,NMR metabolomics,X23453.Polyunsaturated Fatty Acids to Total Fatty Acids percentage,29168,0.00491982086633232,0.00206616712234934,0.000870133306527612,0.00896950842613703,0.0172658120099883
ACAN,Aggrecan core protein,NMR metabolomics,X23454.Monounsaturated Fatty Acids to Total Fatty Acids percentage,29168,-0.00227391442097745,0.00210157006609672,-0.00639299175052703,0.00184516290857213,0.279258176957879
ACAN,Aggrecan core protein,NMR metabolomics,X23455.Saturated Fatty Acids to Total Fatty Acids percentage,29168,-0.00500583027087889,0.00190239037622538,-0.00873451540828063,-0.00127714513347715,0.00850943971519256
ACAN,Aggrecan core protein,NMR metabolomics,X23456.Linoleic Acid to Total Fatty Acids percentage,29168,0.0350800067096591,0.00201483610258878,0.0311309279485851,0.0390290854707331,1.50073048135919e-67
ACAN,Aggrecan core protein,NMR metabolomics,X23457.Docosahexaenoic Acid to Total Fatty Acids percentage,29168,-0.013196973489465,0.00199282698986512,-0.0171029143896007,-0.00929103258932939,3.5994713215628e-11
ACAN,Aggrecan core protein,NMR metabolomics,X23458.Polyunsaturated Fatty Acids to Monounsaturated Fatty Acids ratio,29168,0.00323608100521164,0.00210288641452789,-0.000885576367263028,0.00735773837768631,0.123845473830823
ACAN,Aggrecan core protein,NMR metabolomics,X23459.Omega-6 Fatty Acids to Omega-3 Fatty Acids ratio,29166,0.0110458148678926,0.00192604664343472,0.00727076344676051,0.0148208662890246,9.84941875835003e-09
ACAN,Aggrecan core protein,NMR metabolomics,X23460.Alanine,29182,-0.0113728305227931,0.00188710187387125,-0.0150715501955807,-0.00767411085000543,1.69438878554959e-09
ACAN,Aggrecan core protein,NMR metabolomics,X23461.Glutamine,29098,0.0174898844120565,0.00187632664657501,0.0138122841847694,0.0211674846393435,1.22744885439075e-20
ACAN,Aggrecan core protein,NMR metabolomics,X23462.Glycine,29157,0.0286320110559302,0.00197772532266136,0.0247556694235139,0.0325083526883465,2.46387638844212e-47
ACAN,Aggrecan core protein,NMR metabolomics,X23463.Histidine,29155,0.00355499985364708,0.00186832200644446,-0.000106911278984058,0.00721691098627823,0.0570795159488079
ACAN,Aggrecan core protein,NMR metabolomics,X23464.Total Concentration of Branched-Chain Amino Acids (Leucine + Isoleucine + Valine),29172,-0.0213837700900999,0.00197510507917816,-0.0252549760452891,-0.0175125641349107,2.90071693218257e-27
ACAN,Aggrecan core protein,NMR metabolomics,X23465.Isoleucine,29186,-0.0184574515306456,0.00192791617199236,-0.0222361672277506,-0.0146787358335406,1.10913791814478e-21
ACAN,Aggrecan core protein,NMR metabolomics,X23466.Leucine,29187,-0.0199171746550374,0.00196991140440917,-0.0237782010076794,-0.0160561483023955,5.4254781961907e-24
ACAN,Aggrecan core protein,NMR metabolomics,X23467.Valine,29172,-0.0212494991507321,0.00197905944097622,-0.0251284556550455,-0.0173705426464187,7.6446483037204e-27
ACAN,Aggrecan core protein,NMR metabolomics,X23468.Phenylalanine,29180,-0.00693276616610859,0.00188765014645356,-0.0106325604531576,-0.0032329718790596,0.000240433215898989
ACAN,Aggrecan core protein,NMR metabolomics,X23469.Tyrosine,29159,-0.000895533075002482,0.0019178651353877,-0.00465454874036237,0.0028634825903574,0.640544383237499
ACAN,Aggrecan core protein,NMR metabolomics,X23470.Glucose,29139,-0.0121107256947847,0.00189920282187399,-0.0158331632256577,-0.00838828816391166,1.83605278245683e-10
ACAN,Aggrecan core protein,NMR metabolomics,X23471.Lactate,29140,-0.00221821515097085,0.0018804407361924,-0.00590387899390795,0.00146744869196625,0.238158977803252
ACAN,Aggrecan core protein,NMR metabolomics,X23472.Pyruvate,29097,-0.00769566187197459,0.00187806868176587,-0.0113766764882357,-0.00401464725571348,4.18502391644221e-05
ACAN,Aggrecan core protein,NMR metabolomics,X23473.Citrate,29187,0.0235401902014191,0.00190075265205076,0.0198147150033996,0.0272656653994386,3.8780212575396e-35
ACAN,Aggrecan core protein,NMR metabolomics,X23474.3-Hydroxybutyrate,28717,-0.00624349233925447,0.00190612472504908,-0.00997949680035066,-0.00250748787815828,0.00105603872356766
ACAN,Aggrecan core protein,NMR metabolomics,X23475.Acetate,29166,0.00501853411057425,0.00187424546470374,0.00134501299975493,0.00869205522139357,0.00741868108691164
ACAN,Aggrecan core protein,NMR metabolomics,X23476.Acetoacetate,29190,-0.0104761760160439,0.00187642992530261,-0.014153978669637,-0.00679837336245076,2.38455827356215e-08
ACAN,Aggrecan core protein,NMR metabolomics,X23477.Acetone,29190,-0.0114620183761544,0.00187416079177644,-0.0151353735280362,-0.00778866322427257,9.72846014838035e-10
ACAN,Aggrecan core protein,NMR metabolomics,X23478.Creatinine,28453,0.048347812145873,0.00220804073293053,0.0440200523093291,0.0526755719824168,2.0980417039442e-105
ACAN,Aggrecan core protein,NMR metabolomics,X23479.Albumin,29188,0.0140666130534417,0.00189883213012512,0.0103449020783965,0.017788324028487,1.3165510632998e-13
ACAN,Aggrecan core protein,NMR metabolomics,X23480.Glycoprotein Acetyls,29192,0.00245065068780463,0.00199869502104232,-0.00146679155343831,0.00636809292904757,0.220161392396877
ACAN,Aggrecan core protein,NMR metabolomics,X23481.Concentration of Chylomicrons and Extremely Large VLDL Particles,29192,0.00860198059236924,0.00200966545087678,0.00466303630865074,0.0125409248760877,1.87232517128715e-05
ACAN,Aggrecan core protein,NMR metabolomics,X23482.Total Lipids in Chylomicrons and Extremely Large VLDL,29192,0.0092884229973894,0.00200439726235396,0.00535980436317563,0.0132170416316032,3.60176445887793e-06
ACAN,Aggrecan core protein,NMR metabolomics,X23483.Phospholipids in Chylomicrons and Extremely Large VLDL,29192,0.00778035639873465,0.00201609933152122,0.00382880170895305,0.0117319110885162,0.000114043879214616
ACAN,Aggrecan core protein,NMR metabolomics,X23484.Cholesterol in Chylomicrons and Extremely Large VLDL,29192,0.0140309871210061,0.00199655145748719,0.0101177462643312,0.017944227977681,2.14711371928905e-12
ACAN,Aggrecan core protein,NMR metabolomics,X23485.Cholesteryl Esters in Chylomicrons and Extremely Large VLDL,29192,0.0165024624080088,0.00198751709725148,0.0126069288973959,0.0203979959186217,1.05803007461359e-16
ACAN,Aggrecan core protein,NMR metabolomics,X23486.Free Cholesterol in Chylomicrons and Extremely Large VLDL,29192,0.0107848028834512,0.00199890592878299,0.0068669472630365,0.0147026585038658,6.89209075075139e-08
ACAN,Aggrecan core protein,NMR metabolomics,X23487.Triglycerides in Chylomicrons and Extremely Large VLDL,29192,0.00734620427915066,0.001995306503592,0.00343540353211035,0.011257005026191,0.000232063048073948
ACAN,Aggrecan core protein,NMR metabolomics,X23488.Concentration of Very Large VLDL Particles,29192,0.014001567176741,0.00201454046460648,0.0100530678661123,0.0179500664873697,3.72290492908989e-12
ACAN,Aggrecan core protein,NMR metabolomics,X23489.Total Lipids in Very Large VLDL,29192,0.0141409633850022,0.00201228293079929,0.0101968888406356,0.0180850379293688,2.15153249034871e-12
ACAN,Aggrecan core protein,NMR metabolomics,X23490.Phospholipids in Very Large VLDL,29192,0.0172607544473234,0.00199919639035693,0.0133423295222238,0.021179179372423,6.22892651439934e-18
ACAN,Aggrecan core protein,NMR metabolomics,X23491.Cholesterol in Very Large VLDL,29192,0.0261669904716367,0.00195373185250365,0.0223376760407295,0.0299963049025439,8.73053856705627e-41
ACAN,Aggrecan core protein,NMR metabolomics,X23492.Cholesteryl Esters in Very Large VLDL,29192,0.0308662030770308,0.00192477702622792,0.027093640105624,0.0346387660484375,1.25849449034432e-57
ACAN,Aggrecan core protein,NMR metabolomics,X23493.Free Cholesterol in Very Large VLDL,29192,0.0202636246123651,0.0019817753318816,0.0163793449618771,0.024147904262853,1.68559129623176e-24
ACAN,Aggrecan core protein,NMR metabolomics,X23494.Triglycerides in Very Large VLDL,29192,0.00727539057151636,0.00203256193515145,0.00329156917861952,0.0112592119644132,0.000344917570085839
ACAN,Aggrecan core protein,NMR metabolomics,X23495.Concentration of Large VLDL Particles,29192,0.0174031185115722,0.00198829728095561,0.0135060558408992,0.0213001811822452,2.19172113621542e-18
ACAN,Aggrecan core protein,NMR metabolomics,X23496.Total Lipids in Large VLDL,29192,0.0170707227725305,0.00198457471344657,0.0131809563341752,0.0209604892108858,8.24105835042904e-18
ACAN,Aggrecan core protein,NMR metabolomics,X23497.Phospholipids in Large VLDL,29192,0.0164572799433812,0.00199547403833078,0.0125461508282528,0.0203684090585095,1.68744309004292e-16
ACAN,Aggrecan core protein,NMR metabolomics,X23498.Cholesterol in Large VLDL,29192,0.0263898844375323,0.00194381984726823,0.0225799975368866,0.0301997713381781,7.41956100611816e-42
ACAN,Aggrecan core protein,NMR metabolomics,X23499.Cholesteryl Esters in Large VLDL,29192,0.0320090100717054,0.00190591383409542,0.0282734189568784,0.0357446011865324,5.2895740524856e-63
ACAN,Aggrecan core protein,NMR metabolomics,X23500.Free Cholesterol in Large VLDL,29192,0.0202253115918245,0.00198499555426849,0.0163347203054583,0.0241159028781907,2.43652773651158e-24
ACAN,Aggrecan core protein,NMR metabolomics,X23501.Triglycerides in Large VLDL,29192,0.0115066481599838,0.00199465558112441,0.00759712322097996,0.0154161730989876,8.06729843154513e-09
ACAN,Aggrecan core protein,NMR metabolomics,X23502.Concentration of Medium VLDL Particles,29192,0.0390762051635939,0.00186004918061784,0.0354305087695829,0.0427219015576048,2.90446535301243e-97
ACAN,Aggrecan core protein,NMR metabolomics,X23503.Total Lipids in Medium VLDL,29192,0.0339300264501182,0.00187893418011384,0.030247315457095,0.0376127374431413,1.69165965483643e-72
ACAN,Aggrecan core protein,NMR metabolomics,X23504.Phospholipids in Medium VLDL,29192,0.0399282713066608,0.00185506824920908,0.036292337538211,0.0435642050751106,5.78567372944994e-102
ACAN,Aggrecan core protein,NMR metabolomics,X23505.Cholesterol in Medium VLDL,29192,0.0479244220649616,0.00184423475488685,0.0443097219453834,0.0515391221845398,3.37486116326423e-147
ACAN,Aggrecan core protein,NMR metabolomics,X23506.Cholesteryl Esters in Medium VLDL,29192,0.0494829880250172,0.00186168943776683,0.0458340767269942,0.0531318993230401,7.95150653130837e-154
ACAN,Aggrecan core protein,NMR metabolomics,X23507.Free Cholesterol in Medium VLDL,29192,0.043247723625892,0.00184551959301533,0.039630505223582,0.0468649420282021,2.49860415768231e-120
ACAN,Aggrecan core protein,NMR metabolomics,X23508.Triglycerides in Medium VLDL,29192,0.0174041292192973,0.00195702693442904,0.0135683564278164,0.0212399020107783,6.27505638083327e-19
ACAN,Aggrecan core protein,NMR metabolomics,X23509.Concentration of Small VLDL Particles,29192,0.0279360475074244,0.00190659022378509,0.0241991306688056,0.0316729643460431,1.9346122396064e-48
ACAN,Aggrecan core protein,NMR metabolomics,X23510.Total Lipids in Small VLDL,29192,0.029601943210748,0.00189869450863317,0.025880501973827,0.033323384447669,1.39925496645827e-54
ACAN,Aggrecan core protein,NMR metabolomics,X23511.Phospholipids in Small VLDL,29192,0.037589882904667,0.0018618298086927,0.0339406964796293,0.0412390693297047,4.9712705472677e-90
ACAN,Aggrecan core protein,NMR metabolomics,X23512.Cholesterol in Small VLDL,29192,0.040264532338185,0.00185489992195019,0.0366289284911627,0.0439001361852074,1.16340800647923e-103
ACAN,Aggrecan core protein,NMR metabolomics,X23513.Cholesteryl Esters in Small VLDL,29192,0.0385388091784212,0.00186418315924999,0.0348850101862912,0.0421926081705512,2.85949334508049e-94
ACAN,Aggrecan core protein,NMR metabolomics,X23514.Free Cholesterol in Small VLDL,29192,0.0423288292601158,0.00184506611811446,0.0387124996686114,0.0459451588516201,1.88065831870884e-115
ACAN,Aggrecan core protein,NMR metabolomics,X23515.Triglycerides in Small VLDL,29192,0.00959335444887911,0.00196473958478067,0.005742464862709,0.0134442440350492,1.05163170584248e-06
ACAN,Aggrecan core protein,NMR metabolomics,X23516.Concentration of Very Small VLDL Particles,29192,0.0401220108089629,0.00187364642399169,0.0364496638179392,0.0437943577999866,5.94800297906925e-101
ACAN,Aggrecan core protein,NMR metabolomics,X23517.Total Lipids in Very Small VLDL,29192,0.0386760458676474,0.00188092924558729,0.0349894245462964,0.0423626671889985,2.74824824589559e-93
ACAN,Aggrecan core protein,NMR metabolomics,X23518.Phospholipids in Very Small VLDL,29192,0.0355009063945285,0.00188009124864317,0.0318159275471879,0.0391858852418691,4.70528345052934e-79
ACAN,Aggrecan core protein,NMR metabolomics,X23519.Cholesterol in Very Small VLDL,29192,0.0465689140368736,0.00189935939100023,0.0428461696305132,0.0502916584432341,2.02340246061128e-131
ACAN,Aggrecan core protein,NMR metabolomics,X23520.Cholesteryl Esters in Very Small VLDL,29192,0.0480122788205704,0.00191302649365413,0.0442627468930083,0.0517618107481325,1.52574224454722e-137
ACAN,Aggrecan core protein,NMR metabolomics,X23521.Free Cholesterol in Very Small VLDL,29192,0.0415615636924347,0.00187912382845582,0.0378784809886613,0.0452446463962081,1.64220652245373e-107
ACAN,Aggrecan core protein,NMR metabolomics,X23522.Triglycerides in Very Small VLDL,29192,0.0109036134159735,0.00193402116836163,0.00711293192598474,0.0146942949059623,1.73831870422293e-08
ACAN,Aggrecan core protein,NMR metabolomics,X23523.Concentration of IDL Particles,29192,0.0458593489273905,0.00186354090148647,0.042206808760477,0.049511889094304,2.28402611564178e-132
ACAN,Aggrecan core protein,NMR metabolomics,X23524.Total Lipids in IDL,29192,0.0462873097162021,0.00191108827802339,0.0425415766912762,0.0500330427411279,2.51443399965298e-128
ACAN,Aggrecan core protein,NMR metabolomics,X23525.Phospholipids in IDL,29192,0.0473559683602757,0.00191254392469013,0.043607382267883,0.0511045544526683,5.75248600352312e-134
ACAN,Aggrecan core protein,NMR metabolomics,X23526.Cholesterol in IDL,29192,0.0462799290337028,0.00191901923533407,0.042518651332448,0.0500412067349576,2.9639883956518e-127
ACAN,Aggrecan core protein,NMR metabolomics,X23527.Cholesteryl Esters in IDL,29192,0.0450361998197789,0.0019192197680032,0.0412745290744926,0.0487978705650651,1.19499196019688e-120
ACAN,Aggrecan core protein,NMR metabolomics,X23528.Free Cholesterol in IDL,29192,0.0486301002194135,0.00191596282073741,0.0448748130907682,0.0523853873480588,1.35590893476399e-140
ACAN,Aggrecan core protein,NMR metabolomics,X23529.Triglycerides in IDL,29192,0.0141269557479482,0.00191617495108469,0.0103712528438222,0.0178826586520742,1.71933389658637e-13
ACAN,Aggrecan core protein,NMR metabolomics,X23530.Concentration of Large LDL Particles,29192,0.0427837926567742,0.00184463999761748,0.0391682982614439,0.0463992870521045,6.17878685945053e-118
ACAN,Aggrecan core protein,NMR metabolomics,X23531.Total Lipids in Large LDL,29192,0.0421824987290233,0.00186054624003706,0.0385358280985507,0.045829169359496,7.98404773479283e-113
ACAN,Aggrecan core protein,NMR metabolomics,X23532.Phospholipids in Large LDL,29192,0.0430485396665311,0.00185781417412411,0.0394072238852479,0.0466898554478144,1.01967953122853e-117
ACAN,Aggrecan core protein,NMR metabolomics,X23533.Cholesterol in Large LDL,29192,0.0425656565585957,0.00186499719213975,0.0389102620620018,0.0462210510551896,2.69366144049335e-114
ACAN,Aggrecan core protein,NMR metabolomics,X23534.Cholesteryl Esters in Large LDL,29192,0.0414986320762254,0.00185921084927586,0.0378545788116447,0.0451426853408061,1.92701083826863e-109
ACAN,Aggrecan core protein,NMR metabolomics,X23535.Free Cholesterol in Large LDL,29192,0.0445814637393135,0.00188540448303392,0.040886070952567,0.0482768565260599,1.86328843383671e-122
ACAN,Aggrecan core protein,NMR metabolomics,X23536.Triglycerides in Large LDL,29192,0.0138695305713195,0.0019152635116533,0.010115614088479,0.01762344705416,4.54458651654229e-13
ACAN,Aggrecan core protein,NMR metabolomics,X23537.Concentration of Medium LDL Particles,29192,0.0412574756954921,0.00184440156150232,0.0376424486349476,0.0448725027560367,6.63019672685944e-110
ACAN,Aggrecan core protein,NMR metabolomics,X23538.Total Lipids in Medium LDL,29192,0.0376294803185522,0.00184546675990503,0.0340123654691384,0.0412465951679661,8.91897762069013e-92
ACAN,Aggrecan core protein,NMR metabolomics,X23539.Phospholipids in Medium LDL,29192,0.0364022229882935,0.00184450302115231,0.032786997066835,0.040017448909752,3.90083715288944e-86
ACAN,Aggrecan core protein,NMR metabolomics,X23540.Cholesterol in Medium LDL,29192,0.038719447752114,0.00184360278172976,0.0351059862999237,0.0423329092043044,3.29626254317716e-97
ACAN,Aggrecan core protein,NMR metabolomics,X23541.Cholesteryl Esters in Medium LDL,29192,0.0378313343860376,0.00184924825208229,0.0342068078119563,0.0414558609601189,2.28548667340073e-92
ACAN,Aggrecan core protein,NMR metabolomics,X23542.Free Cholesterol in Medium LDL,29192,0.039127443437512,0.00184718906336546,0.0355069528733157,0.0427479340017083,7.75218740731214e-99
ACAN,Aggrecan core protein,NMR metabolomics,X23543.Triglycerides in Medium LDL,29192,0.0138560326352905,0.00193322851897154,0.0100669047381063,0.0176451605324748,7.83055323911569e-13
ACAN,Aggrecan core protein,NMR metabolomics,X23544.Concentration of Small LDL Particles,29192,0.0419118443348777,0.00184277892393343,0.0382999976439682,0.0455236910257872,1.60636375823851e-113
ACAN,Aggrecan core protein,NMR metabolomics,X23545.Total Lipids in Small LDL,29192,0.038438706118236,0.00184294153122563,0.0348265407170338,0.0420508715194383,6.5714405277576e-96
ACAN,Aggrecan core protein,NMR metabolomics,X23546.Phospholipids in Small LDL,29192,0.0350069628723353,0.00184380276822498,0.0313931094466144,0.0386208162980563,6.72265265544739e-80
ACAN,Aggrecan core protein,NMR metabolomics,X23547.Cholesterol in Small LDL,29192,0.0401557742807245,0.00184090183906577,0.0365476066761556,0.0437639418852934,1.19702911983692e-104
ACAN,Aggrecan core protein,NMR metabolomics,X23548.Cholesteryl Esters in Small LDL,29192,0.0404094133887945,0.00184451042203333,0.0367941729616091,0.0440246538159798,1.55028047531582e-105
ACAN,Aggrecan core protein,NMR metabolomics,X23549.Free Cholesterol in Small LDL,29192,0.0361744077189377,0.00184928994652509,0.0325497994237486,0.0397990160141269,1.15518891130696e-84
ACAN,Aggrecan core protein,NMR metabolomics,X23550.Triglycerides in Small LDL,29192,0.0147568410254354,0.00195480527167995,0.0109254226929427,0.0185882593579281,4.51380973915805e-14
ACAN,Aggrecan core protein,NMR metabolomics,X23551.Concentration of Very Large HDL Particles,29192,0.0265441005611255,0.00217681837558948,0.0222775365449701,0.0308106645772808,4.05188693751897e-34
ACAN,Aggrecan core protein,NMR metabolomics,X23552.Total Lipids in Very Large HDL,29192,0.0192440441292526,0.00218923183448795,0.0149531497336562,0.023534938524849,1.57157351005176e-18
ACAN,Aggrecan core protein,NMR metabolomics,X23553.Phospholipids in Very Large HDL,29192,0.0150106330877575,0.00218474783408299,0.0107285273329549,0.0192927388425602,6.51938046248544e-12
ACAN,Aggrecan core protein,NMR metabolomics,X23554.Cholesterol in Very Large HDL,29192,0.0223947297864669,0.00219257757636457,0.0180972777367924,0.0266921818361415,1.88937030470295e-24
ACAN,Aggrecan core protein,NMR metabolomics,X23555.Cholesteryl Esters in Very Large HDL,29192,0.0229032942133268,0.0022168091339227,0.0185583483108384,0.0272482401158153,5.59674067752198e-25
ACAN,Aggrecan core protein,NMR metabolomics,X23556.Free Cholesterol in Very Large HDL,29192,0.0192168981734138,0.00208250789242325,0.0151351827042642,0.0232986136425633,2.9443433795017e-20
ACAN,Aggrecan core protein,NMR metabolomics,X23557.Triglycerides in Very Large HDL,29192,0.0195437555456864,0.00188603785545558,0.0158471213489935,0.0232403897423794,4.0671399502827e-25
ACAN,Aggrecan core protein,NMR metabolomics,X23558.Concentration of Large HDL Particles,29192,0.0184655189076614,0.00225655709346429,0.0140426670044714,0.0228883708108514,2.87898883474746e-16
ACAN,Aggrecan core protein,NMR metabolomics,X23559.Total Lipids in Large HDL,29192,0.0128883992497326,0.00224158537742406,0.00849489190998144,0.0172819065894838,9.0303405926497e-09
ACAN,Aggrecan core protein,NMR metabolomics,X23560.Phospholipids in Large HDL,29192,0.00760184953186772,0.00221688491755959,0.00325675509345093,0.0119469439702845,0.000606494231979392
ACAN,Aggrecan core protein,NMR metabolomics,X23561.Cholesterol in Large HDL,29192,0.0163668234167897,0.00225574988807524,0.0119455536361623,0.0207880931974172,4.09842678773861e-13
ACAN,Aggrecan core protein,NMR metabolomics,X23562.Cholesteryl Esters in Large HDL,29192,0.0165049270021636,0.0022557919600934,0.0120835747603805,0.0209262792439467,2.60712391487991e-13
ACAN,Aggrecan core protein,NMR metabolomics,X23563.Free Cholesterol in Large HDL,29192,0.0154450148236805,0.00224293697589323,0.0110488583509297,0.0198411712964312,5.85174087912187e-12
ACAN,Aggrecan core protein,NMR metabolomics,X23564.Triglycerides in Large HDL,29192,0.0145374385167745,0.00193180995346894,0.0107510910079753,0.0183237860255736,5.41172111891839e-14
ACAN,Aggrecan core protein,NMR metabolomics,X23565.Concentration of Medium HDL Particles,29192,0.0092661001715849,0.0020494946196376,0.00524909071709521,0.0132831096260746,6.17423793133482e-06
ACAN,Aggrecan core protein,NMR metabolomics,X23566.Total Lipids in Medium HDL,29192,0.00589923689687549,0.00202435869213857,0.00193149386028389,0.0098669799334671,0.00356956429061391
ACAN,Aggrecan core protein,NMR metabolomics,X23567.Phospholipids in Medium HDL,29192,0.00366205258556631,0.00200142641365651,-0.000260743185200453,0.00758484835633308,0.0673018185281259
ACAN,Aggrecan core protein,NMR metabolomics,X23568.Cholesterol in Medium HDL,29192,0.00654826858899309,0.00206375822077472,0.00250330247627464,0.0105932347017115,0.0015103806847013
ACAN,Aggrecan core protein,NMR metabolomics,X23569.Cholesteryl Esters in Medium HDL,29192,0.00536678914742094,0.00205683228926188,0.00133539786046765,0.00939818043437422,0.00907872850596639
ACAN,Aggrecan core protein,NMR metabolomics,X23570.Free Cholesterol in Medium HDL,29192,0.0111068610442952,0.00208122498757336,0.00702766006865144,0.015186062019939,9.53621293601386e-08
ACAN,Aggrecan core protein,NMR metabolomics,X23571.Triglycerides in Medium HDL,29192,0.00626816683111057,0.00191554222553332,0.00251370406906528,0.0100226295931559,0.00106812449519297
ACAN,Aggrecan core protein,NMR metabolomics,X23572.Concentration of Small HDL Particles,29192,0.0138346435126705,0.00186271099713761,0.0101837299582808,0.0174855570670602,1.1399217150405e-13
ACAN,Aggrecan core protein,NMR metabolomics,X23573.Total Lipids in Small HDL,29192,0.00861856087633817,0.00187723012785502,0.00493918982574234,0.012297931926934,4.42743059114452e-06
ACAN,Aggrecan core protein,NMR metabolomics,X23574.Phospholipids in Small HDL,29192,0.00579721742196266,0.00188677643152766,0.00209913561616844,0.00949529922775688,0.00212432840600859
ACAN,Aggrecan core protein,NMR metabolomics,X23575.Cholesterol in Small HDL,29192,0.01233282859051,0.00186358932405253,0.00868019351536701,0.0159854636656529,3.70938228567582e-11
ACAN,Aggrecan core protein,NMR metabolomics,X23576.Cholesteryl Esters in Small HDL,29192,0.0100558795400307,0.00185824846381964,0.00641371255094419,0.0136980465291172,6.29968251496072e-08
ACAN,Aggrecan core protein,NMR metabolomics,X23577.Free Cholesterol in Small HDL,29192,0.0177080897102027,0.00189377960199271,0.013996281690297,0.0214198977301084,9.31249571823056e-21
ACAN,Aggrecan core protein,NMR metabolomics,X23578.Triglycerides in Small HDL,29192,0.00292981722579071,0.00200512686824054,-0.00100023143596075,0.00685986588754217,0.143981477800832
ACAN,Aggrecan core protein,NMR metabolomics,X23579.Phospholipids to Total Lipids in Chylomicrons and Extremely Large VLDL percentage,27951,-0.00805156104609403,0.00190718194036039,-0.0117896376492004,-0.00431348444298767,2.43226406806467e-05
ACAN,Aggrecan core protein,NMR metabolomics,X23580.Cholesterol to Total Lipids in Chylomicrons and Extremely Large VLDL percentage,27951,0.0117491457187864,0.00193320287607829,0.00796006808167296,0.0155382233558999,1.23607629338955e-09
ACAN,Aggrecan core protein,NMR metabolomics,X23581.Cholesteryl Esters to Total Lipids in Chylomicrons and Extremely Large VLDL percentage,27951,0.0145104663560017,0.00191393702019372,0.010759149796422,0.0182617829155814,3.52243665839235e-14
ACAN,Aggrecan core protein,NMR metabolomics,X23582.Free Cholesterol to Total Lipids in Chylomicrons and Extremely Large VLDL percentage,27951,0.00360626225326851,0.00195502019681127,-0.000225577332481581,0.00743810183901859,0.0651039435712969
ACAN,Aggrecan core protein,NMR metabolomics,X23583.Triglycerides to Total Lipids in Chylomicrons and Extremely Large VLDL percentage,27951,-0.00752116089301276,0.00190652981872494,-0.0112579593377136,-0.00378436244831186,8.0012238968189e-05
ACAN,Aggrecan core protein,NMR metabolomics,X23584.Phospholipids to Total Lipids in Very Large VLDL percentage,28887,0.0344877104565361,0.00185495692016949,0.0308519948930038,0.0381234260200683,1.04358350357611e-76
ACAN,Aggrecan core protein,NMR metabolomics,X23585.Cholesterol to Total Lipids in Very Large VLDL percentage,28887,0.0268958865472576,0.00203067498043654,0.022915763585602,0.0308760095089132,6.3243690260555e-40
ACAN,Aggrecan core protein,NMR metabolomics,X23586.Cholesteryl Esters to Total Lipids in Very Large VLDL percentage,28887,0.0240958212968372,0.00202928167418018,0.020118429215444,0.0280732133782303,1.92109667231889e-32
ACAN,Aggrecan core protein,NMR metabolomics,X23587.Free Cholesterol to Total Lipids in Very Large VLDL percentage,28887,0.031769012796635,0.00196749734905898,0.0279127179924794,0.0356253076007906,2.15271298046201e-58
ACAN,Aggrecan core protein,NMR metabolomics,X23588.Triglycerides to Total Lipids in Very Large VLDL percentage,28887,-0.0320345324094834,0.00197689880644365,-0.035909254070113,-0.0281598107488539,8.53108308007629e-59
ACAN,Aggrecan core protein,NMR metabolomics,X23589.Phospholipids to Total Lipids in Large VLDL percentage,29187,0.0120990483330429,0.00197483390360822,0.00822837388197083,0.015969722784115,9.09152094018909e-10
ACAN,Aggrecan core protein,NMR metabolomics,X23590.Cholesterol to Total Lipids in Large VLDL percentage,29187,0.0326689339964238,0.00190594527466878,0.028933281258073,0.0364045867347747,1.54977929553226e-65
ACAN,Aggrecan core protein,NMR metabolomics,X23591.Cholesteryl Esters to Total Lipids in Large VLDL percentage,29187,0.0355300834303988,0.00197565284218022,0.0316578038597256,0.0394023630010721,6.36944352717232e-72
ACAN,Aggrecan core protein,NMR metabolomics,X23592.Free Cholesterol to Total Lipids in Large VLDL percentage,29187,0.021596328111724,0.00187174285349663,0.0179277121188706,0.0252649441045774,9.88779095531497e-31
ACAN,Aggrecan core protein,NMR metabolomics,X23593.Triglycerides to Total Lipids in Large VLDL percentage,29187,-0.0295154949569464,0.00185042959104257,-0.0331423369553898,-0.0258886529585029,4.91803706326228e-57
ACAN,Aggrecan core protein,NMR metabolomics,X23594.Phospholipids to Total Lipids in Medium VLDL percentage,29192,0.0436323293813333,0.00194445806450693,0.0398211915748997,0.0474434671877668,1.40534687139138e-110
ACAN,Aggrecan core protein,NMR metabolomics,X23595.Cholesterol to Total Lipids in Medium VLDL percentage,29192,0.0368260238962082,0.00203295071111051,0.0328414405024316,0.0408106072899848,6.14525681555731e-73
ACAN,Aggrecan core protein,NMR metabolomics,X23596.Cholesteryl Esters to Total Lipids in Medium VLDL percentage,29192,0.0338342528268258,0.00204893417490222,0.0298183418440174,0.0378501638096341,5.58832960537063e-61
ACAN,Aggrecan core protein,NMR metabolomics,X23597.Free Cholesterol to Total Lipids in Medium VLDL percentage,29192,0.0427575417021796,0.00198207721478538,0.0388726703612003,0.046642413043159,2.07665926429003e-102
ACAN,Aggrecan core protein,NMR metabolomics,X23598.Triglycerides to Total Lipids in Medium VLDL percentage,29192,-0.0391567601990682,0.00201566196764378,-0.04310745765565,-0.0352060627424864,1.5621704963421e-83
ACAN,Aggrecan core protein,NMR metabolomics,X23599.Phospholipids to Total Lipids in Small VLDL percentage,29192,0.0351883040594497,0.0019797305138036,0.0313080322523946,0.0390685758665048,2.6274297716451e-70
ACAN,Aggrecan core protein,NMR metabolomics,X23600.Cholesterol to Total Lipids in Small VLDL percentage,29192,0.0374380748276067,0.00192158107730307,0.0336717759160927,0.0412043737391207,5.24275246091694e-84
ACAN,Aggrecan core protein,NMR metabolomics,X23601.Cholesteryl Esters to Total Lipids in Small VLDL percentage,29192,0.0346879578832252,0.00187844069287909,0.0310062141251822,0.0383697016412682,1.0413253407527e-75
ACAN,Aggrecan core protein,NMR metabolomics,X23602.Free Cholesterol to Total Lipids in Small VLDL percentage,29192,0.0362898640979516,0.00199072236214078,0.0323880482681557,0.0401916799277476,7.74430487879844e-74
ACAN,Aggrecan core protein,NMR metabolomics,X23603.Triglycerides to Total Lipids in Small VLDL percentage,29192,-0.0373715058044898,0.00193997046118907,-0.0411738479084204,-0.0335691637005592,3.4960345683847e-82
ACAN,Aggrecan core protein,NMR metabolomics,X23604.Phospholipids to Total Lipids in Very Small VLDL percentage,29192,-0.020964875432226,0.00194394763510148,-0.0247750127970249,-0.0171547380674271,4.57339540786213e-27
ACAN,Aggrecan core protein,NMR metabolomics,X23605.Cholesterol to Total Lipids in Very Small VLDL percentage,29192,0.0368011691571417,0.00202108304025681,0.0328398463982383,0.040762491916045,1.12888222259361e-73
ACAN,Aggrecan core protein,NMR metabolomics,X23606.Cholesteryl Esters to Total Lipids in Very Small VLDL percentage,29192,0.0359159404940764,0.00204178668975429,0.031914038582158,0.0399178424059948,6.61906596818615e-69
ACAN,Aggrecan core protein,NMR metabolomics,X23607.Free Cholesterol to Total Lipids in Very Small VLDL percentage,29192,0.0324261065049781,0.00187531007680352,0.0287504987544432,0.036101714255513,1.18136049739145e-66
ACAN,Aggrecan core protein,NMR metabolomics,X23608.Triglycerides to Total Lipids in Very Small VLDL percentage,29192,-0.0358549178073847,0.00200840931301153,-0.0397914000608873,-0.0319184355538821,6.60563647404907e-71
ACAN,Aggrecan core protein,NMR metabolomics,X23609.Phospholipids to Total Lipids in IDL percentage,29192,-0.00804560682459369,0.00185420327323722,-0.0116798452401386,-0.00441136840904873,1.43536100590889e-05
ACAN,Aggrecan core protein,NMR metabolomics,X23610.Cholesterol to Total Lipids in IDL percentage,29192,0.0268018743058312,0.00194554517410326,0.0229886057645888,0.0306151428470736,4.8468418335109e-43
ACAN,Aggrecan core protein,NMR metabolomics,X23611.Cholesteryl Esters to Total Lipids in IDL percentage,29192,0.018438162394466,0.00193330192008041,0.0146488906311083,0.0222274341578236,1.57838947477497e-21
ACAN,Aggrecan core protein,NMR metabolomics,X23612.Free Cholesterol to Total Lipids in IDL percentage,29192,0.0261637828711143,0.00189317355419462,0.0224531627048929,0.0298744030373358,2.64169303381517e-43
ACAN,Aggrecan core protein,NMR metabolomics,X23613.Triglycerides to Total Lipids in IDL percentage,29192,-0.032567396912896,0.00198407794701009,-0.0364561896890357,-0.0286786041367562,2.81347205798874e-60
ACAN,Aggrecan core protein,NMR metabolomics,X23614.Phospholipids to Total Lipids in Large LDL percentage,29192,-0.0022954329407693,0.00186612937505386,-0.00595304651587487,0.00136218063433626,0.218688198204907
ACAN,Aggrecan core protein,NMR metabolomics,X23615.Cholesterol to Total Lipids in Large LDL percentage,29192,0.0347660131751678,0.00197533267781995,0.0308943611266406,0.0386376652236949,5.59402875893276e-69
ACAN,Aggrecan core protein,NMR metabolomics,X23616.Cholesteryl Esters to Total Lipids in Large LDL percentage,29192,0.016461463478819,0.00185510782939394,0.0128254521332069,0.0200974748244312,7.47831212546119e-19
ACAN,Aggrecan core protein,NMR metabolomics,X23617.Free Cholesterol to Total Lipids in Large LDL percentage,29192,0.0257212014506664,0.00204249276475983,0.0217179156317372,0.0297244872695957,2.86607329187385e-36
ACAN,Aggrecan core protein,NMR metabolomics,X23618.Triglycerides to Total Lipids in Large LDL percentage,29192,-0.0341131359238958,0.00195360271258474,-0.0379421972405619,-0.0302840746072297,6.2232962098788e-68
ACAN,Aggrecan core protein,NMR metabolomics,X23619.Phospholipids to Total Lipids in Medium LDL percentage,29192,-0.021536666310984,0.00186905597310381,-0.0252000160182675,-0.0178733166037006,1.18057417826686e-30
ACAN,Aggrecan core protein,NMR metabolomics,X23620.Cholesterol to Total Lipids in Medium LDL percentage,29192,0.0386064418845566,0.0018793413632233,0.0349229328126389,0.0422899509564742,4.09701307799752e-93
ACAN,Aggrecan core protein,NMR metabolomics,X23621.Cholesteryl Esters to Total Lipids in Medium LDL percentage,29192,0.0236633374477508,0.00190372373998136,0.0199320389173873,0.0273946359781142,2.20751285900863e-35
ACAN,Aggrecan core protein,NMR metabolomics,X23622.Free Cholesterol to Total Lipids in Medium LDL percentage,29192,0.00765441031034999,0.0020322155334761,0.00367126786473682,0.0116375527559632,0.000165854104271109
ACAN,Aggrecan core protein,NMR metabolomics,X23623.Triglycerides to Total Lipids in Medium LDL percentage,29192,-0.0313284027754314,0.0019159549287952,-0.0350836744358699,-0.0275731311149928,7.85930735307146e-60
ACAN,Aggrecan core protein,NMR metabolomics,X23624.Phospholipids to Total Lipids in Small LDL percentage,29192,-0.0268977476583793,0.00187518813994892,-0.0305731164126791,-0.0232223789040794,1.67191695308895e-46
ACAN,Aggrecan core protein,NMR metabolomics,X23625.Cholesterol to Total Lipids in Small LDL percentage,29192,0.0384883397643794,0.00186204234270153,0.0348387367726844,0.0421379427560744,3.06107738237058e-94
ACAN,Aggrecan core protein,NMR metabolomics,X23626.Cholesteryl Esters to Total Lipids in Small LDL percentage,29192,0.0322149797351242,0.00187096039455988,0.0285478973617869,0.0358820621084616,4.10258894043992e-66
ACAN,Aggrecan core protein,NMR metabolomics,X23627.Free Cholesterol to Total Lipids in Small LDL percentage,29192,0.00500797508421505,0.00196528724422627,0.00115601208553157,0.00885993808289853,0.0108326402510297
ACAN,Aggrecan core protein,NMR metabolomics,X23628.Triglycerides to Total Lipids in Small LDL percentage,29192,-0.0192627225529619,0.00196857067899717,-0.0231211210837964,-0.0154043240221275,1.41290054876812e-22
ACAN,Aggrecan core protein,NMR metabolomics,X23629.Phospholipids to Total Lipids in Very Large HDL percentage,29178,-0.0026344716019285,0.0021017184553189,-0.00675383977435356,0.00148489657049655,0.210039468586286
ACAN,Aggrecan core protein,NMR metabolomics,X23630.Cholesterol to Total Lipids in Very Large HDL percentage,29178,0.00365943835083524,0.00196084167513515,-0.000183811332429645,0.00750268803410013,0.0620151723537522
ACAN,Aggrecan core protein,NMR metabolomics,X23631.Cholesteryl Esters to Total Lipids in Very Large HDL percentage,29178,0.0142995339031882,0.00188342049462667,0.0106080297337199,0.0179910380726565,3.23607836257866e-14
ACAN,Aggrecan core protein,NMR metabolomics,X23632.Free Cholesterol to Total Lipids in Very Large HDL percentage,29178,-0.0122505520041577,0.00221393154612772,-0.016589857834568,-0.00791124617374735,3.16792278613555e-08
ACAN,Aggrecan core protein,NMR metabolomics,X23633.Triglycerides to Total Lipids in Very Large HDL percentage,29178,0.00142760624730102,0.00207298294531947,-0.00263544032552514,0.00549065282012718,0.49103489414649
ACAN,Aggrecan core protein,NMR metabolomics,X23634.Phospholipids to Total Lipids in Large HDL percentage,29192,-0.0434401500519265,0.0020443409676295,-0.0474470583484803,-0.0394332417553727,1.91320826120168e-99
ACAN,Aggrecan core protein,NMR metabolomics,X23635.Cholesterol to Total Lipids in Large HDL percentage,29192,0.0236988776776372,0.00210969660413854,0.0195638723335256,0.0278338830217487,3.21257469026187e-29
ACAN,Aggrecan core protein,NMR metabolomics,X23636.Cholesteryl Esters to Total Lipids in Large HDL percentage,29192,0.0214620340705968,0.00207718492473319,0.0173907516181197,0.0255333165230738,5.56079731830371e-25
ACAN,Aggrecan core protein,NMR metabolomics,X23637.Free Cholesterol to Total Lipids in Large HDL percentage,29192,0.0203543921502591,0.00203830157262574,0.0163593210679126,0.0243494632326055,1.91502874825317e-23
ACAN,Aggrecan core protein,NMR metabolomics,X23638.Triglycerides to Total Lipids in Large HDL percentage,29192,0.00253692680534136,0.00203671127122697,-0.0014550272862635,0.00652888089694621,0.212921420365342
ACAN,Aggrecan core protein,NMR metabolomics,X23639.Phospholipids to Total Lipids in Medium HDL percentage,29192,-0.021441935235848,0.00208238790309714,-0.0255234155259184,-0.0173604549457776,8.0334101194471e-25
ACAN,Aggrecan core protein,NMR metabolomics,X23640.Cholesterol to Total Lipids in Medium HDL percentage,29192,0.00623134451651596,0.00205105363506372,0.00221127939179107,0.0102514096412408,0.00238270550939802
ACAN,Aggrecan core protein,NMR metabolomics,X23641.Cholesteryl Esters to Total Lipids in Medium HDL percentage,29192,0.000726948822376388,0.00199560787522319,-0.00318444261306106,0.00463834025781383,0.71565576865928
ACAN,Aggrecan core protein,NMR metabolomics,X23642.Free Cholesterol to Total Lipids in Medium HDL percentage,29192,0.0250567459498084,0.00217481128619165,0.0207941158288728,0.029319376070744,1.19994187704609e-30
ACAN,Aggrecan core protein,NMR metabolomics,X23643.Triglycerides to Total Lipids in Medium HDL percentage,29192,0.00410274502606397,0.00200427722708332,0.000174361660980667,0.00803112839114727,0.0406675349569249
ACAN,Aggrecan core protein,NMR metabolomics,X23644.Phospholipids to Total Lipids in Small HDL percentage,29192,-0.018955464370887,0.00191491109632635,-0.0227086901196867,-0.0152022386220874,4.57763596927669e-23
ACAN,Aggrecan core protein,NMR metabolomics,X23645.Cholesterol to Total Lipids in Small HDL percentage,29192,0.0131807277571574,0.00191518798591131,0.00942695930477126,0.0169344962095436,6.01214176737103e-12
ACAN,Aggrecan core protein,NMR metabolomics,X23646.Cholesteryl Esters to Total Lipids in Small HDL percentage,29192,0.00590079003405744,0.00190409134585812,0.00216877099617554,0.00963280907193935,0.00194355827185932
ACAN,Aggrecan core protein,NMR metabolomics,X23647.Free Cholesterol to Total Lipids in Small HDL percentage,29192,0.0281487935824366,0.00198821598438315,0.0242518902530456,0.0320456969118275,2.36215998397073e-45
ACAN,Aggrecan core protein,NMR metabolomics,X23648.Triglycerides to Total Lipids in Small HDL percentage,29192,-0.00103377940486228,0.00203840316386837,-0.00502904960604428,0.00296149079631973,0.612052292077146
ACAN,Aggrecan core protein,Working and living environment,X24003.Nitrogen dioxide air pollution; 2010,50274,-0.00623767819561747,0.00160675771461473,-0.00938692331626234,-0.00308843307497261,0.000103668212801382
ACAN,Aggrecan core protein,Working and living environment,X24004.Nitrogen oxides air pollution; 2010,50274,-0.0044401898467126,0.00156872793359967,-0.00751489659656795,-0.00136548309685724,0.00465025073570006
ACAN,Aggrecan core protein,Working and living environment,X24005.Particulate matter air pollution (pm10); 2010,46915,-0.000583484463411211,0.00149722632108107,-0.00351804805273011,0.00235107912590769,0.696752576141104
ACAN,Aggrecan core protein,Working and living environment,X24006.Particulate matter air pollution (pm2.5); 2010,46915,-0.0037980392814254,0.00163025861411613,-0.00699334616509301,-0.000602732397757781,0.0198253975572168
ACAN,Aggrecan core protein,Working and living environment,X24007.Particulate matter air pollution (pm2.5) absorbance; 2010,46915,-0.00611593610261544,0.00160823375409233,-0.0092680742606364,-0.00296379794459448,0.000143198940987706
ACAN,Aggrecan core protein,Working and living environment,X24008.Particulate matter air pollution 2.5-10um; 2010,46915,0.000210701839544486,0.00147504697834492,-0.00268039023801155,0.00310179391710053,0.886413877423159
ACAN,Aggrecan core protein,Working and living environment,X24009.Traffic intensity on the nearest road,50274,0.0346826305182713,0.0582457951520228,-0.0794791279796933,0.148844389016236,0.5515434219265
ACAN,Aggrecan core protein,Working and living environment,X24010.Inverse distance to the nearest road,50274,0.00101809960395821,0.00140365603542618,-0.00173306622547711,0.00376926543339354,0.468259199572045
ACAN,Aggrecan core protein,Working and living environment,X24011.Traffic intensity on the nearest major road,50274,-0.000442941611069884,0.00140266679610858,-0.0031921685314427,0.00230628530930293,0.752166757410389
ACAN,Aggrecan core protein,Working and living environment,X24012.Inverse distance to the nearest major road,50274,-0.000755953161718652,0.00142556428248781,-0.00355005915539475,0.00203815283195745,0.595917754652092
ACAN,Aggrecan core protein,Working and living environment,X24013.Total traffic load on major roads,50274,0.0376046213660032,0.0405710255699215,-0.041914588751043,0.117123831483049,0.353991383814306
ACAN,Aggrecan core protein,Working and living environment,X24015.Sum of road length of major roads within 100m,50274,0.0380949010657581,0.0393792391310217,-0.0390884076310444,0.115278209762561,0.333356060046366
ACAN,Aggrecan core protein,Working and living environment,X24016.Nitrogen dioxide air pollution; 2005,50274,-0.00702341745110817,0.00160420671330027,-0.0101676626091767,-0.00387917229303965,1.19946073584416e-05
ACAN,Aggrecan core protein,Working and living environment,X24017.Nitrogen dioxide air pollution; 2006,50274,-0.00687831508146617,0.00160227230492603,-0.0100187687991212,-0.00373786136381115,1.76723912656516e-05
ACAN,Aggrecan core protein,Working and living environment,X24018.Nitrogen dioxide air pollution; 2007,50274,-0.00739361932173288,0.00158551988967676,-0.0105012383054993,-0.00428600033796643,3.12107238189038e-06
ACAN,Aggrecan core protein,Working and living environment,X24019.Particulate matter air pollution (pm10); 2007,50171,-0.00966354046066112,0.00155753239012906,-0.0127163039453141,-0.00661077697600816,5.53368398947249e-10
ACAN,Aggrecan core protein,Working and living environment,X24020.Average daytime sound level of noise pollution,50274,0.000969981221186927,0.00140824847110825,-0.00179018578218524,0.0037301482245591,0.490961399179166
ACAN,Aggrecan core protein,Working and living environment,X24021.Average evening sound level of noise pollution,50274,0.000976656652204668,0.00140817665690801,-0.00178336959533502,0.00373668289974436,0.487960656158324
ACAN,Aggrecan core protein,Working and living environment,X24022.Average night-time sound level of noise pollution,50274,0.000966558048547523,0.00140825918675371,-0.00179362995748975,0.0037267460545848,0.492495880855156
ACAN,Aggrecan core protein,Working and living environment,X24023.Average 16-hour sound level of noise pollution,50274,0.000963274014316558,0.00140815836650296,-0.00179671638402925,0.00372326441266236,0.493936306513749
ACAN,Aggrecan core protein,Working and living environment,X24024.Average 24-hour sound level of noise pollution,50274,0.000971046298488621,0.00140816422154094,-0.00178895557573163,0.00373104817270887,0.490459559836559
ACAN,Aggrecan core protein,Health and medical history,X2405.Number of children fathered,23120,0.00135944903218276,0.0466052021623657,-0.089986747206054,0.0927056452704196,0.97672968244255
ACAN,Aggrecan core protein,Working and living environment,"X24500.Greenspace percentage, buffer 1000m",44879,0.00676674644123316,0.00165170008058428,0.00352941428328796,0.0100040785991784,4.19567816952324e-05
ACAN,Aggrecan core protein,Working and living environment,"X24501.Domestic garden percentage, buffer 1000m",44879,-0.000724808788061385,0.00149582247312116,-0.00365662083537885,0.00220700325925608,0.62799415537157
ACAN,Aggrecan core protein,Working and living environment,"X24502.Water percentage, buffer 1000m",44879,-0.00329339584804527,0.00148788449990297,-0.00620964946785509,-0.000377142228235437,0.0268698937931244
ACAN,Aggrecan core protein,Working and living environment,"X24503.Greenspace percentage, buffer 300m",44879,0.00490585319412753,0.00155472451974306,0.00185859313543113,0.00795311325282393,0.00160357391982682
ACAN,Aggrecan core protein,Working and living environment,"X24504.Domestic garden percentage, buffer 300m",44879,-0.000278214811123648,0.00151024880219129,-0.00323830246341857,0.00268187284117127,0.853843377053854
ACAN,Aggrecan core protein,Working and living environment,"X24505.Water percentage, buffer 300m",44879,-0.00114325487484892,0.00149634971607694,-0.00407610031835973,0.00178959056866189,0.444853860389953
ACAN,Aggrecan core protein,Working and living environment,"X24506.Natural environment percentage, buffer 1000m",50501,0.00627866948160539,0.00157948868145259,0.00318287166595831,0.00937446729725246,7.04392504731278e-05
ACAN,Aggrecan core protein,Working and living environment,"X24507.Natural environment percentage, buffer 300m",50501,0.00397194550002089,0.00148431234904741,0.00106269329588796,0.00688119770415381,0.00745418249184282
ACAN,Aggrecan core protein,Working and living environment,X24508.Distance (Euclidean) to coast,50501,0.00317714212915323,0.00141185086822656,0.000409914427429173,0.00594436983087728,0.0244317626321431
ACAN,Aggrecan core protein,Health and medical history,X2684.Years since last breast cancer screening  or  mammogram,11105,-0.101151555569825,0.0597692961042794,-0.218299375934213,0.0159962647945626,0.0906041998859857
ACAN,Aggrecan core protein,Health and medical history,X2704.Years since last cervical smear test,20868,0.00414814982308458,0.0431509837520469,-0.0804277783309273,0.0887240779770965,0.923417406665905
ACAN,Aggrecan core protein,Health and medical history,X2714.Age when periods started (menarche),26646,-0.0733362643394467,0.0364795222323574,-0.144836127914867,-0.00183640076402623,0.044405216173794
ACAN,Aggrecan core protein,Health and medical history,X2734.Number of live births,27468,-0.0990845249712172,0.0351696412015268,-0.16801702172621,-0.0301520282162247,0.004845916073459
ACAN,Aggrecan core protein,Health and medical history,X2744.Birth weight of first child,21784,0.0389432856724476,0.0391291446705873,-0.0377498378819036,0.115636409226799,0.319625699918814
ACAN,Aggrecan core protein,Health and medical history,X2754.Age at first live birth,18568,-0.00423897315612073,0.00244821588267953,-0.0090374762861726,0.000559529973931149,0.0833874460489123
ACAN,Aggrecan core protein,Health and medical history,X2764.Age at last live birth,18517,-0.0048962946881715,0.00236207517717252,-0.00952596203542965,-0.000266627340913353,0.0381974042152555
ACAN,Aggrecan core protein,Health and medical history,X2794.Age started oral contraceptive pill,21069,-0.00302784973261734,0.00266653343978728,-0.00825425527460041,0.00219855580936573,0.25617864767757
ACAN,Aggrecan core protein,Health and medical history,X2804.Age when last used oral contraceptive pill,19103,-0.00362794973867734,0.00230906980623237,-0.00815372655889279,0.000897827081538102,0.116158881484087
ACAN,Aggrecan core protein,Lifestyle factors,X2867.Age started smoking in former smokers,12445,-3.47425018033502e-05,0.00285007478235979,-0.00562088907522854,0.00555140407162184,0.990274198443459
ACAN,Aggrecan core protein,Mental health,"X28735.Feeling anxious, nervous or on edge over the last 2 weeks",19369,0.00143466448993389,0.0519793770877325,-0.100444914602022,0.10331424358189,0.977980949425175
ACAN,Aggrecan core protein,Mental health,X28736.Not being able to stop or control worrying over the last 2 weeks,19360,-0.00502930331109813,0.0574004718807315,-0.117534228197332,0.107475621575136,0.930181357767184
ACAN,Aggrecan core protein,Mental health,X28737.Little interest or pleasure in doing things over the last 2 weeks,19399,-0.00454462152066135,0.0593960086245015,-0.120960798424684,0.111871555383362,0.939011028661656
ACAN,Aggrecan core protein,Mental health,"X28738.Feeling down, depressed or hopeless over the last 2 weeks",19347,0.060136148317734,0.0578266981026629,-0.0532041799634854,0.173476476598953,0.298381973638402
ACAN,Aggrecan core protein,Mental health,X28739.Difficulty with standing for long periods,19419,0.162156733996343,0.0507555134137899,0.062675927705315,0.261637540287371,0.00140122663577741
ACAN,Aggrecan core protein,Mental health,X28740.Difficulty with taking care of household responsibilities,19461,0.0709326793980023,0.0564274794004788,-0.0396651802269362,0.181530539022941,0.208747316542344
ACAN,Aggrecan core protein,Mental health,X28741.Difficulty learning a new task,19307,0.166157958919633,0.0640555086456174,0.0406091619742232,0.291706755865043,0.00949469427624542
ACAN,Aggrecan core protein,Mental health,X28742.Difficulty with joining in community activities,18602,0.0890614544433302,0.0641773913737356,-0.0367262326491916,0.214849141535852,0.16523324163312
ACAN,Aggrecan core protein,Mental health,X28743.Difficulty with being emotionally affected by health problems,19330,0.0220631644582835,0.0545457462807467,-0.0848464982519801,0.128972827168547,0.685857508524242
ACAN,Aggrecan core protein,Mental health,X28744.Difficulty with concentrating on doing something for ten minutes,19461,-0.0585240167195611,0.077280300083527,-0.209993404883274,0.0929453714441518,0.448882075498408
ACAN,Aggrecan core protein,Lifestyle factors,X2887.Number of cigarettes previously smoked daily,11818,-0.177102024169226,0.0583698970708653,-0.291507022428122,-0.0626970259103304,0.0024175293533962
ACAN,Aggrecan core protein,Lifestyle factors,X2897.Age stopped smoking,12451,-0.0163775632765945,0.00298005210012238,-0.0222184653928344,-0.0105366611603547,3.96759801989635e-08
ACAN,Aggrecan core protein,Mental health,X29001#0.Mental health conditions experienced by first degree blood relatives_None of the above,17374,0.0058712367014894,0.00499846652723422,-0.00392575769188966,0.0156682310948685,0.24016785857878
ACAN,Aggrecan core protein,Mental health,X29001#1.Mental health conditions experienced by first degree blood relatives_Depression,17374,-0.0110282374598774,0.00544397232748006,-0.0216984232217383,-0.000358051698016493,0.0428035940282902
ACAN,Aggrecan core protein,Mental health,X29001#3.Mental health conditions experienced by first degree blood relatives_Schizophrenia,17374,-0.00718856695221334,0.0181315329680628,-0.0427263715696164,0.0283492376651898,0.691764913541116
ACAN,Aggrecan core protein,Mental health,X29001#4.Mental health conditions experienced by first degree blood relatives_Any other type of psychosis or psychotic illness,17374,0.0108158335653995,0.0187325194950058,-0.0258999046448118,0.0475315717756109,0.563688414207748
ACAN,Aggrecan core protein,Mental health,X29001#5.Mental health conditions experienced by first degree blood relatives_A personality disorder,17374,-0.0286711107471471,0.0207385818856191,-0.0693187312429605,0.0119765097486663,0.166835700010352
ACAN,Aggrecan core protein,Mental health,X29001#7.Mental health conditions experienced by first degree blood relatives_Attention deficit or attention deficit and hyperactivity disorder,17374,-0.0155188825845369,0.0174884584336799,-0.0497962611145496,0.0187584959454758,0.374887430706241
ACAN,Aggrecan core protein,Mental health,X29001#8.Mental health conditions experienced by first degree blood relatives_An anxiety disorder,17374,-0.00239564240228858,0.00785166563798779,-0.0177849070527447,0.0129936222481675,0.760284025286177
ACAN,Aggrecan core protein,Mental health,X29001#9.Mental health conditions experienced by first degree blood relatives_An eating disorder,17374,-0.0133717373974501,0.0141610290016807,-0.0411273542407443,0.0143838794458441,0.345048349507694
ACAN,Aggrecan core protein,Mental health,X29002.Recent lack of interest or pleasure in doing things,17255,0.0565889900898543,0.0603921488501364,-0.061779621656413,0.174957601836122,0.348758511450714
ACAN,Aggrecan core protein,Mental health,X29003.Recent feelings of depression,17238,0.106661743969732,0.0586065262190495,-0.0082070474196055,0.221530535359069,0.0687819002792102
ACAN,Aggrecan core protein,Mental health,"X29004.Trouble falling or staying asleep, or sleeping too much",17265,-0.0691494682526193,0.0475102994360646,-0.162269655147306,0.0239707186420674,0.145559410547193
ACAN,Aggrecan core protein,Mental health,X29005.Recent feelings of tiredness or low energy,17272,-0.0385226597362139,0.0475623140806347,-0.131744795334258,0.0546994758618301,0.417985357339013
ACAN,Aggrecan core protein,Mental health,X29006.Recent poor appetite or overeating,17285,0.0132044866029947,0.0657224376373549,-0.115611491166221,0.14202046437221,0.840769034134803
ACAN,Aggrecan core protein,Mental health,X29007.Recent feelings of inadequacy,17217,0.117113104023681,0.0637131269567218,-0.00776462481149395,0.241990832858856,0.0660602677132848
ACAN,Aggrecan core protein,Mental health,X29008.Recent trouble concentrating on things,17281,-0.0573043572071263,0.0630236215522252,-0.180830655449488,0.066221941035235,0.363229786434026
ACAN,Aggrecan core protein,Mental health,X29009.Recent changes in speed or amount of moving or speaking,17263,-0.00386525066511508,0.109897585705797,-0.219264518648478,0.211534017318248,0.97194348392774
ACAN,Aggrecan core protein,Mental health,X29010.Recent thoughts of suicide or self-harm,17181,0.24700015262838,0.122187751614238,0.00751215946447359,0.486488145792285,0.0432455403375444
ACAN,Aggrecan core protein,Mental health,X29038#0.Substances taken for depression_None of options listed,15915,-0.00603540524214585,0.00970782265771312,-0.0250627376512636,0.0129919271669719,0.53414454898297
ACAN,Aggrecan core protein,Mental health,X29038#1.Substances taken for depression_Drugs or alcohol (more than once),15915,-0.00349750334307948,0.0186439042691552,-0.0400395557106236,0.0330445490244646,0.851196534568012
ACAN,Aggrecan core protein,Mental health,X29038#2.Substances taken for depression_Medication prescribed to participant (for at least 2 weeks),15915,-0.00376430333797166,0.00963823153662143,-0.0226552371497497,0.0151266304738063,0.696128064469466
ACAN,Aggrecan core protein,Mental health,X29038#3.Substances taken for depression_Unprescribed medication (more than once),15915,-0.00389531586258678,0.0280853787053765,-0.0589426581251247,0.0511520263999511,0.889692524365923
ACAN,Aggrecan core protein,Mental health,X29039#1.Use of specific medications_Citalopram (sometimes called Cipramil),15915,-0.0160710790177757,0.0181628627573955,-0.0516702900222709,0.0195281319867195,0.376260720885994
ACAN,Aggrecan core protein,Mental health,X29039#2.Use of specific medications_Fluoxetine (Prozac or Oxactin),15915,-0.0200168452618755,0.0193871725546984,-0.0580157034690845,0.0179820129453334,0.301863562278597
ACAN,Aggrecan core protein,Mental health,X29039#3.Use of specific medications_Sertraline (Lustral),15915,0.0011972777927492,0.0214380356666654,-0.0408212721139149,0.0432158276994134,0.955463360828063
ACAN,Aggrecan core protein,Mental health,X29039#5.Use of specific medications_Amitriptyline (Elavil),15915,0.0347002390758524,0.0250781678701391,-0.0144529699496202,0.0838534481013249,0.166474908918105
ACAN,Aggrecan core protein,Mental health,X29039#7.Use of specific medications_Other antidepressant(s),15915,0.045408632216977,0.0187957526441029,0.00856895703453532,0.0822483073994187,0.0157076277013835
ACAN,Aggrecan core protein,Mental health,X29047#0.Activities undertaken to treat depression_None of options listed,15915,-0.005377218918155,0.00949245952155344,-0.0239824395803997,0.0132280017440897,0.57108049947563
ACAN,Aggrecan core protein,Mental health,X29051#0.Manifestations of mania or irritability_None of options listed,15915,-0.0143168338326297,0.0147723945288514,-0.0432707271091783,0.014637059443919,0.332479432297793
ACAN,Aggrecan core protein,Mental health,X29051#1.Manifestations of mania or irritability_More active than usual,15915,-0.0464983755482243,0.0233176316786542,-0.0922009336383865,-0.000795817458062106,0.0461549590561324
ACAN,Aggrecan core protein,Mental health,X29051#2.Manifestations of mania or irritability_More confident than usual,15915,-0.0389416357446861,0.0301896800323646,-0.0981134086081208,0.0202301371187486,0.19710451413314
ACAN,Aggrecan core protein,Mental health,X29051#3.Manifestations of mania or irritability_Easily distracted,15915,0.00128974372288714,0.0187192532202651,-0.0353999925888324,0.0379794800346067,0.945070630180774
ACAN,Aggrecan core protein,Mental health,X29051#4.Manifestations of mania or irritability_More creative or had more ideas than usual,15915,-0.033175595072589,0.0300468232786439,-0.092067368698731,0.0257161785535531,0.269553513670363
ACAN,Aggrecan core protein,Mental health,X29051#5.Manifestations of mania or irritability_Neded less sleep than usual,15915,-0.00346009860811164,0.0295276104233429,-0.0613342150378637,0.0544140178216404,0.90671746716381
ACAN,Aggrecan core protein,Mental health,X29051#6.Manifestations of mania or irritability_Thoughts were racing,15915,0.00542674233332213,0.0160236169563697,-0.0259795469011625,0.0368330315678068,0.734861687312833
ACAN,Aggrecan core protein,Mental health,X29051#7.Manifestations of mania or irritability_More restless than usual,15915,0.00180616756874459,0.0155699993574472,-0.0287110311718519,0.032323366309341,0.907651581577067
ACAN,Aggrecan core protein,Mental health,X29051#8.Manifestations of mania or irritability_More talkative than usual,15915,-0.0108513187591984,0.0221496805171696,-0.0542646925728508,0.032562055054454,0.624205342874937
ACAN,Aggrecan core protein,Mental health,X29058.Recent feelings or nervousness or anxiety,17005,0.00594280732465389,0.0554132595198781,-0.102667181334307,0.114552795983615,0.91459570658643
ACAN,Aggrecan core protein,Mental health,X29059.Recent inability to stop or control worrying,17021,-0.0498163091693207,0.0576311377116027,-0.162773339084062,0.0631407207454206,0.38738082651712
ACAN,Aggrecan core protein,Mental health,X29060.Recent worrying too much about different things,17011,0.00506210499010197,0.0531303682961611,-0.0990734168703737,0.109197626850578,0.924095890976039
ACAN,Aggrecan core protein,Mental health,X29061.Recent trouble relaxing,17018,-0.0468632986296507,0.0561510415391692,-0.156919340046422,0.063192742787121,0.403958305925662
ACAN,Aggrecan core protein,Mental health,X29062.Recent restlessness,17034,-0.0396392434507977,0.080027571935269,-0.196493284443925,0.117214797542329,0.620380769673883
ACAN,Aggrecan core protein,Mental health,X29063.Recent easy annoyance or irritability,16986,0.00771330535118908,0.0569208205506995,-0.103851502928182,0.11927811363056,0.892210752268953
ACAN,Aggrecan core protein,Mental health,X29064.Recent feelings of foreboding,16983,-0.0263095307310416,0.0648515386366602,-0.153418546458895,0.100799484996812,0.684976525970084
ACAN,Aggrecan core protein,Mental health,X29065#1.Symptoms of panic attack_Heart was pounding or racing,15915,-0.00884995628870609,0.0101650537321758,-0.0287734616037707,0.0110735490263585,0.383971741776915
ACAN,Aggrecan core protein,Mental health,X29065#11.Symptoms of panic attack_Felt like things weren't real or detached from self,15915,0.0136621921175639,0.017284669208519,-0.0202157595311333,0.0475401437662611,0.429292831513906
ACAN,Aggrecan core protein,Mental health,X29065#12.Symptoms of panic attack_Afraid of losing control or 'going crazy',15915,0.0113099744823889,0.0221689713786294,-0.0321412094197248,0.0547611583845025,0.609938489880009
ACAN,Aggrecan core protein,Mental health,X29065#13.Symptoms of panic attack_Afraid I was going to die,15915,0.0496934959926347,0.0234992759907693,0.00363491505072683,0.0957520769345425,0.034472576166766
ACAN,Aggrecan core protein,Mental health,X29065#2.Symptoms of panic attack_Sweating,15915,-0.0219582245354128,0.0152700263813106,-0.0518874762427815,0.0079710271719559,0.150455097547423
ACAN,Aggrecan core protein,Mental health,X29065#3.Symptoms of panic attack_Trembling or shaking,15915,0.000986643525818325,0.0164872906926811,-0.0313284462318367,0.0333017332834733,0.952281691307921
ACAN,Aggrecan core protein,Mental health,X29065#6.Symptoms of panic attack_Pain or discomfort in chest,15915,-0.000880431767410808,0.0165258951444398,-0.0332711862505129,0.0315103227156913,0.957512759385674
ACAN,Aggrecan core protein,Mental health,X29065#7.Symptoms of panic attack_Nauseous or felt sick in the stomach,15915,-0.0214352347436233,0.0152681664483019,-0.0513608409822949,0.00849037149504843,0.160363168555811
ACAN,Aggrecan core protein,Mental health,X29065#9.Symptoms of panic attack_Felt hot or cold,15915,-0.0122551472851756,0.0202985267943505,-0.0520402598021025,0.0275299652317514,0.546021370285334
ACAN,Aggrecan core protein,Mental health,X29076.Felt loved as a child,16952,-0.0462520265724726,0.0496287207989913,-0.143524319338496,0.0510202661935503,0.351370026000063
ACAN,Aggrecan core protein,Mental health,X29077.Physically abused by family as a child,16976,-0.0350112184997205,0.0664320133243609,-0.165217964615468,0.0951955276160269,0.598184305774639
ACAN,Aggrecan core protein,Mental health,X29078.Felt hated by family member as a child,16948,-0.0808558759431707,0.0670603683205669,-0.212294197851482,0.0505824459651404,0.22794319082498
ACAN,Aggrecan core protein,Mental health,X29079.Sexually molested as a child,16828,-0.0524386818844901,0.0899582465971386,-0.228756845214882,0.123879481445901,0.55995332292375
ACAN,Aggrecan core protein,Mental health,X29080.Someone to take to doctor when needed as a child,16919,0.107647943907939,0.0720926628399515,-0.0336536752583656,0.248949563074244,0.135406485349609
ACAN,Aggrecan core protein,Mental health,X29081.Stopped from seeing friends or family by partner or ex-partner as an adult,16957,-0.402644220924508,0.0926127197275653,-0.584165151590536,-0.22112329025848,1.3843014648125e-05
ACAN,Aggrecan core protein,Mental health,X29082.Belittlement by partner or ex-partner as an adult,16855,-0.179394230420376,0.072438648352081,-0.321373981190455,-0.0374144796502974,0.0132775531635961
ACAN,Aggrecan core protein,Mental health,X29083.Physical violence by partner or ex-partner as an adult,16969,-0.251816042398983,0.0815292744839658,-0.411613420387556,-0.09201866441041,0.00201387761161519
ACAN,Aggrecan core protein,Mental health,X29084.Sexual interference by partner or ex-partner without consent as an adult,16918,-0.215835276490257,0.114278928702405,-0.43982197674697,0.00815142376645583,0.058953058197409
ACAN,Aggrecan core protein,Mental health,X29085.Sexual intercourse by partner or ex-partner without consent as an adult,16916,-0.263356667954748,0.109427275670324,-0.477834128268584,-0.0488792076409122,0.0161088337362321
ACAN,Aggrecan core protein,Mental health,X29086.Experienced a violent or sexual assault,16968,-0.0774257972058154,0.0920784699237641,-0.257899598256393,0.103048003844762,0.400434000035995
ACAN,Aggrecan core protein,Mental health,X29087.Experienced a life-threatening injury or illness,16973,-0.0139543921354422,0.0582318849767062,-0.128088886689786,0.100180102418902,0.810616200182008
ACAN,Aggrecan core protein,Mental health,X29088.Experienced a marital separation or divorce,16978,-0.10615255346211,0.053997398977447,-0.211987455457907,-0.000317651466314239,0.0493284450113985
ACAN,Aggrecan core protein,Mental health,X29089.Experienced the death of a spouse or partner,16995,0.0872150643228552,0.0737930726153204,-0.0574193580031728,0.231849486648883,0.237267139918538
ACAN,Aggrecan core protein,Mental health,X29090.Experienced the death of a close friend or family member due to suicide,16976,-0.0267231389464222,0.0676092831774967,-0.159237333974316,0.105791056081471,0.692657147626024
ACAN,Aggrecan core protein,Lifestyle factors,X29091.Frequency of drinking alcohol,16981,-0.33820076968444,0.0448295606053653,-0.426066708470956,-0.250334830897924,4.78262271791422e-14
ACAN,Aggrecan core protein,Lifestyle factors,X29092.Amount of alcohol drunk on a typical drinking day,15138,-0.298843615996179,0.0519105037544101,-0.400588203354823,-0.197099028637535,8.73343627037859e-09
ACAN,Aggrecan core protein,Lifestyle factors,X29093.Frequency of consuming six or more units of alcohol,15175,-0.320712430803965,0.0525842584101697,-0.423777577287897,-0.217647284320032,1.09312715419583e-09
ACAN,Aggrecan core protein,Mental health,X29104.Ever used cannabis,16968,-0.276669341432306,0.0641411493761067,-0.402385994209475,-0.150952688655137,1.61638989586648e-05
ACAN,Aggrecan core protein,Mental health,X29108.Ever thought that life not worth living,16889,-0.014771560951002,0.0563618797200938,-0.125240845202386,0.0956977233003817,0.793259688655354
ACAN,Aggrecan core protein,Mental health,X29109.Ever contemplated self-harm,16932,-0.0164834963095346,0.0759963583598397,-0.16543635869482,0.132469366075751,0.828290060333236
ACAN,Aggrecan core protein,Mental health,X29111.Ever self-harmed,16958,-0.0213610382246503,0.121723983115663,-0.259940045131351,0.21721796868205,0.860698684263772
ACAN,Aggrecan core protein,Diet and food preferences,X29132.Ever had recurrent episodes of excessive overeating or binge eating,16952,-0.0994849473954138,0.0804203907462376,-0.257108913258039,0.0581390184672118,0.216081503579155
ACAN,Aggrecan core protein,Diet and food preferences,X29136#1.Actions and feelings during periods of overeating or binge eating_Eaten much more rapidly than normal,17223,-0.0262102142281916,0.0215812457448355,-0.0685094558880692,0.016089027431686,0.224577205534262
ACAN,Aggrecan core protein,Diet and food preferences,X29136#2.Actions and feelings during periods of overeating or binge eating_Eaten until feeling uncomfortably full,17223,-0.0041549144337994,0.0166146222714203,-0.0367195740857833,0.0284097452181845,0.802531739707828
ACAN,Aggrecan core protein,Diet and food preferences,X29136#3.Actions and feelings during periods of overeating or binge eating_Eaten large amounts of food when not physically hungry,17223,-0.0284358162250721,0.0177546910339248,-0.0632350106515647,0.00636337820142058,0.109263653329073
ACAN,Aggrecan core protein,Diet and food preferences,X29136#4.Actions and feelings during periods of overeating or binge eating_Eaten alone because of feeling embarrassed by overeating,17223,-0.0312681888368451,0.0239963925557753,-0.0783011182461646,0.0157647405724744,0.192579543448737
ACAN,Aggrecan core protein,Diet and food preferences,X29149.Dependency of self-esteem on body shape or weight currently,16936,-0.075246571860171,0.0505511513828885,-0.174326828570633,0.0238336848502905,0.136631550841425
ACAN,Aggrecan core protein,Health and medical history,X29153.Pain or discomfort today,16962,0.0656023724462989,0.047714849587164,-0.0279187327445426,0.15912347763714,0.169185659573455
ACAN,Aggrecan core protein,Mental health,X29154.Anxiety or depression today,16962,-0.0361468046631188,0.0594247169645494,-0.152619249913636,0.0803256405873981,0.543010630134756
ACAN,Aggrecan core protein,Mental health,X29166.Frequency of confiding in someone close,16547,-0.105964927886431,0.0467621337716444,-0.197618710078854,-0.0143111456940082,0.0234617265761185
ACAN,Aggrecan core protein,Lifestyle factors,X29167#0.Sports and social activities attended in person at least once a week_None of the above,16910,-0.00144608379171851,0.00506844353352779,-0.011380233117433,0.00848806553399596,0.775409217315719
ACAN,Aggrecan core protein,Lifestyle factors,X29167#1.Sports and social activities attended in person at least once a week_Sports club or gym or fitness class,16910,-0.00383218883130868,0.00509311834185433,-0.0138147007813432,0.00615032311872581,0.451806086111936
ACAN,Aggrecan core protein,Lifestyle factors,X29167#2.Sports and social activities attended in person at least once a week_Pub or social club,16910,-0.00939671287143388,0.00635132695559824,-0.0218453137044064,0.00305188796153866,0.139028543819664
ACAN,Aggrecan core protein,Lifestyle factors,X29167#3.Sports and social activities attended in person at least once a week_Religious group,16910,0.0179039445100612,0.0068614510691548,0.00445550041451783,0.0313523886056046,0.00907936891590553
ACAN,Aggrecan core protein,Lifestyle factors,X29167#4.Sports and social activities attended in person at least once a week_Adult education class,16910,0.0141812425057686,0.0110622496069874,-0.00750076672392662,0.0358632517354639,0.19987804213678
ACAN,Aggrecan core protein,Lifestyle factors,X29167#5.Sports and social activities attended in person at least once a week_Other group activity,16910,-0.000733222136977739,0.00523478018618462,-0.0109933913018996,0.00952694702794413,0.888608394156721
ACAN,Aggrecan core protein,Lifestyle factors,X29168#0.Sports and social activities attended virtually at least once a week_None of the above,16906,-0.00048890606404651,0.00569830137715148,-0.0116575767632634,0.0106797646351704,0.931627566479765
ACAN,Aggrecan core protein,Lifestyle factors,X29168#1.Sports and social activities attended virtually at least once a week_Sports club or gym or fitness class,16906,-0.00879013778316062,0.00834448517863248,-0.0251453287332803,0.00756505316695904,0.292169637060342
ACAN,Aggrecan core protein,Lifestyle factors,X29168#2.Sports and social activities attended virtually at least once a week_Pub or social club,16906,0.00287831282005967,0.0128910218951927,-0.022388090094518,0.0281447157346373,0.823319962873738
ACAN,Aggrecan core protein,Lifestyle factors,X29168#3.Sports and social activities attended virtually at least once a week_Religious group,16906,0.0191716502323654,0.0114931158182923,-0.00335485677148742,0.0416981572362183,0.0953146925348282
ACAN,Aggrecan core protein,Lifestyle factors,X29168#4.Sports and social activities attended virtually at least once a week_Adult education class,16906,0.0280792335040785,0.0170426976121239,-0.0053244538156843,0.0614829208238412,0.0994571760381534
ACAN,Aggrecan core protein,Lifestyle factors,X29168#5.Sports and social activities attended virtually at least once a week_Other group activity,16906,0.00945236446983679,0.00818815424131742,-0.00659641784314536,0.0255011467828189,0.248354587506576
ACAN,Aggrecan core protein,Mental health,X29171.Frequency of feeling 'in tune' with people,16626,-0.0157965177852987,0.0580302289534628,-0.129535766534086,0.0979427309634884,0.785462490164817
ACAN,Aggrecan core protein,Mental health,X29172.Freuency of feeling that lacks companionship,16842,0.134170470002945,0.0528867694849904,0.0305124018123641,0.237828538193527,0.0111916208712929
ACAN,Aggrecan core protein,Mental health,X29173.Frequency of feeling left out,16758,-0.0131708484951487,0.0548292623920613,-0.120636202783589,0.0942945057932915,0.810166000285622
ACAN,Aggrecan core protein,Mental health,X29174.Frequency of feeling isolated from others,16821,-0.00157957398840783,0.0566814632404048,-0.112675241939601,0.109516093962786,0.977768113903599
ACAN,Aggrecan core protein,Mental health,X29175.Tendency to bounce back quickly after hard times,16940,-0.0109892522198024,0.0468806438769039,-0.102875314218534,0.0808968097789292,0.814670186041603
ACAN,Aggrecan core protein,Mental health,X29176.Ability to make it through stressful events,16940,0.0638053156925527,0.0456230500413978,-0.0256158623885871,0.153226493773692,0.161971561732793
ACAN,Aggrecan core protein,Mental health,X29177.Quick recovery from stressful events,16940,-0.0213891578954343,0.0464827347197252,-0.112495317946096,0.069717002155227,0.645412500170115
ACAN,Aggrecan core protein,Mental health,X29178.Hard to snap back when something bad happens,16940,0.0590062496100111,0.0458337446038472,-0.0308278898135294,0.148840389033552,0.197973370908921
ACAN,Aggrecan core protein,Mental health,X29179.Comes through difficult times with little trouble,16940,-0.0851644159842446,0.0463150531814175,-0.175941920219823,0.00561308825133376,0.0659611785156708
ACAN,Aggrecan core protein,Mental health,X29180.Tendency to take a long time to get over setbacks,16940,0.0598408512647487,0.0461529588671283,-0.0306189481148228,0.15030065064432,0.194794551599395
ACAN,Aggrecan core protein,Mental health,X29181.General happiness,16842,0.0848642476290071,0.047880432157525,-0.00898139939974199,0.178709894657756,0.0763429155098258
ACAN,Aggrecan core protein,Mental health,X29182.Belief that own life is meaningful,16656,-0.0650576918355038,0.0476875451252396,-0.158525280280973,0.0284098966099657,0.172507622648109
ACAN,Aggrecan core protein,Lifestyle factors,X2926.Number of unsuccessful stop-smoking attempts,11328,-0.136920725366047,0.0556052383407196,-0.245906992513857,-0.0279344582182365,0.013816977365209
ACAN,Aggrecan core protein,Health and medical history,X2946.Father's age,11091,-0.00578032101644577,0.00444077654408237,-0.0144842430428472,0.00292360100995567,0.193064343009279
ACAN,Aggrecan core protein,Health and medical history,X2966.Age high blood pressure diagnosed,12730,0.00123988598216326,0.00358242075678539,-0.0057816587011361,0.00826143066546261,0.729271158526961
ACAN,Aggrecan core protein,Blood and urine assays,X30000.White blood cell (leukocyte) count,49340,-0.0390594849224756,0.00148204889271052,-0.0419643007521882,-0.036154669092763,5.09878808971185e-152
ACAN,Aggrecan core protein,Blood and urine assays,X30010.Red blood cell (erythrocyte) count,49341,0.0217879770901319,0.00166458293616799,0.0185253945352427,0.0250505596450212,4.41366506713008e-39
ACAN,Aggrecan core protein,Blood and urine assays,X30020.Haemoglobin concentration,49341,0.0180339253241837,0.00178114067838367,0.0145428895945517,0.0215249610538157,4.52147204865824e-24
ACAN,Aggrecan core protein,Blood and urine assays,X30030.Haematocrit percentage,49341,0.0185815920535231,0.00174035413258008,0.0151704979536662,0.0219926861533801,1.39589166624594e-26
ACAN,Aggrecan core protein,Blood and urine assays,X30040.Mean corpuscular volume,49341,-0.0095260417648622,0.00147288287548925,-0.0124128922008211,-0.00663919132890326,1.00489195206165e-10
ACAN,Aggrecan core protein,Blood and urine assays,X30050.Mean corpuscular haemoglobin,49340,-0.0101739548393416,0.00147631431826157,-0.0130675309031343,-0.00728037877554895,5.5885448149506e-12
ACAN,Aggrecan core protein,Blood and urine assays,X30060.Mean corpuscular haemoglobin concentration,49340,-0.0014427872751138,0.00144268905843974,-0.00427045782965569,0.00138488327942809,0.317282468636523
ACAN,Aggrecan core protein,Blood and urine assays,X30070.Red blood cell (erythrocyte) distribution width,49341,0.00141903699944537,0.00144063846718343,-0.00140461439623416,0.00424268839512489,0.324626137358334
ACAN,Aggrecan core protein,Blood and urine assays,X30080.Platelet count,49341,-0.0173838228825818,0.00146921906847016,-0.0202634922567833,-0.0145041535083803,2.94869781276471e-32
ACAN,Aggrecan core protein,Blood and urine assays,X30090.Platelet crit,49341,-0.018540157905519,0.00150120431862486,-0.0214825183700237,-0.0155977974410142,5.4749244065952e-35
ACAN,Aggrecan core protein,Blood and urine assays,X30100.Mean platelet (thrombocyte) volume,49341,0.00338697308050643,0.00141394253879712,0.000615645704464071,0.0061583004565488,0.016605462450895
ACAN,Aggrecan core protein,Blood and urine assays,X30110.Platelet distribution width,49341,0.0011227330564866,0.00142948165351526,-0.00167905098440331,0.00392451709737651,0.432215404690432
ACAN,Aggrecan core protein,Blood and urine assays,X30120.Lymphocyte count,49265,-0.0103946353343374,0.00146859901742129,-0.0132730894084832,-0.00751618126019169,1.48277181182469e-12
ACAN,Aggrecan core protein,Blood and urine assays,X30130.Monocyte count,49265,-0.0207680675557054,0.00147909275919168,-0.0236670893637211,-0.0178690457476897,1.06575740696376e-44
ACAN,Aggrecan core protein,Blood and urine assays,X30140.Neutrophill count,49265,-0.0400193053073015,0.00146561396543039,-0.0428919086795451,-0.0371467019350579,6.01010105444693e-163
ACAN,Aggrecan core protein,Blood and urine assays,X30150.Eosinophill count,49265,-0.00717493478414563,0.00143689689782614,-0.00999125270388487,-0.00435861686440639,5.95419945133313e-07
ACAN,Aggrecan core protein,Blood and urine assays,X30160.Basophill count,49265,-0.270476728836875,0.0293981059364541,-0.328097016472325,-0.212856441201425,3.69849804922951e-20
ACAN,Aggrecan core protein,Blood and urine assays,X30170.Nucleated red blood cell count,49265,-0.0224127774918248,0.135780372796721,-0.288542308173398,0.243716753189748,0.868892395626106
ACAN,Aggrecan core protein,Blood and urine assays,X30180.Lymphocyte percentage,49266,0.0228106348157836,0.00144391530138243,0.0199805608250741,0.0256407088064932,4.42848909861057e-56
ACAN,Aggrecan core protein,Blood and urine assays,X30190.Monocyte percentage,49266,0.0071703093716509,0.00146501134683606,0.00429888713185222,0.0100417316114496,9.8931788596618e-07
ACAN,Aggrecan core protein,Blood and urine assays,X30200.Neutrophill percentage,49266,-0.0224070180547051,0.00142997091591032,-0.0252097610498893,-0.0196042750595209,3.32188500803186e-55
ACAN,Aggrecan core protein,Blood and urine assays,X30210.Eosinophill percentage,49266,0.00588455795921557,0.0014220545754829,0.00309733099126908,0.00867178492716206,3.50824517048523e-05
ACAN,Aggrecan core protein,Blood and urine assays,X30220.Basophill percentage,49266,0.000134276884446407,0.00141629657466777,-0.00264166440190243,0.00291021817079524,0.92446735984797
ACAN,Aggrecan core protein,Blood and urine assays,X30230.Nucleated red blood cell percentage,49264,-0.0209673662037463,0.136029653530205,-0.287585487122947,0.245650754715455,0.877501398994774
ACAN,Aggrecan core protein,Blood and urine assays,X30240.Reticulocyte percentage,48480,-0.018178217413538,0.00152360192078676,-0.0211644771782801,-0.015191957648796,9.06031738081349e-33
ACAN,Aggrecan core protein,Blood and urine assays,X30250.Reticulocyte count,48480,-0.0141362032974353,0.00155720038317294,-0.0171883160484543,-0.0110840905464163,1.1466488853161e-19
ACAN,Aggrecan core protein,Blood and urine assays,X30260.Mean reticulocyte volume,48480,-0.000454131420616913,0.0014532881521184,-0.00330257619876898,0.00239431335753516,0.754672953839102
ACAN,Aggrecan core protein,Blood and urine assays,X30270.Mean sphered cell volume,48480,-0.00322303289647678,0.00146535926874336,-0.00609513706321375,-0.000350928729739798,0.0278482965180983
ACAN,Aggrecan core protein,Blood and urine assays,X30280.Immature reticulocyte fraction,48480,-0.0171407728297131,0.0015226557563797,-0.0201251781122173,-0.0141563675472089,2.32250644577364e-29
ACAN,Aggrecan core protein,Blood and urine assays,X30290.High light scatter reticulocyte percentage,48480,-0.0217599809696332,0.0015555966354582,-0.0248089503751313,-0.0187110115641352,2.24551976934491e-44
ACAN,Aggrecan core protein,Blood and urine assays,X30300.High light scatter reticulocyte count,48480,-0.0188006297055665,0.00158010044277139,-0.0218976265733984,-0.0157036328377346,1.33983136581765e-32
ACAN,Aggrecan core protein,Blood and urine assays,X30500.Microalbumin in urine,16057,0.0128151155396089,0.00259628450598733,0.00772639790787369,0.017903833171344,8.05645374912147e-07
ACAN,Aggrecan core protein,Blood and urine assays,X30510.Creatinine (enzymatic) in urine,49442,-0.0034784741916655,0.00154287082768221,-0.00650250101392263,-0.000454447369408369,0.0241661605091201
ACAN,Aggrecan core protein,Blood and urine assays,X30520.Potassium in urine,49344,-0.00707490213256988,0.00143796509609227,-0.00989331372091073,-0.00425649054422903,8.67873718101947e-07
ACAN,Aggrecan core protein,Blood and urine assays,X30530.Sodium in urine,49325,-0.00702283817094709,0.00150355321696279,-0.00996980247619415,-0.00407587386570003,3.00778301065342e-06
ACAN,Aggrecan core protein,Blood and urine assays,X30600.Albumin,44458,0.0170191973961194,0.0015445865005349,0.013991807855071,0.0200465869371679,3.38097467491938e-28
ACAN,Aggrecan core protein,Blood and urine assays,X30610.Alkaline phosphatase,48517,0.0545054966085435,0.00146218712458579,0.0516396098443554,0.0573713833727317,6.92473528127965e-300
ACAN,Aggrecan core protein,Blood and urine assays,X30620.Alanine aminotransferase,48512,0.0198531913195395,0.00156698882407443,0.0167818932243536,0.0229244894147253,9.96167195124277e-37
ACAN,Aggrecan core protein,Blood and urine assays,X30630.Apolipoprotein A,44181,0.025040474265555,0.00169444064471886,0.021719370601906,0.0283615779292039,2.66403310439827e-49
ACAN,Aggrecan core protein,Blood and urine assays,X30640.Apolipoprotein B,48263,0.0357714325695255,0.00142694198552204,0.0329746262779023,0.0385682388611487,8.37851384559134e-138
ACAN,Aggrecan core protein,Blood and urine assays,X30650.Aspartate aminotransferase,48370,0.0482833629745904,0.00147382320858199,0.0453946694857697,0.0511720564634111,7.66578257531777e-233
ACAN,Aggrecan core protein,Blood and urine assays,X30660.Direct bilirubin,41156,-0.00413045793769173,0.00160997527779091,-0.00728600948216192,-0.000974906393221549,0.0103050082113426
ACAN,Aggrecan core protein,Blood and urine assays,X30670.Urea,48495,0.0224298485819885,0.00151131160779109,0.019467677830718,0.0253920193332591,1.01854763202729e-49
ACAN,Aggrecan core protein,Blood and urine assays,X30680.Calcium,44452,0.0269153119714666,0.00149415339604092,0.0239867713152264,0.0298438526277068,2.75004916102281e-72
ACAN,Aggrecan core protein,Blood and urine assays,X30690.Cholesterol,48530,0.0542438700565426,0.00143592634916749,0.0514294544121743,0.0570582857009109,8.36026004545344e-308
ACAN,Aggrecan core protein,Blood and urine assays,X30700.Creatinine,48509,0.0525775134215257,0.0017396591656942,0.0491677814567651,0.0559872453862864,8.37200903565956e-199
ACAN,Aggrecan core protein,Blood and urine assays,X30710.C-reactive protein,48382,-0.0219557559675921,0.00160520558864281,-0.025101958921332,-0.0188095530138522,1.65260085211412e-42
ACAN,Aggrecan core protein,Blood and urine assays,X30720.Cystatin C,48530,0.0510136122222091,0.00166314918316504,0.0477538398232056,0.0542733846212126,1.19278496243456e-204
ACAN,Aggrecan core protein,Blood and urine assays,X30730.Gamma glutamyltransferase,48508,0.0100471383647489,0.00159934121041906,0.00691242959232753,0.0131818471371702,3.36969199707683e-10
ACAN,Aggrecan core protein,Blood and urine assays,X30740.Glucose,44403,-0.0153918816518586,0.00154284343150983,-0.0184158547776179,-0.0123679085260993,2.04848904312194e-23
ACAN,Aggrecan core protein,Blood and urine assays,X30750.Glycated haemoglobin (HbA1c),48259,-0.00665683639132146,0.00155790255428426,-0.0097103253977186,-0.00360334738492431,1.93274878006305e-05
ACAN,Aggrecan core protein,Blood and urine assays,X30760.HDL cholesterol,44426,0.0344325974520537,0.00176277058580285,0.0309775671038801,0.0378876278002273,1.29984660190296e-84
ACAN,Aggrecan core protein,Blood and urine assays,X30770.IGF-1,48277,0.0170442940207325,0.00150011661323917,0.0141040654587837,0.0199845225826812,7.05758253598169e-30
ACAN,Aggrecan core protein,Blood and urine assays,X30780.LDL direct,48419,0.0498201154271774,0.00141981050509901,0.0470372868371833,0.0526029440171715,2.19607257415116e-266
ACAN,Aggrecan core protein,Blood and urine assays,X30790.Lipoprotein A,38774,0.00869002436994993,0.00159634238006356,0.00556119330502535,0.0118188554348745,5.2498308606697e-08
ACAN,Aggrecan core protein,Blood and urine assays,X30810.Phosphate,44352,0.0147766424777467,0.00155189158997703,0.0117349349613917,0.0178183499941017,1.78625011563138e-21
ACAN,Aggrecan core protein,Blood and urine assays,X30830.SHBG,44035,-0.0031504545162236,0.0017835642434992,-0.00664624043348203,0.000345331401034835,0.0773388305688631
ACAN,Aggrecan core protein,Blood and urine assays,X30840.Total bilirubin,48337,0.0143684090065608,0.00152450854485813,0.0113803722586389,0.0173564457544827,4.48649583162547e-21
ACAN,Aggrecan core protein,Blood and urine assays,X30850.Testosterone,43825,-0.00312183777794427,0.00249127734454337,-0.00800474137324927,0.00176106581736073,0.210173354613285
ACAN,Aggrecan core protein,Blood and urine assays,X30860.Total protein,44419,0.00627213458923038,0.00152378752831813,0.00328551103372684,0.00925875814473392,3.85952521553077e-05
ACAN,Aggrecan core protein,Blood and urine assays,X30870.Triglycerides,48491,0.009324516473613,0.00156283508043833,0.00626135971595388,0.0123876732312721,2.44206837520135e-09
ACAN,Aggrecan core protein,Blood and urine assays,X30880.Urate,48457,0.0120699627541931,0.00179733962919362,0.00854717708097365,0.0155927484274126,1.89537719477538e-11
ACAN,Aggrecan core protein,Blood and urine assays,X30890.Vitamin D,46322,0.0166027629391312,0.00161852981564279,0.0134304445004714,0.0197750813777911,1.15856234296866e-24
ACAN,Aggrecan core protein,Physical measures,X3137.Number of measurements made,46137,0.109072405162336,0.0340106679636207,0.0424114959536399,0.175733314371033,0.0013421582877025
ACAN,Aggrecan core protein,Physical measures,X3143.Ankle spacing width,28835,0.022809514683961,0.002552853041286,0.0178059227230404,0.0278131066448815,4.31217393951228e-19
ACAN,Aggrecan core protein,Physical measures,"X3144.Heel Broadband ultrasound attenuation, direct entry",28833,-0.0247159057360834,0.00196473926604319,-0.0285667946975281,-0.0208650167746387,3.39816799584258e-36
ACAN,Aggrecan core protein,Physical measures,X3146.Speed of sound through heel,28835,-0.0262602302423002,0.0018972672137382,-0.0299788739812271,-0.0225415865033734,1.98388844451843e-43
ACAN,Aggrecan core protein,Physical measures,"X3147.Heel quantitative ultrasound index (QUI), direct entry",28835,-0.0266783716178052,0.00191701528551071,-0.0304357215774062,-0.0229210216582042,6.96486253690989e-44
ACAN,Aggrecan core protein,Physical measures,X3148.Heel bone mineral density (BMD),28814,-0.0268976875030508,0.00191913929997228,-0.0306592005309964,-0.0231361744751051,1.7551178227467e-44
ACAN,Aggrecan core protein,Health and medical history,X3526.Mother's age at death,30333,-0.001629964,0.001877657,-0.005310172,0.002050244,0.3853553
ACAN,Aggrecan core protein,Health and medical history,X3581.Age at menopause (last menstrual period),15705,0.00685264543415694,0.00250294513063456,0.0019468729781132,0.0117584178902007,0.00619152000021944
ACAN,Aggrecan core protein,Health and medical history,"X3761.Age hay fever, rhinitis or eczema diagnosed",10044,-0.000616264092419816,0.00329135864496055,-0.0070673270365425,0.00583479885170287,0.851478609410224
ACAN,Aggrecan core protein,Physical measures,X4100.Ankle spacing width (left),16405,0.0260204020051686,0.00340273488894567,0.0193510416228351,0.0326897623875021,2.17247165037575e-14
ACAN,Aggrecan core protein,Physical measures,X4101.Heel broadband ultrasound attenuation (left),16401,-0.0278677448173517,0.00261648137989054,-0.0329960483219371,-0.0227394413127662,2.10798665021065e-26
ACAN,Aggrecan core protein,Physical measures,X4103.Speed of sound through heel (left),16405,-0.0273656680269329,0.00253176646698653,-0.0323279303022265,-0.0224034057516393,3.85584786980578e-27
ACAN,Aggrecan core protein,Physical measures,"X4104.Heel quantitative ultrasound index (QUI), direct entry (left)",16405,-0.0285032011796447,0.00255704600806703,-0.0335150113554561,-0.0234913910038333,9.4046663713992e-29
ACAN,Aggrecan core protein,Physical measures,X4105.Heel bone mineral density (BMD) (left),16393,-0.0287220431257449,0.00255994932536629,-0.0337395438034628,-0.023704542448027,4.16426837262258e-29
ACAN,Aggrecan core protein,Physical measures,"X4106.Heel bone mineral density (BMD) T-score, automated (left)",16405,-0.0284979635722822,0.0025570558929954,-0.0335097931225532,-0.0234861340220112,9.62654430390571e-29
ACAN,Aggrecan core protein,Physical measures,X4119.Ankle spacing width (right),16390,0.0225480526896889,0.00334875308942935,0.0159844966344074,0.0291116087449705,1.71406602016969e-11
ACAN,Aggrecan core protein,Physical measures,X4120.Heel broadband ultrasound attenuation (right),16389,-0.0257053699769385,0.00262019264751785,-0.0308409475660735,-0.0205697923878035,1.17168217497658e-22
ACAN,Aggrecan core protein,Physical measures,X4122.Speed of sound through heel (right),16390,-0.0246645601049408,0.00253001586241923,-0.0296233911952825,-0.0197057290145991,2.14812023590693e-22
ACAN,Aggrecan core protein,Physical measures,"X4123.Heel quantitative ultrasound index (QUI), direct entry (right)",16390,-0.0258705981139228,0.00255723859716538,-0.0308827857643669,-0.0208584104634786,5.48450686803782e-24
ACAN,Aggrecan core protein,Physical measures,X4124.Heel bone mineral density (BMD) (right),16376,-0.0262563934790057,0.00255949050579099,-0.031272994870356,-0.0212397920876554,1.28748819932023e-24
ACAN,Aggrecan core protein,Physical measures,"X4125.Heel bone mineral density (BMD) T-score, automated (right)",16390,-0.0258702281907802,0.002557242629937,-0.0308824237454568,-0.0208580326361037,5.49345509073318e-24
ACAN,Aggrecan core protein,Physical measures,X4194.Pulse rate,17040,-0.00578934390332832,0.00244788820077957,-0.0105872047768563,-0.000991483029800356,0.0180394619733731
ACAN,Aggrecan core protein,Physical measures,X4195.Pulse wave reflection index,17040,0.0101340047818974,0.00250822853512216,0.00521787685305797,0.0150501327107368,5.36163612424678e-05
ACAN,Aggrecan core protein,Physical measures,X4196.Pulse wave peak to peak time,17030,-0.00278048246746228,0.00250011152899729,-0.00768070106429697,0.0021197361293724,0.266092222945919
ACAN,Aggrecan core protein,Physical measures,X4198.Position of the pulse wave peak,17040,0.00372311245758651,0.0025219805061962,-0.00121996933455804,0.00866619424973106,0.139891163451281
ACAN,Aggrecan core protein,Physical measures,X4199.Position of pulse wave notch,17040,-0.010743267058759,0.00244268384035853,-0.0155309273858618,-0.00595560673165631,1.09844501146648e-05
ACAN,Aggrecan core protein,Physical measures,X4200.Position of the shoulder on the pulse waveform,17040,-0.00240712019621282,0.00253570660793465,-0.00737710514776474,0.0025628647553391,0.342486758376342
ACAN,Aggrecan core protein,Physical measures,X4269.Number of triplets attempted (left),16717,0.103505614778438,0.142399509199861,-0.175597423253289,0.382608652810165,0.467317153186663
ACAN,Aggrecan core protein,Physical measures,X4270.Volume level set by participant (left),16536,-0.125657132117976,0.0457132905201141,-0.215255181537399,-0.0360590826985523,0.00598770804911807
ACAN,Aggrecan core protein,Physical measures,X4276.Number of triplets attempted (right),16721,-0.0386450097174052,0.139639143020231,-0.312337730037058,0.235047710602247,0.781976179552712
ACAN,Aggrecan core protein,Physical measures,X4277.Volume level set by participant (right),16524,-0.0862011609707382,0.0453492863450202,-0.175085762206978,0.00268344026550132,0.0573420395867017
ACAN,Aggrecan core protein,Cognitive function,X4288.Time to answer,17071,0.00561000548057913,0.0028314137410391,6.04345481424887e-05,0.0111595764130158,0.047568706342833
ACAN,Aggrecan core protein,Cognitive function,X4290.Duration screen displayed,17071,-0.000997583239530762,0.00258130830029642,-0.00605694750811175,0.00406178102905023,0.699157734141492
ACAN,Aggrecan core protein,Physical measures,X46.Hand grip strength (left),50750,0.00634010440682512,0.00202922996389481,0.00236281367759129,0.010317395136059,0.00178274898408546
ACAN,Aggrecan core protein,Physical measures,X47.Hand grip strength (right),50756,0.000976098224694195,0.00200996221244123,-0.00296342771169061,0.004915624161079,0.627231521910816
ACAN,Aggrecan core protein,Physical measures,X48.Waist circumference,50899,-0.0173435,0.003124002,-0.02346655,-0.01122046,2.843239e-08
ACAN,Aggrecan core protein,Health and medical history,X4803.Tinnitus,16759,0.00550008995877605,0.0535422868259662,-0.0994427922201176,0.11044297213767,0.918183076286513
ACAN,Aggrecan core protein,Working and living environment,X4825.Noisy workplace,16973,0.0326298401596173,0.0610195386523292,-0.0869684555989479,0.152228135918183,0.592833812245006
ACAN,Aggrecan core protein,Working and living environment,X4836.Loud music exposure frequency,16869,0.0705507605653084,0.0770146008203186,-0.0803978570425161,0.221499378173133,0.359643321803506
ACAN,Aggrecan core protein,Physical measures,X49.Hip circumference,50890,0.0199382747166936,0.00249980085012893,0.0150386650504409,0.0248378843829463,1.54349449368644e-15
ACAN,Aggrecan core protein,Physical measures,X50.Standing height,50845,0.0180703107766705,0.00198779886703777,0.0141742249972764,0.0219663965560645,1.01924551096084e-19
ACAN,Aggrecan core protein,Health and medical history,X5057.Number of older siblings,14980,-0.0205313676847799,0.0484885694785188,-0.115568963862677,0.074506228493117,0.671989861584003
ACAN,Aggrecan core protein,Physical measures,X51.Seated height,50618,0.0148974106256613,0.00184731341677552,0.0112766763287812,0.0185181449225413,7.52181945264098e-16
ACAN,Aggrecan core protein,Eye measures,X5181.Ever had eye surgery,11520,-0.136694732782758,0.109986257550808,-0.352267797582342,0.0788783320168259,0.21395409885669
ACAN,Aggrecan core protein,Eye measures,X5186.Duration visual-acuity screen displayed (right),11493,-0.00309973465892014,0.00299496644479208,-0.00896986889071263,0.00277039957287234,0.300699385702012
ACAN,Aggrecan core protein,Eye measures,X5188.Duration visual-acuity screen displayed (left),11491,-0.000550280021281637,0.00302797244056567,-0.00648510600479036,0.00538454596222708,0.855796122781182
ACAN,Aggrecan core protein,Eye measures,X5190.Duration at which refractometer first shown (right),11370,0.00281592624730205,0.00304102277505425,-0.00314447839180428,0.00877633088640837,0.354476055389897
ACAN,Aggrecan core protein,Eye measures,X5193.Duration at which refractometer first shown (left),11367,0.0026551910987308,0.00305804497432294,-0.00333857705094217,0.00864895924840376,0.38526804636163
ACAN,Aggrecan core protein,Eye measures,"X5199.logMAR, initial (right)",11453,0.0472833749621116,0.0568748323153703,-0.0641912963760142,0.158758046300237,0.405788493481903
ACAN,Aggrecan core protein,Eye measures,X5200.Final number of letters displayed (right),11453,-0.525519785275416,0.384503715783454,-1.27914706821099,0.228107497660153,0.171731090261328
ACAN,Aggrecan core protein,Eye measures,"X5201.logMAR, final (right)",11342,0.00401389042969686,0.00304862566384663,-0.00196141587144253,0.00998919673083625,0.187991687717913
ACAN,Aggrecan core protein,Eye measures,X5202.Number of rounds to result (right),11453,-0.0648661192861026,0.0537622775046803,-0.170240183195276,0.0405079446230708,0.227635890754208
ACAN,Aggrecan core protein,Eye measures,"X5206.logMAR, initial (left)",11447,0.0163087572944125,0.0568784702704588,-0.0951730444356868,0.127790559024512,0.774324348492916
ACAN,Aggrecan core protein,Eye measures,X5207.Final number of letters displayed (left),11447,0.250004438568095,0.348334609355115,-0.43273139576793,0.93274027290412,0.472948647356478
ACAN,Aggrecan core protein,Eye measures,"X5208.logMAR, final (left)",11338,0.00195804792884754,0.00304632140698254,-0.00401274202883823,0.00792883788653331,0.52039405226865
ACAN,Aggrecan core protein,Eye measures,X5209.Number of rounds to result (left),11441,0.0535724681404843,0.053675793778647,-0.0516320876656638,0.158777023946632,0.318264143862085
ACAN,Aggrecan core protein,Eye measures,"X5254.Intra-ocular pressure, corneal-compensated (right)",10958,0.00472917289068437,0.00302652134026546,-0.00120280893623594,0.0106611547176047,0.118181015852607
ACAN,Aggrecan core protein,Eye measures,"X5255.Intra-ocular pressure, Goldmann-correlated (right)",10958,0.00142578530989364,0.00301104181237419,-0.00447585664235976,0.00732742726214704,0.635852440885136
ACAN,Aggrecan core protein,Eye measures,X5256.Corneal hysteresis (right),10958,-0.00581180527667342,0.00305983371835497,-0.0118090793646492,0.000185468811302311,0.0575400122177531
ACAN,Aggrecan core protein,Eye measures,X5257.Corneal resistance factor (right),10958,-0.00368275159579142,0.00304131606081607,-0.00964373107499092,0.00227822788340807,0.225957111274358
ACAN,Aggrecan core protein,Eye measures,"X5262.Intra-ocular pressure, corneal-compensated (left)",10931,0.00111560533282476,0.00303066268047014,-0.00482449352089671,0.00705570418654624,0.712801280873564
ACAN,Aggrecan core protein,Eye measures,"X5263.Intra-ocular pressure, Goldmann-correlated (left)",10931,0.00162226686371417,0.00300681166487297,-0.00427108399943684,0.00751561772686519,0.58953180086841
ACAN,Aggrecan core protein,Eye measures,X5264.Corneal hysteresis (left),10931,-0.000269515118874268,0.0030645360607505,-0.00627600579794525,0.00573697556019671,0.929920837587577
ACAN,Aggrecan core protein,Eye measures,X5265.Corneal resistance factor (left),10931,0.000754296847499093,0.00303710779560331,-0.0051984344318834,0.00670702812688159,0.803860358575132
ACAN,Aggrecan core protein,Lifestyle factors,X5364.Average weekly intake of other alcoholic drinks,11408,0.62789288337251,0.248360339022728,0.141106618887963,1.11467914785706,0.0114798399178274
ACAN,Aggrecan core protein,Diet and food preferences,"X6144#1.Never eat eggs, dairy, wheat, sugar_Eggs or foods containing eggs",50735,0.00077557308517702,0.00807076920871252,-0.0150431345638995,0.0165942807342535,0.923444270157092
ACAN,Aggrecan core protein,Diet and food preferences,"X6144#2.Never eat eggs, dairy, wheat, sugar_Dairy products",50735,0.00598617512458817,0.00882823135021057,-0.0113171583218246,0.0232895085710009,0.497729234164696
ACAN,Aggrecan core protein,Diet and food preferences,"X6144#3.Never eat eggs, dairy, wheat, sugar_Wheat products",50735,-0.00704855773484087,0.00839244282529304,-0.0234977456724152,0.00940063020273349,0.40098545379062
ACAN,Aggrecan core protein,Diet and food preferences,"X6144#4.Never eat eggs, dairy, wheat, sugar_Sugar or foods or drinks containing sugar",50735,-0.026274802613664,0.00359467024242575,-0.0333203562888185,-0.0192292489385096,2.7232445150414e-13
ACAN,Aggrecan core protein,Diet and food preferences,"X6144#5.Never eat eggs, dairy, wheat, sugar_I eat all of the above",50735,0.0216517649887293,0.00330728611331773,0.0151694842066266,0.0281340457708321,5.93872840874924e-11
ACAN,Aggrecan core protein,Mental health,"X6145#3.Illness, injury, bereavement, stress in last 2 years_Death of a close relative",22922,-0.00513834670980503,0.00418594865050809,-0.0133428060648009,0.00306611264519083,0.219638833991139
ACAN,Aggrecan core protein,Mental health,"X6145#4.Illness, injury, bereavement, stress in last 2 years_Death of a spouse or partner",22922,-0.0151482679857066,0.0113882103785304,-0.0374691603276262,0.00717262435621294,0.183475155938646
ACAN,Aggrecan core protein,Mental health,"X6145#5.Illness, injury, bereavement, stress in last 2 years_Marital separation or divorce",22922,-0.0124557310957474,0.00812312042160012,-0.0283770471220836,0.00346558493058888,0.125199073264701
ACAN,Aggrecan core protein,Mental health,"X6145#6.Illness, injury, bereavement, stress in last 2 years_Financial difficulties",22922,-9.41944376874447e-05,0.00495609923627229,-0.00980814894078113,0.00961976006540624,0.984836675130921
ACAN,Aggrecan core protein,Eye measures,X6147#1.Reason for glasses or contact lenses_For short-sightedness,50889,-0.00336574287658958,0.00553871601172753,-0.0142216262595755,0.00749014050639637,0.543405325422037
ACAN,Aggrecan core protein,Eye measures,X6147#2.Reason for glasses or contact lenses_For long-sightedness,50889,-0.0104166088358209,0.00710412060585818,-0.0243406852233029,0.00350746755166113,0.142579012293672
ACAN,Aggrecan core protein,Eye measures,X6147#3.Reason for glasses or contact lenses_For just reading or near work as you are getting older (called 'presbyopia'),50889,0.00244036352226172,0.0054672504203296,-0.0082754473015843,0.0131561743461077,0.655338906964328
ACAN,Aggrecan core protein,Eye measures,X6147#4.Reason for glasses or contact lenses_For 'astigmatism',50889,-0.00319534795628708,0.00899445271516039,-0.0208244752780014,0.0144337793654273,0.722398066818787
ACAN,Aggrecan core protein,Eye measures,X6147#5.Reason for glasses or contact lenses_For a 'squint' or 'turn' in an eye since childhood (called 'strabismus'),50889,-0.0115189575348254,0.0215385560164579,-0.0537345273270828,0.030696612257432,0.592786076555506
ACAN,Aggrecan core protein,Eye measures,X6147#6.Reason for glasses or contact lenses_For a 'lazy' eye or an eye with poor vision since childhood (called 'amblyopia'),50889,-0.0053322069711617,0.0150471442288249,-0.0348246096596585,0.0241601957173351,0.723065549427525
ACAN,Aggrecan core protein,Eye measures,X6147#7.Reason for glasses or contact lenses_Other eye condition,50889,-0.000860540356621292,0.0236758588864477,-0.0472652237740588,0.0455441430608162,0.97100602167574
ACAN,Aggrecan core protein,Health and medical history,X6149#1.Mouth or teeth dental problems_Mouth ulcers,50734,0.0126628721664106,0.00459481945884684,0.00365702602707079,0.0216687183057504,0.0058551423204941
ACAN,Aggrecan core protein,Health and medical history,X6149#2.Mouth or teeth dental problems_Painful gums,50734,-0.00109790008172374,0.00784133132728777,-0.0164669094832078,0.0142711093197603,0.888649090206858
ACAN,Aggrecan core protein,Health and medical history,X6149#3.Mouth or teeth dental problems_Bleeding gums,50734,-0.00360809075091289,0.00412322163247077,-0.0116896051505556,0.00447342364872982,0.381542180102903
ACAN,Aggrecan core protein,Health and medical history,X6149#4.Mouth or teeth dental problems_Loose teeth,50734,-0.00600452665934419,0.0069064757636429,-0.0195412191560843,0.0075321658373959,0.384629597269501
ACAN,Aggrecan core protein,Health and medical history,X6149#5.Mouth or teeth dental problems_Toothache,50734,-2.06648944265453e-05,0.00687127101107678,-0.013488356076137,0.0134470262872839,0.997600430246294
ACAN,Aggrecan core protein,Health and medical history,X6149#6.Mouth or teeth dental problems_Dentures,50734,-0.00408614043965758,0.00384969995788613,-0.0116315523571144,0.00345927147779924,0.288505080262051
ACAN,Aggrecan core protein,Health and medical history,X6150#1.Vascular or heart problems diagnosed by doctor_Heart attack,15813,-0.0738361079708515,0.00932824785944661,-0.0921194737753669,-0.0555527421663362,2.62885738222953e-15
ACAN,Aggrecan core protein,Health and medical history,X6150#2.Vascular or heart problems diagnosed by doctor_Angina,15813,-0.0663520256885422,0.00801358186160871,-0.0820586461372953,-0.0506454052397892,1.33002969762214e-16
ACAN,Aggrecan core protein,Health and medical history,X6150#3.Vascular or heart problems diagnosed by doctor_Stroke,15813,-0.00679672468910297,0.0110971437173464,-0.0285471263751019,0.014953676996896,0.540232253691567
ACAN,Aggrecan core protein,Health and medical history,X6150#4.Vascular or heart problems diagnosed by doctor_High blood pressure,15813,0.0483174846940231,0.00884252150755856,0.0309861425392083,0.0656488268488379,4.71982504113147e-08
ACAN,Aggrecan core protein,Health and medical history,X6151#1.Fractured bone site(s)_Ankle,50680,0.00937196754215833,0.0116589472663276,-0.0134795690998438,0.0322235041841604,0.421491206136228
ACAN,Aggrecan core protein,Health and medical history,X6151#2.Fractured bone site(s)_Leg,50680,0.0255692269179891,0.0173042390047067,-0.00834708153123596,0.0594855353672142,0.139513609279296
ACAN,Aggrecan core protein,Health and medical history,X6151#3.Fractured bone site(s)_Hip,50680,0.0610309529018151,0.0309138565930902,0.000439793979358262,0.121622111824272,0.0483614238811042
ACAN,Aggrecan core protein,Health and medical history,X6151#4.Fractured bone site(s)_Spine,50680,0.0126516685554919,0.0296371381836355,-0.0454371222844337,0.0707404593954175,0.669464442758823
ACAN,Aggrecan core protein,Health and medical history,X6151#5.Fractured bone site(s)_Wrist,50680,0.0377903106576764,0.0101797178721642,0.0178380636282346,0.0577425576871182,0.000205592700669728
ACAN,Aggrecan core protein,Health and medical history,X6151#6.Fractured bone site(s)_Arm,50680,0.0464360717138734,0.0136468371454487,0.0196882709087939,0.0731838725189529,0.00066775459920553
ACAN,Aggrecan core protein,Health and medical history,X6151#7.Fractured bone site(s)_Other bones,50680,0.0267124004986997,0.00627582477681893,0.0144117839361346,0.0390130170612648,2.08121005202713e-05
ACAN,Aggrecan core protein,Health and medical history,"X6152#5.Blood clot, DVT, bronchitis, emphysema, asthma, rhinitis, eczema, allergy diagnosed by doctor_Blood clot in the leg (DVT)",16439,0.063441784539457,0.0100978169858712,0.0436500632471495,0.0832335058317644,3.41070131739719e-10
ACAN,Aggrecan core protein,Health and medical history,"X6152#6.Blood clot, DVT, bronchitis, emphysema, asthma, rhinitis, eczema, allergy diagnosed by doctor_Emphysema or chronic bronchitis",16439,-0.0466076961745708,0.0108645829208618,-0.0679022786994599,-0.0253131136496817,1.79796176612605e-05
ACAN,Aggrecan core protein,Health and medical history,"X6152#7.Blood clot, DVT, bronchitis, emphysema, asthma, rhinitis, eczema, allergy diagnosed by doctor_Blood clot in the lung",16439,0.0788739519829447,0.014690713370875,0.0500801537760297,0.10766775018986,8.02650936811349e-08
ACAN,Aggrecan core protein,Health and medical history,"X6152#8.Blood clot, DVT, bronchitis, emphysema, asthma, rhinitis, eczema, allergy diagnosed by doctor_Asthma",16439,-0.023773387286055,0.00519020933066648,-0.0339461975741613,-0.0136005769979487,4.67432040243675e-06
ACAN,Aggrecan core protein,Health and medical history,"X6154#1.Medication for pain relief, constipation, heartburn_Aspirin",23086,-0.0544270033899436,0.00482180032258967,-0.0638777320222194,-0.0449762747576679,1.80354652994986e-29
ACAN,Aggrecan core protein,Health and medical history,"X6154#2.Medication for pain relief, constipation, heartburn_Ibuprofen",23086,0.0170030477056781,0.00471556014767053,0.00776054981624385,0.0262455455951123,0.000311930086442993
ACAN,Aggrecan core protein,Health and medical history,"X6154#3.Medication for pain relief, constipation, heartburn_Paracetamol",23086,0.0155300113791554,0.0043113750201813,0.00707971633960008,0.0239803064187108,0.000316317757481533
ACAN,Aggrecan core protein,Health and medical history,"X6154#4.Medication for pain relief, constipation, heartburn_Ranitidine",23087,0.00201977105326378,0.0101886709182768,-0.0179500239465588,0.0219895660530864,0.842861425212212
ACAN,Aggrecan core protein,Health and medical history,"X6154#5.Medication for pain relief, constipation, heartburn_Omeprazole",23087,0.0131050490420897,0.00610926308878241,0.00113089338807621,0.0250792046961033,0.0319543597950818
ACAN,Aggrecan core protein,Health and medical history,"X6154#6.Medication for pain relief, constipation, heartburn_Laxatives",23087,0.00430139239793188,0.00826090649398542,-0.0118899843302795,0.0204927691261433,0.602585967464989
ACAN,Aggrecan core protein,Health and medical history,X6155#1.Vitamin and mineral supplements_Vitamin A,50734,0.0130851053208027,0.00960905878822046,-0.0057486499041094,0.0319188605457148,0.173283845745058
ACAN,Aggrecan core protein,Health and medical history,X6155#2.Vitamin and mineral supplements_Vitamin B,50734,-0.0113884858485567,0.00676986131359527,-0.0246574140232034,0.00188044232609004,0.0925297730922961
ACAN,Aggrecan core protein,Health and medical history,X6155#3.Vitamin and mineral supplements_Vitamin C,50734,-0.0412531316209265,0.0186832385625773,-0.0778722792035781,-0.00463398403827493,0.027246712487835
ACAN,Aggrecan core protein,Health and medical history,X6155#4.Vitamin and mineral supplements_Vitamin D,50734,0.0125750988309491,0.00692354593228276,-0.000995051196325068,0.0261452488582233,0.0693333139606806
ACAN,Aggrecan core protein,Health and medical history,X6155#5.Vitamin and mineral supplements_Vitamin E,50734,0.00783675683717661,0.0079227711134385,-0.00769187454516285,0.0233653882195161,0.322597699746392
ACAN,Aggrecan core protein,Health and medical history,X6155#6.Vitamin and mineral supplements_Folic acid or Folate (Vit B9),50734,-0.00773766637288826,0.00910293131074226,-0.0255794117419431,0.0101040789961666,0.395318425136348
ACAN,Aggrecan core protein,Health and medical history,X6155#7.Vitamin and mineral supplements_Multivitamins + or - minerals,50734,-0.00334904048931397,0.00299325235331074,-0.00921581510180302,0.00251773412317509,0.263203720250409
ACAN,Aggrecan core protein,Lifestyle factors,X6157#1.Why stopped smoking_Illness or ill health,9878,-0.0211408856738713,0.00866757825543061,-0.0381293390545153,-0.00415243229322732,0.0147423625889777
ACAN,Aggrecan core protein,Lifestyle factors,X6157#2.Why stopped smoking_Doctor's advice,9878,-0.0386752098008293,0.0107919684811804,-0.0598274680239428,-0.0175229515777158,0.000340391294949474
ACAN,Aggrecan core protein,Lifestyle factors,X6157#3.Why stopped smoking_Health precaution,9878,0.000897891891948789,0.00766678508902853,-0.0141290068825471,0.0159247906664447,0.906771684220341
ACAN,Aggrecan core protein,Lifestyle factors,X6157#4.Why stopped smoking_Financial reasons,9878,0.0171649002127686,0.00685276727740777,0.00373347634904939,0.0305963240764878,0.0122676155361416
ACAN,Aggrecan core protein,Health and medical history,X6159#1.Pain type(s) experienced in last month_Headache,50965,-0.00264371560009165,0.00350431195519098,-0.00951216703226597,0.00422473583208266,0.450601824568352
ACAN,Aggrecan core protein,Health and medical history,X6159#2.Pain type(s) experienced in last month_Facial pain,50965,-0.00233613687700866,0.01010664102263,-0.0221451532813635,0.0174728795273461,0.817200214761227
ACAN,Aggrecan core protein,Health and medical history,X6159#3.Pain type(s) experienced in last month_Neck or shoulder pain,50965,0.00658329173615219,0.00327842615984576,0.00015757646285449,0.0130090070094499,0.0446416885582547
ACAN,Aggrecan core protein,Health and medical history,X6159#4.Pain type(s) experienced in last month_Back pain,50965,0.0148521406084593,0.00317105353339975,0.00863687568299578,0.0210674055339228,2.82521308234178e-06
ACAN,Aggrecan core protein,Health and medical history,X6159#5.Pain type(s) experienced in last month_Stomach or abdominal pain,50965,-0.0216411562738585,0.00490589497447746,-0.0312567104238343,-0.0120256021238827,1.02983333055176e-05
ACAN,Aggrecan core protein,Health and medical history,X6159#6.Pain type(s) experienced in last month_Hip pain,50965,0.0184635257514134,0.00437848030431554,0.00988170435495497,0.0270453471478719,2.48132754445343e-05
ACAN,Aggrecan core protein,Health and medical history,X6159#7.Pain type(s) experienced in last month_Knee pain,50965,0.0269402879399921,0.00340803988798645,0.0202605297595387,0.0336200461204456,2.73450615725718e-15
ACAN,Aggrecan core protein,Health and medical history,X6159#8.Pain type(s) experienced in last month_Pain all over the body,50965,0.043935238512576,0.0100212059961821,0.024293674760059,0.0635768022650929,1.1663127395414e-05
ACAN,Aggrecan core protein,Lifestyle factors,X6160#1.Leisure or social activities_Sports club or gym,35248,-0.000171188881988158,0.00344296927972634,-0.00691940867025178,0.00657703090627547,0.960344770464579
ACAN,Aggrecan core protein,Lifestyle factors,X6160#2.Leisure or social activities_Pub or social club,35248,-0.0103713232049875,0.00359705111902033,-0.0174215433982674,-0.00332110301170768,0.00393789412955972
ACAN,Aggrecan core protein,Lifestyle factors,X6160#3.Leisure or social activities_Religious group,35248,0.00985045513075118,0.00405426404468193,0.00190409760317459,0.0177968126583278,0.0151182433176632
ACAN,Aggrecan core protein,Lifestyle factors,X6160#4.Leisure or social activities_Adult education class,35249,0.0145369404207949,0.00555003618943007,0.00365886948951196,0.0254150113520778,0.00881607035202553
ACAN,Aggrecan core protein,Lifestyle factors,X6160#5.Leisure or social activities_Other group activity,35249,0.0048885209686121,0.00363745891765907,-0.00224089850999967,0.0120179404472239,0.17897693848816
ACAN,Aggrecan core protein,Physical activities,X6162#1.Types of transport used (excluding work)_Car or motor vehicle,50497,-0.00434726041179678,0.00353345409575323,-0.0112728304394731,0.00257830961587955,0.218585025512872
ACAN,Aggrecan core protein,Physical activities,X6162#2.Types of transport used (excluding work)_Walk,50497,0.00852891729768284,0.00281220484912812,0.00301699579339172,0.014040838801974,0.00242401282645147
ACAN,Aggrecan core protein,Physical activities,X6162#3.Types of transport used (excluding work)_Public transport,50497,-0.006280563653369,0.00312008343339624,-0.0123959271828256,-0.000165200123912358,0.0441254679692198
ACAN,Aggrecan core protein,Physical activities,X6162#4.Types of transport used (excluding work)_Cycle,50497,0.00227163065267096,0.00564768965283135,-0.00879784106687849,0.0133411023722204,0.687521622686131
ACAN,Aggrecan core protein,Physical activities,X6164#1.Types of physical activity in last 4 weeks_Walking for pleasure (not as a means of transport),50532,-0.00369997844219788,0.00310511925550148,-0.00978601218298077,0.00238605529858502,0.23343404012412
ACAN,Aggrecan core protein,Physical activities,X6164#3.Types of physical activity in last 4 weeks_Strenuous sports,50532,0.0209356095732791,0.00484460882314592,0.011440176279913,0.0304310428666451,1.55321224315721e-05
ACAN,Aggrecan core protein,Health and medical history,X6179#1.Mineral and other dietary supplements_Fish oil (including cod liver oil),50734,0.0149680748187029,0.00305776957359539,0.00897484645445595,0.0209613031829499,9.85591787668812e-07
ACAN,Aggrecan core protein,Health and medical history,X6179#2.Mineral and other dietary supplements_Glucosamine,50734,0.0250491334011192,0.00362077569067098,0.0179524130474041,0.0321458537548343,4.62930631379465e-12
ACAN,Aggrecan core protein,Health and medical history,X6179#3.Mineral and other dietary supplements_Calcium,50734,0.0354276007833284,0.00545179430041074,0.0247420839545234,0.0461131176121335,8.19626413031444e-11
ACAN,Aggrecan core protein,Health and medical history,X6179#4.Mineral and other dietary supplements_Zinc,50734,0.00440602230506861,0.00693349814280875,-0.00918363405483654,0.0179956786649738,0.525125523328054
ACAN,Aggrecan core protein,Health and medical history,X6179#5.Mineral and other dietary supplements_Iron,50734,-0.00962357437515373,0.00754931435632061,-0.0244202305135421,0.00517308176323467,0.202399554297453
ACAN,Aggrecan core protein,Health and medical history,X6179#6.Mineral and other dietary supplements_Selenium,50734,-0.00734760067410715,0.00900559010947115,-0.0249985572886706,0.0103033559404563,0.41456499340067
ACAN,Aggrecan core protein,Physical measures,"X78.Heel bone mineral density (BMD) T-score, automated",28835,-0.0266775675416625,0.00191701521601726,-0.0304349173650563,-0.0229202177182686,7.00552173863482e-44
ACAN,Aggrecan core protein,Physical activities,X864.Number of days or week walked 10+ minutes,49866,0.0362277130507952,0.026389202407067,-0.0154951236670561,0.0879505497686464,0.16981344829867
ACAN,Aggrecan core protein,Physical activities,X874.Duration of walks,43194,0.00679514589943658,0.00150572729031,0.00384392041042897,0.00974637138844418,6.41259288570415e-06
ACAN,Aggrecan core protein,Physical activities,X884.Number of days or week of moderate physical activity 10+ minutes,48206,0.0789047435123299,0.0256102982687873,0.0287085589055069,0.129100928119153,0.00206438723910985
ACAN,Aggrecan core protein,Physical activities,X894.Duration of moderate activity,37333,0.108089612844667,0.0309928095094134,0.0473437062062171,0.168835519483118,0.000487990923166306
ACAN,Aggrecan core protein,Physical activities,X90087.No-wear time bias adjusted average acceleration,10640,-0.00285749221055493,0.0032129604922673,-0.00915489477539885,0.00343991035428898,0.373827482801354
ACAN,Aggrecan core protein,Physical activities,X904.Number of days or week of vigorous physical activity 10+ minutes,48108,0.0181732810497049,0.0263019168099839,-0.0333784758978636,0.0697250379972734,0.489600976109507
ACAN,Aggrecan core protein,Physical activities,X914.Duration of vigorous activity,26942,0.00554627619551377,0.00189192999298337,0.00183809340926636,0.00925445898176118,0.00337565085907859
