Protein,Protein_definition,Trait_category,Trait,sample_size,Estimated_effect,se,lowerCI,upperCI,Pvalue
RTN4IP1,"Reticulon-4-interacting protein 1, mitochondrial",Lifestyle factors,X1050.Time spend outdoors in summer,39986,0.0243303098975702,0.0101683063322943,0.0044004294862733,0.044260190308867,0.0167267928044888
RTN4IP1,"Reticulon-4-interacting protein 1, mitochondrial",Lifestyle factors,X1060.Time spent outdoors in winter,34889,0.0202349772704631,0.0114698215141945,-0.00224587289735814,0.0427158274382843,0.0777082670484268
RTN4IP1,"Reticulon-4-interacting protein 1, mitochondrial",Physical activities,X1070.Time spent watching television (TV),42068,0.0509090000081445,0.0102129518819851,0.0308916143194537,0.0709263856968353,6.22885180418841e-07
RTN4IP1,"Reticulon-4-interacting protein 1, mitochondrial",Physical activities,X1080.Time spent using computer,34861,-0.0487990934641451,0.0105462900602743,-0.0694698219822828,-0.0281283649460074,3.72094485281479e-06
RTN4IP1,"Reticulon-4-interacting protein 1, mitochondrial",Physical activities,X1090.Time spent driving,30297,-0.0118502436746322,0.0114973569592134,-0.0343850633146905,0.0106845759654261,0.302693108046303
RTN4IP1,"Reticulon-4-interacting protein 1, mitochondrial",Lifestyle factors,X1160.Sleep duration,44307,-0.00471487536270133,0.00929536743846276,-0.0229337955420883,0.0135040448166857,0.611997019391469
RTN4IP1,"Reticulon-4-interacting protein 1, mitochondrial",Health and medical history,X120039#0.Location of pain during the past week_None of the given areas,14453,0.00824754986728154,0.0258162337957948,-0.0423522683724763,0.0588473681070394,0.749373652876339
RTN4IP1,"Reticulon-4-interacting protein 1, mitochondrial",Health and medical history,X120039#1.Location of pain during the past week_Left shoulder,14453,0.0294761225503376,0.0252139339695513,-0.0199431880299828,0.0788954331306581,0.242406412421828
RTN4IP1,"Reticulon-4-interacting protein 1, mitochondrial",Health and medical history,X120039#10.Location of pain during the past week_Upper right leg,14453,-0.0585312202916604,0.0285733245804049,-0.114534936469254,-0.00252750411406686,0.0405333053961321
RTN4IP1,"Reticulon-4-interacting protein 1, mitochondrial",Health and medical history,X120039#11.Location of pain during the past week_Lower left leg,14453,0.000978269945171185,0.0293483594870321,-0.0565445146494118,0.0585010545397541,0.973409469617164
RTN4IP1,"Reticulon-4-interacting protein 1, mitochondrial",Health and medical history,X120039#12.Location of pain during the past week_Lower right leg,14453,-0.0425239282486387,0.0297947053515931,-0.100921550737761,0.0158736942404838,0.153534935334491
RTN4IP1,"Reticulon-4-interacting protein 1, mitochondrial",Health and medical history,X120039#13.Location of pain during the past week_Left jaw pain,14453,-0.114542032474338,0.0635970715289885,-0.239192292671156,0.0101082277224793,0.0717145507073894
RTN4IP1,"Reticulon-4-interacting protein 1, mitochondrial",Health and medical history,X120039#14.Location of pain during the past week_Right jaw pain,14453,0.0450793467129506,0.0642289189846308,-0.0808093344969258,0.170968027922827,0.482781307661299
RTN4IP1,"Reticulon-4-interacting protein 1, mitochondrial",Health and medical history,X120039#15.Location of pain during the past week_Chest pain,14453,-0.00595842544917241,0.0453097402679445,-0.0947655163743437,0.0828486654759989,0.895378221375762
RTN4IP1,"Reticulon-4-interacting protein 1, mitochondrial",Health and medical history,X120039#16.Location of pain during the past week_Abdomen,14453,-0.0259259966738046,0.0334160440422175,-0.091421442996551,0.0395694496489417,0.437847456984688
RTN4IP1,"Reticulon-4-interacting protein 1, mitochondrial",Health and medical history,X120039#17.Location of pain during the past week_Neck pain,14453,0.0130598700932571,0.0227973927227611,-0.0316230196433547,0.0577427598298688,0.566743785712834
RTN4IP1,"Reticulon-4-interacting protein 1, mitochondrial",Health and medical history,X120039#18.Location of pain during the past week_Upper back,14453,0.0654231270544416,0.0329207226131169,0.000898510732732449,0.129947743376151,0.0469087801822799
RTN4IP1,"Reticulon-4-interacting protein 1, mitochondrial",Health and medical history,X120039#19.Location of pain during the past week_Lower back,14453,0.00249773684044122,0.0184669465218836,-0.0336974783424507,0.0386929520233332,0.892412576814518
RTN4IP1,"Reticulon-4-interacting protein 1, mitochondrial",Health and medical history,X120039#2.Location of pain during the past week_Right shoulder,14453,0.0163264867173142,0.0236827291961261,-0.030091662507093,0.0627446359417214,0.490592936530087
RTN4IP1,"Reticulon-4-interacting protein 1, mitochondrial",Health and medical history,X120039#3.Location of pain during the past week_Upper left arm,14453,0.041164574532729,0.0350281948103326,-0.027490687295523,0.109819836360981,0.239940483339283
RTN4IP1,"Reticulon-4-interacting protein 1, mitochondrial",Health and medical history,X120039#4.Location of pain during the past week_Upper right arm,14453,-0.0120409010009005,0.0328168223632685,-0.0763618728329067,0.0522800708311058,0.713689694208124
RTN4IP1,"Reticulon-4-interacting protein 1, mitochondrial",Health and medical history,X120039#5.Location of pain during the past week_Lower left arm,14453,-0.0037671782409819,0.0437751623742491,-0.0895664964945102,0.0820321400125464,0.931421952308751
RTN4IP1,"Reticulon-4-interacting protein 1, mitochondrial",Health and medical history,X120039#6.Location of pain during the past week_Lower right arm,14453,0.0288355791668842,0.0422496081533331,-0.0539736528136487,0.111644811147417,0.494930476262046
RTN4IP1,"Reticulon-4-interacting protein 1, mitochondrial",Health and medical history,X120039#7.Location of pain during the past week_Left hip,14453,0.00739949317215041,0.0257536642165532,-0.0430776886922938,0.0578766750365946,0.773872908746055
RTN4IP1,"Reticulon-4-interacting protein 1, mitochondrial",Health and medical history,X120039#8.Location of pain during the past week_Right hip,14453,-0.0399699233460096,0.024382132374697,-0.0877589028004158,0.00781905610839655,0.101170073666105
RTN4IP1,"Reticulon-4-interacting protein 1, mitochondrial",Health and medical history,X120039#9.Location of pain during the past week_Upper left leg,14453,0.0211123249377892,0.0303850615753378,-0.0384423957498728,0.0806670456254511,0.487175653312472
RTN4IP1,"Reticulon-4-interacting protein 1, mitochondrial",Health and medical history,X120040.Fatigue severity over the past week,14468,0.0180060951164479,0.0168379040223182,-0.0149961967672958,0.0510083870001917,0.284916942853168
RTN4IP1,"Reticulon-4-interacting protein 1, mitochondrial",Health and medical history,X120041.Waking unrefreshed severity over the past week,14470,0.00637363423287747,0.016686485624693,-0.0263318775915208,0.0390791460572757,0.702493796759598
RTN4IP1,"Reticulon-4-interacting protein 1, mitochondrial",Health and medical history,X120042.Cognitive symptoms severity over the past week,14467,0.022564454785966,0.0180909918774863,-0.0128938892939071,0.0580227988658392,0.212316632683998
RTN4IP1,"Reticulon-4-interacting protein 1, mitochondrial",Health and medical history,X120098.Mobility problems today,14475,-0.00164562257161787,0.0196843631166906,-0.0402269742803315,0.0369357291370957,0.933375227884111
RTN4IP1,"Reticulon-4-interacting protein 1, mitochondrial",Health and medical history,X120099.Self-care problems today,14475,0.0136333648635841,0.0303029241370535,-0.0457603664450408,0.073027096172209,0.652787405773135
RTN4IP1,"Reticulon-4-interacting protein 1, mitochondrial",Health and medical history,X120100.Problems doing usual activities,14475,0.024175959251656,0.0187625860227215,-0.0125987093528781,0.0609506278561901,0.197585779900221
RTN4IP1,"Reticulon-4-interacting protein 1, mitochondrial",Health and medical history,X120101.Pain or discomfort today,14475,0.00404664100978484,0.0168338775617647,-0.0289477590112739,0.0370410410308436,0.810033862234161
RTN4IP1,"Reticulon-4-interacting protein 1, mitochondrial",Health and medical history,X120102.Anxiety or depression today,14475,0.0246048900756367,0.0204753321836093,-0.0155267610042374,0.0647365411555109,0.229505457425928
RTN4IP1,"Reticulon-4-interacting protein 1, mitochondrial",Health and medical history,X120103.Scale to indicate how health is today,14422,0.00401258522318763,0.00798683950703947,-0.0116416202106097,0.019666790656985,0.615394116537007
RTN4IP1,"Reticulon-4-interacting protein 1, mitochondrial",Health and medical history,X120104.Little interest or pleasure in doing things over the last two weeks,14435,-0.00162760289750312,0.0207222306038573,-0.0422431748810634,0.0389879690860572,0.937396574150933
RTN4IP1,"Reticulon-4-interacting protein 1, mitochondrial",Health and medical history,"X120105.Feeling down, depressed, or hopeless over the last two weeks",14411,0.0151836674966612,0.021296219820727,-0.0265569233519638,0.0569242583452862,0.475872924733457
RTN4IP1,"Reticulon-4-interacting protein 1, mitochondrial",Health and medical history,"X120106.Trouble falling or staying asleep, or sleeping too much over the last two weeks",14447,0.00551018701069475,0.0168144486709803,-0.0274461323844266,0.0384665064058161,0.743139111695996
RTN4IP1,"Reticulon-4-interacting protein 1, mitochondrial",Health and medical history,X120107.Feeling tired or having little energy over the last two weeks,14450,0.00492251438676824,0.0171853245881226,-0.0287607218059521,0.0386057505794886,0.774547480536225
RTN4IP1,"Reticulon-4-interacting protein 1, mitochondrial",Health and medical history,X120108.Poor appetite or overeating over the last two weeks,14453,-0.00257519258850305,0.0223585489698143,-0.0463979485693391,0.041247563392333,0.908306359798142
RTN4IP1,"Reticulon-4-interacting protein 1, mitochondrial",Health and medical history,X120109.Feeling bad about self over the last two weeks,14416,-0.00165908226240709,0.0224233406123147,-0.0456088298625439,0.0422906653377297,0.941020104875163
RTN4IP1,"Reticulon-4-interacting protein 1, mitochondrial",Health and medical history,X120110.Trouble concentrating over the last two weeks,14454,-0.00614327782458146,0.0224452524541029,-0.0501359726346231,0.0378494169854602,0.784318674228594
RTN4IP1,"Reticulon-4-interacting protein 1, mitochondrial",Health and medical history,X120111.Moving or speaking slower or faster than usual over the last two weeks,14440,-0.0107193810766495,0.0329872435935866,-0.0753743785200792,0.0539356163667803,0.745219582483504
RTN4IP1,"Reticulon-4-interacting protein 1, mitochondrial",Health and medical history,X120112.Thoughts of being better off dead or of hurting self over the last two weeks,14376,0.00957722056287565,0.0449861695254803,-0.0785956717070657,0.097750112832817,0.831413791625047
RTN4IP1,"Reticulon-4-interacting protein 1, mitochondrial",Health and medical history,"X120113.Level of difficultly depression has made to do work, take care of things at home, or get along with other people",10050,0.0103031211550547,0.0228955511790161,-0.0345721591558169,0.0551784014659264,0.65271628444038
RTN4IP1,"Reticulon-4-interacting protein 1, mitochondrial",Lifestyle factors,X1269.Exposure to tobacco smoke at home,40021,0.0143804681080626,0.0225223756433376,-0.0297633881528791,0.0585243243690044,0.523153895206369
RTN4IP1,"Reticulon-4-interacting protein 1, mitochondrial",Lifestyle factors,X1279.Exposure to tobacco smoke outside home,37333,0.0309141847135876,0.0137651997566291,0.00393439319059446,0.0578939762365807,0.0247212556974928
RTN4IP1,"Reticulon-4-interacting protein 1, mitochondrial",Diet and food preferences,X1289.Cooked vegetable intake,43011,-0.0246212148647741,0.00973802324247961,-0.0437077404200341,-0.00553468930951402,0.0114632714883744
RTN4IP1,"Reticulon-4-interacting protein 1, mitochondrial",Diet and food preferences,X1299.Salad  or  raw vegetable intake,41863,-0.0436647862876339,0.0102841740248996,-0.0638217673764371,-0.0235078051988308,2.18261375027738e-05
RTN4IP1,"Reticulon-4-interacting protein 1, mitochondrial",Diet and food preferences,X1309.Fresh fruit intake,42946,-0.0266230001152541,0.0101607506908173,-0.046538071469256,-0.00670792876125224,0.00879141868037786
RTN4IP1,"Reticulon-4-interacting protein 1, mitochondrial",Diet and food preferences,X1319.Dried fruit intake,40595,-0.0326148461476557,0.010447246975344,-0.0530914502193299,-0.0121382420759815,0.0017983834193723
RTN4IP1,"Reticulon-4-interacting protein 1, mitochondrial",Health and medical history,X134.Number of self-reported cancers,44692,0.0122193312586235,0.0181701283940423,-0.0233941203936995,0.0478327829109464,0.501271723219015
RTN4IP1,"Reticulon-4-interacting protein 1, mitochondrial",Health and medical history,X135.Number of self-reported non-cancer illnesses,44693,0.0444238627584908,0.00965804145632587,0.0254941015040921,0.0633536240128895,4.24307860063083e-06
RTN4IP1,"Reticulon-4-interacting protein 1, mitochondrial",Health and medical history,"X136.Number of operations, self-reported",44693,-0.0113796322721163,0.00953437148018967,-0.0300670003732881,0.00730773582905546,0.232665174896984
RTN4IP1,"Reticulon-4-interacting protein 1, mitochondrial",Health and medical history,X137.Number of treatments or medications taken,44693,0.0255763483756562,0.0094525127390423,0.00704942340713326,0.0441032733441791,0.00681715805374224
RTN4IP1,"Reticulon-4-interacting protein 1, mitochondrial",Diet and food preferences,X1438.Bread intake,43390,0.0062539032787768,0.00479322104098082,-0.00314080996154562,0.0156486165190992,0.191988598196841
RTN4IP1,"Reticulon-4-interacting protein 1, mitochondrial",Diet and food preferences,X1458.Cereal intake,42420,-0.0129485021417933,0.00964851445487027,-0.0318595904733391,0.00596258618975239,0.17959660314334
RTN4IP1,"Reticulon-4-interacting protein 1, mitochondrial",Diet and food preferences,X1488.Tea intake,43106,0.00221333471379732,0.00458916883716686,-0.00678143620704973,0.0112081056346444,0.629598611636292
RTN4IP1,"Reticulon-4-interacting protein 1, mitochondrial",Diet and food preferences,X1498.Coffee intake,41209,-0.0179427617217102,0.00970893582011653,-0.0369722759291386,0.00108675248571818,0.0645998463614803
RTN4IP1,"Reticulon-4-interacting protein 1, mitochondrial",Diet and food preferences,X1528.Water intake,41389,-0.0196119201813777,0.0098677872823888,-0.0389527832548597,-0.000271057107895618,0.0468770422566747
RTN4IP1,"Reticulon-4-interacting protein 1, mitochondrial",Lifestyle factors,X1568.Average weekly red wine intake,30389,-0.078596037352777,0.011309105874682,-0.100761884867154,-0.0564301898384002,3.73179197740658e-12
RTN4IP1,"Reticulon-4-interacting protein 1, mitochondrial",Lifestyle factors,X1578.Average weekly champagne plus white wine intake,30386,-0.0426766421881785,0.0115972478488265,-0.0654072479718784,-0.0199460364044786,0.000233734237335445
RTN4IP1,"Reticulon-4-interacting protein 1, mitochondrial",Lifestyle factors,X1588.Average weekly beer plus cider intake,30470,0.0147837655519955,0.012850170315592,-0.0104025682665647,0.0399700993705558,0.249958412121874
RTN4IP1,"Reticulon-4-interacting protein 1, mitochondrial",Lifestyle factors,X1598.Average weekly spirits intake,30350,0.0018766463160513,0.0124489883075738,-0.0225233707667934,0.026276663398896,0.880176382453691
RTN4IP1,"Reticulon-4-interacting protein 1, mitochondrial",Lifestyle factors,X1608.Average weekly fortified wine intake,30449,0.00665627997875283,0.0205679105163965,-0.0336568246333842,0.0469693845908899,0.746224552576585
RTN4IP1,"Reticulon-4-interacting protein 1, mitochondrial",Lifestyle factors,X1737.Childhood sunburn occasions,33535,-0.0468290489687168,0.0115607647721617,-0.0694881479221539,-0.0241699500152798,5.11821804387216e-05
RTN4IP1,"Reticulon-4-interacting protein 1, mitochondrial",Health and medical history,X1807.Father's age at death,33005,-0.00351445700132254,0.00528299029079142,-0.0138691179712737,0.00684020396862865,0.505901585052485
RTN4IP1,"Reticulon-4-interacting protein 1, mitochondrial",Health and medical history,X1845.Mother's age,16969,0.0109015672924475,0.0120538402476442,-0.0127239595929351,0.0345270941778301,0.365792926581841
RTN4IP1,"Reticulon-4-interacting protein 1, mitochondrial",Health and medical history,X1873.Number of full brothers,43889,0.0152822180879266,0.00934013847834706,-0.00302445332963362,0.0335888895054869,0.101807518607965
RTN4IP1,"Reticulon-4-interacting protein 1, mitochondrial",Health and medical history,X1883.Number of full sisters,43894,0.0268967807899117,0.00935007746496403,0.00857062895858222,0.0452229326212412,0.00402131033991696
RTN4IP1,"Reticulon-4-interacting protein 1, mitochondrial",Physical measures,X20015.Sitting height,44345,-0.0406136840917513,0.00602580296443348,-0.0524242579020409,-0.0288031102814617,1.60362407279106e-11
RTN4IP1,"Reticulon-4-interacting protein 1, mitochondrial",Cognitive function,X20016.Fluid intelligence score,14509,-0.0155098345616249,0.0159432979509462,-0.0467586985454795,0.0157390294222298,0.330662900896131
RTN4IP1,"Reticulon-4-interacting protein 1, mitochondrial",Cognitive function,X20018.Prospective memory result,15107,0.0277124559353925,0.0209689621484128,-0.0133867098754966,0.0688116217462816,0.186323393744899
RTN4IP1,"Reticulon-4-interacting protein 1, mitochondrial",Physical measures,X20019.Speech-reception-threshold (SRT) estimate (left),14309,-0.00470206531211321,0.00799684551474437,-0.0203758825210122,0.0109717518967858,0.556548283593605
RTN4IP1,"Reticulon-4-interacting protein 1, mitochondrial",Physical measures,X20021.Speech-reception-threshold (SRT) estimate (right),14295,-0.00698553461073061,0.00799175936275577,-0.0226493829617319,0.00867831374027071,0.382082737391508
RTN4IP1,"Reticulon-4-interacting protein 1, mitochondrial",Cognitive function,X20023.Mean time to correctly identify matches,44158,0.0144413608263605,0.00484803614856415,0.00493920997517478,0.0239435116775462,0.0028953091821722
RTN4IP1,"Reticulon-4-interacting protein 1, mitochondrial",Health and medical history,X20107#1.Illnesses of father_Heart disease,38888,0.00180307424892828,0.0103599246121834,-0.0185023779909513,0.0221085264888078,0.861832431705547
RTN4IP1,"Reticulon-4-interacting protein 1, mitochondrial",Health and medical history,X20107#10.Illnesses of father_Alzheimer's disease or dementia,38139,-0.0317203793724747,0.0227757904523209,-0.0763609286590236,0.0129201699140742,0.163711530608373
RTN4IP1,"Reticulon-4-interacting protein 1, mitochondrial",Health and medical history,X20107#11.Illnesses of father_Parkinson's disease,38076,0.00511468849693699,0.03052584315174,-0.0547159640804734,0.0649453410743474,0.86693604785145
RTN4IP1,"Reticulon-4-interacting protein 1, mitochondrial",Health and medical history,X20107#12.Illnesses of father_Severe depression,38117,0.0194480142813413,0.0255500938434677,-0.0306301696518554,0.069526198214538,0.44655909153356
RTN4IP1,"Reticulon-4-interacting protein 1, mitochondrial",Health and medical history,X20107#13.Illnesses of father_Prostate cancer,38144,-0.0017144579831314,0.0183506090310138,-0.0376816516839184,0.0342527357176556,0.925564155523335
RTN4IP1,"Reticulon-4-interacting protein 1, mitochondrial",Health and medical history,X20107#2.Illnesses of father_Stroke,38420,0.00389827445254439,0.0133319621143987,-0.022232371291677,0.0300289201967658,0.769981887113503
RTN4IP1,"Reticulon-4-interacting protein 1, mitochondrial",Health and medical history,X20107#3.Illnesses of father_Lung cancer,38328,0.00777206483605287,0.0168421027455121,-0.0252384565451509,0.0407825862172566,0.644466628757262
RTN4IP1,"Reticulon-4-interacting protein 1, mitochondrial",Health and medical history,X20107#4.Illnesses of father_Bowel cancer,38151,-0.0427305868488189,0.0209668608716291,-0.083825634157212,-0.00163553954042588,0.0415562249792342
RTN4IP1,"Reticulon-4-interacting protein 1, mitochondrial",Health and medical history,X20107#6.Illnesses of father_Chronic bronchitis or emphysema,38415,0.0151374308980881,0.0153785856806136,-0.0150045970359145,0.0452794588320908,0.32496499357341
RTN4IP1,"Reticulon-4-interacting protein 1, mitochondrial",Health and medical history,X20107#8.Illnesses of father_High blood pressure,38521,0.00234376627919821,0.0116280921841385,-0.0204472944017133,0.0251348269601097,0.840261244250786
RTN4IP1,"Reticulon-4-interacting protein 1, mitochondrial",Health and medical history,X20107#9.Illnesses of father_Diabetes,38284,-0.0038285082568065,0.0160444498270102,-0.0352756299177465,0.0276186134041335,0.811402420403879
RTN4IP1,"Reticulon-4-interacting protein 1, mitochondrial",Health and medical history,X20110#1.Illnesses of mother_Heart disease,40741,0.0108036622997496,0.0118170597167552,-0.0123577747450905,0.0339650993445898,0.360594667772017
RTN4IP1,"Reticulon-4-interacting protein 1, mitochondrial",Health and medical history,X20110#10.Illnesses of mother_Alzheimer's disease or dementia,40494,0.0306452057125994,0.0170453552920916,-0.00276369065990006,0.0640541020850989,0.0722062429403795
RTN4IP1,"Reticulon-4-interacting protein 1, mitochondrial",Health and medical history,X20110#11.Illnesses of mother_Parkinson's disease,40366,-0.0650166812053135,0.0375250862673759,-0.13856585028937,0.00853248787874332,0.0831710326150789
RTN4IP1,"Reticulon-4-interacting protein 1, mitochondrial",Health and medical history,X20110#12.Illnesses of mother_Severe depression,40428,0.0362043285618849,0.0190696871342404,-0.0011722582212263,0.073580915344996,0.0576337234718793
RTN4IP1,"Reticulon-4-interacting protein 1, mitochondrial",Health and medical history,X20110#2.Illnesses of mother_Stroke,40637,0.0107301956948499,0.0134859999045042,-0.0157023641179783,0.0371627555076781,0.426237564115206
RTN4IP1,"Reticulon-4-interacting protein 1, mitochondrial",Health and medical history,X20110#3.Illnesses of mother_Lung cancer,40450,0.00768729765161272,0.023886227786735,-0.0391297088103879,0.0545043041136133,0.747583372500489
RTN4IP1,"Reticulon-4-interacting protein 1, mitochondrial",Health and medical history,X20110#4.Illnesses of mother_Bowel cancer,40415,-0.0024860671955082,0.0213689299741123,-0.0443691699447682,0.0393970355537518,0.907383445510243
RTN4IP1,"Reticulon-4-interacting protein 1, mitochondrial",Health and medical history,X20110#5.Illnesses of mother_Breast cancer,40451,0.000778079531824376,0.0173960445858486,-0.0333181678564388,0.0348743269200876,0.96432482869293
RTN4IP1,"Reticulon-4-interacting protein 1, mitochondrial",Health and medical history,X20110#6.Illnesses of mother_Chronic bronchitis or emphysema,40500,0.0434906566197033,0.0200009922489063,0.00428871181184704,0.0826926014275596,0.0296790067374165
RTN4IP1,"Reticulon-4-interacting protein 1, mitochondrial",Health and medical history,X20110#8.Illnesses of mother_High blood pressure,40826,0.0084874732540433,0.0102382631475419,-0.0115795225151388,0.0285544690232254,0.407111847349897
RTN4IP1,"Reticulon-4-interacting protein 1, mitochondrial",Health and medical history,X20110#9.Illnesses of mother_Diabetes,40560,0.0248456359139838,0.0158109203003189,-0.00614376787464116,0.0558350397026088,0.116092345865922
RTN4IP1,"Reticulon-4-interacting protein 1, mitochondrial",Health and medical history,X20111#1.Illnesses of siblings_Heart disease,34996,-0.00161366232772606,0.0165623411565392,-0.0340758509945429,0.0308485263390908,0.92238579473336
RTN4IP1,"Reticulon-4-interacting protein 1, mitochondrial",Health and medical history,X20111#10.Illnesses of siblings_Alzheimer's disease or dementia,34738,0.0301849064958324,0.0666704382903019,-0.100489152553159,0.160858965544824,0.650733052001431
RTN4IP1,"Reticulon-4-interacting protein 1, mitochondrial",Health and medical history,X20111#11.Illnesses of siblings_Parkinson's disease,34731,-0.0185624341988104,0.0664577448122717,-0.148819614030863,0.111694745633242,0.780007193646681
RTN4IP1,"Reticulon-4-interacting protein 1, mitochondrial",Health and medical history,X20111#12.Illnesses of siblings_Severe depression,34838,-0.0236949194029479,0.0196420618680316,-0.0621933606642899,0.0148035218583942,0.227696293569862
RTN4IP1,"Reticulon-4-interacting protein 1, mitochondrial",Health and medical history,X20111#13.Illnesses of siblings_Prostate cancer,34756,0.0113170478526988,0.0389911583572076,-0.0651056225274281,0.0877397182328258,0.771629385025228
RTN4IP1,"Reticulon-4-interacting protein 1, mitochondrial",Health and medical history,X20111#2.Illnesses of siblings_Stroke,34803,0.0192151335700824,0.0279371095143092,-0.0355416010779636,0.0739718682181283,0.491583555137378
RTN4IP1,"Reticulon-4-interacting protein 1, mitochondrial",Health and medical history,X20111#3.Illnesses of siblings_Lung cancer,34757,0.0534872582808529,0.0330026847321053,-0.0111980037940735,0.118172520355779,0.105092322600519
RTN4IP1,"Reticulon-4-interacting protein 1, mitochondrial",Health and medical history,X20111#4.Illnesses of siblings_Bowel cancer,34761,0.00250373314849566,0.0324697256260898,-0.0611369290786404,0.0661443953756317,0.93853666297735
RTN4IP1,"Reticulon-4-interacting protein 1, mitochondrial",Health and medical history,X20111#5.Illnesses of siblings_Breast cancer,34783,-0.0278954157692668,0.0242434416699503,-0.0754125614423694,0.0196217299038358,0.249889266998521
RTN4IP1,"Reticulon-4-interacting protein 1, mitochondrial",Health and medical history,X20111#6.Illnesses of siblings_Chronic bronchitis or emphysema,34805,-0.0150188793677838,0.0302465505777451,-0.0743021185001641,0.0442643597645965,0.619510613934075
RTN4IP1,"Reticulon-4-interacting protein 1, mitochondrial",Health and medical history,X20111#8.Illnesses of siblings_High blood pressure,35110,0.00261631319840746,0.0123915489617252,-0.021671122766574,0.0269037491633889,0.832781675275754
RTN4IP1,"Reticulon-4-interacting protein 1, mitochondrial",Health and medical history,X20111#9.Illnesses of siblings_Diabetes,34920,0.0299936537561177,0.0175063285241273,-0.00431875015117174,0.0643060576634071,0.0866656001757881
RTN4IP1,"Reticulon-4-interacting protein 1, mitochondrial",Mental health,X20127.Neuroticism score,35485,0.00716458208481391,0.00978803951030875,-0.0120199753553912,0.0263491395250191,0.464189795379492
RTN4IP1,"Reticulon-4-interacting protein 1, mitochondrial",Cognitive function,X20128.Number of fluid intelligence questions attempted within time limit,14509,0.0150629974751436,0.0161257991303239,-0.0165435688202911,0.0466695637705784,0.350271449767339
RTN4IP1,"Reticulon-4-interacting protein 1, mitochondrial",Lifestyle factors,X20161.Pack years of smoking,13709,0.0156061899680836,0.00889221978421272,-0.00182256080897337,0.0330349407451405,0.0792750441902557
RTN4IP1,"Reticulon-4-interacting protein 1, mitochondrial",Lifestyle factors,X20162.Pack years adult smoking as proportion of life span exposed to smoking,13709,0.014985320675071,0.00876723545439824,-0.0021984608155496,0.0321691021656915,0.0874289225089751
RTN4IP1,"Reticulon-4-interacting protein 1, mitochondrial",Cognitive function,X20191.Fluid intelligence score,10785,-0.0157332699258375,0.0179721424225141,-0.0509586690739651,0.0194921292222901,0.381362028407785
RTN4IP1,"Reticulon-4-interacting protein 1, mitochondrial",Cognitive function,X20192.Number of fluid intelligence questions attempted within time limit,10786,-0.00132541872014094,0.0183402388838862,-0.037272286932558,0.0346214494922761,0.94238969863618
RTN4IP1,"Reticulon-4-interacting protein 1, mitochondrial",Cognitive function,X20240.Maximum digits remembered correctly,9674,-0.0327052262150506,0.0193506419363421,-0.0706324844102811,0.00522203198017995,0.0910341350447485
RTN4IP1,"Reticulon-4-interacting protein 1, mitochondrial",Physical measures,X20255.Spirometry QC measure,33133,0.0309023711650899,0.0124947946755015,0.00641257360110693,0.0553921687290728,0.0133951618751499
RTN4IP1,"Reticulon-4-interacting protein 1, mitochondrial",Eye measures,X20261.avMSE,9929,-0.0118632045781718,0.00939853972913785,-0.030284342447282,0.00655793329093842,0.20689244234195
RTN4IP1,"Reticulon-4-interacting protein 1, mitochondrial",Eye measures,X20262.Myopia diagnosis,9929,0.0221737292754749,0.0242413348317545,-0.0253392869947638,0.0696867455457137,0.360367484695075
RTN4IP1,"Reticulon-4-interacting protein 1, mitochondrial",NMR metabolomics,X20280.Glucose-lactate,24807,0.0533179495186671,0.00618848297426971,0.0411885228890985,0.0654473761482357,7.36052670057438e-18
RTN4IP1,"Reticulon-4-interacting protein 1, mitochondrial",NMR metabolomics,X20281.Spectrometer-corrected alanine,24857,0.067461797630731,0.0062042352334771,0.0553014965731159,0.0796220986883461,1.77784753206135e-27
RTN4IP1,"Reticulon-4-interacting protein 1, mitochondrial",Mental health,X20544#11.Mental health problems ever diagnosed by a professional_Depression,13936,0.021011108161489,0.0321791393520389,-0.0420600049685073,0.0840822212914853,0.51380452169167
RTN4IP1,"Reticulon-4-interacting protein 1, mitochondrial",Mental health,X20544#6.Mental health problems ever diagnosed by a professional_Panic attacks,13934,0.0428079799985792,0.06295666832084,-0.0805870899102673,0.166203049907426,0.49654146031627
RTN4IP1,"Reticulon-4-interacting protein 1, mitochondrial",Mental health,X20546#1.Substances taken for depression_Unprescribed medication (more than once),13935,-0.0315016125295805,0.0789205006398935,-0.186185793783772,0.123182568724611,0.689784186840171
RTN4IP1,"Reticulon-4-interacting protein 1, mitochondrial",Mental health,X20546#3.Substances taken for depression_Medication prescribed to you (for at least two weeks),13935,0.00726037253682654,0.0306771829915143,-0.0528669061265415,0.0673876512001946,0.812916200538268
RTN4IP1,"Reticulon-4-interacting protein 1, mitochondrial",Mental health,X20546#4.Substances taken for depression_Drugs or alcohol (more than once),13935,-0.0162285197977075,0.05308420970006,-0.120273570809825,0.08781653121441,0.759827934895732
RTN4IP1,"Reticulon-4-interacting protein 1, mitochondrial",Mental health,X20548#1.Manifestations of mania or irritability_I was more talkative than usual,13942,0.0504091423108858,0.067683417548703,-0.082250356084572,0.183068640706344,0.456418306806502
RTN4IP1,"Reticulon-4-interacting protein 1, mitochondrial",Mental health,X20548#2.Manifestations of mania or irritability_I was more restless than usual,13942,0.0299757846091436,0.0449936396603512,-0.0582117491251447,0.118163318343432,0.505279792672991
RTN4IP1,"Reticulon-4-interacting protein 1, mitochondrial",Mental health,X20548#3.Manifestations of mania or irritability_My thoughts were racing,13942,-0.0366448946889016,0.0500361330003601,-0.134715715369607,0.0614259259918043,0.463955917842285
RTN4IP1,"Reticulon-4-interacting protein 1, mitochondrial",Mental health,X20548#5.Manifestations of mania or irritability_I needed less sleep than usual,13942,0.0817884983972301,0.0773083188776977,-0.0697358066030573,0.233312803397518,0.290095628223241
RTN4IP1,"Reticulon-4-interacting protein 1, mitochondrial",Mental health,X20548#6.Manifestations of mania or irritability_I was more creative or had more ideas than usual,13942,0.0957483213593112,0.0880159007826824,-0.0767628441747463,0.268259486893369,0.276679034167194
RTN4IP1,"Reticulon-4-interacting protein 1, mitochondrial",Mental health,X20548#7.Manifestations of mania or irritability_I was easily distracted,13942,-0.0175580656982046,0.0525076604232973,-0.120473080127867,0.0853569487314582,0.738089900760009
RTN4IP1,"Reticulon-4-interacting protein 1, mitochondrial",Mental health,X20548#8.Manifestations of mania or irritability_I was more confident than usual,13942,0.185641128497358,0.0876479496571085,0.013851147169425,0.35743110982529,0.0341900535382187
RTN4IP1,"Reticulon-4-interacting protein 1, mitochondrial",Mental health,X20548#9.Manifestations of mania or irritability_I was more active than usual,13942,0.0557470121972453,0.0650172377275283,-0.0716867737487101,0.183180798143201,0.391228138880159
RTN4IP1,"Reticulon-4-interacting protein 1, mitochondrial",Mental health,X20549#1.Substances taken for anxiety_Unprescribed medication (more than once),13945,0.0610224126617283,0.0907091912160675,-0.116767602121764,0.238812427445221,0.501132912811761
RTN4IP1,"Reticulon-4-interacting protein 1, mitochondrial",Mental health,X20549#3.Substances taken for anxiety_Medication prescribed to you (for at least two weeks),13945,-0.0153591791577053,0.0412878705842851,-0.0962834055029041,0.0655650471874935,0.70989686113179
RTN4IP1,"Reticulon-4-interacting protein 1, mitochondrial",Mental health,X20549#4.Substances taken for anxiety_Drugs or alcohol (more than once),13945,-0.101070074378454,0.0617275224332083,-0.222056018347542,0.0199158695906345,0.101578201067158
RTN4IP1,"Reticulon-4-interacting protein 1, mitochondrial",Mental health,X20553#4.Methods of self-harm used_Ingesting a medication in excess of the normal dose,13946,0.152749606081268,0.103861024262372,-0.0508180014729803,0.356317213635516,0.141391730086384
RTN4IP1,"Reticulon-4-interacting protein 1, mitochondrial",Diet and food preferences,X20600.Liking for adding salt to foods,15782,-0.0114888460257172,0.0149972180326181,-0.0408833933696486,0.0179057013182143,0.443649014174898
RTN4IP1,"Reticulon-4-interacting protein 1, mitochondrial",Diet and food preferences,X20601.Liking for aniseed,15782,-0.012071170011478,0.0148685325664956,-0.0412134938418093,0.0170711538188533,0.416884109383321
RTN4IP1,"Reticulon-4-interacting protein 1, mitochondrial",Diet and food preferences,X20602.Liking for apple juice,15782,0.0272129011055232,0.0149283081374187,-0.00204658284381749,0.056472385054864,0.0683365805542458
RTN4IP1,"Reticulon-4-interacting protein 1, mitochondrial",Diet and food preferences,X20603.Liking for apples,15782,-0.0143539849926439,0.0152797445813435,-0.0443022843720772,0.0155943143867894,0.347533330676857
RTN4IP1,"Reticulon-4-interacting protein 1, mitochondrial",Diet and food preferences,X20604.Liking for asparagus,15782,-0.0478082337576142,0.0151532567489696,-0.0775086169855947,-0.0181078505296337,0.00160810457320017
RTN4IP1,"Reticulon-4-interacting protein 1, mitochondrial",Diet and food preferences,X20605.Liking for aubergine,15782,-0.070312426905874,0.0149583829006008,-0.0996308573910516,-0.0409939964206964,2.61674390434582e-06
RTN4IP1,"Reticulon-4-interacting protein 1, mitochondrial",Diet and food preferences,X20606.Liking for avocados,15782,-0.035836637010456,0.0151128155972994,-0.0654577555811628,-0.00621551843974921,0.0177388029760743
RTN4IP1,"Reticulon-4-interacting protein 1, mitochondrial",Diet and food preferences,X20607.Liking for bacon,15782,-0.00942217983164522,0.0151141296733482,-0.0390458739914076,0.0202015143281172,0.533029355565128
RTN4IP1,"Reticulon-4-interacting protein 1, mitochondrial",Diet and food preferences,X20608.Liking for baked or steamed fish,15782,-0.0190983293227272,0.0151745107552559,-0.0488403704030288,0.0106437117575745,0.208200872370225
RTN4IP1,"Reticulon-4-interacting protein 1, mitochondrial",Diet and food preferences,X20609.Liking for bananas,15782,0.0185196676133254,0.0154929545701778,-0.0118465233442231,0.0488858585708738,0.231964156371301
RTN4IP1,"Reticulon-4-interacting protein 1, mitochondrial",Diet and food preferences,X20610.Liking for barbequed or grilled meat,15782,-0.0342895253428087,0.0150946414364486,-0.063875022558248,-0.00470402812736941,0.0231219477138326
RTN4IP1,"Reticulon-4-interacting protein 1, mitochondrial",Diet and food preferences,X20611.Liking for beef steak,15782,-0.0180914453333299,0.0150973306802724,-0.0476822134666639,0.0114993228000041,0.23081017396619
RTN4IP1,"Reticulon-4-interacting protein 1, mitochondrial",Diet and food preferences,X20612.Liking for beetroot,15782,-0.000333887094150366,0.0151966197282954,-0.0301192617616093,0.0294514875733086,0.982471253274615
RTN4IP1,"Reticulon-4-interacting protein 1, mitochondrial",Diet and food preferences,X20613.Liking for bell pepper,15782,-0.0250581857222587,0.0150821007001976,-0.054619103094646,0.00450273165012853,0.096642601174208
RTN4IP1,"Reticulon-4-interacting protein 1, mitochondrial",Diet and food preferences,X20614.Liking for bicycling,15782,-0.0332975141803274,0.0149493275971423,-0.0625981962707263,-0.00399683208992846,0.0259373806231378
RTN4IP1,"Reticulon-4-interacting protein 1, mitochondrial",Diet and food preferences,X20615.Liking for biscuits,15782,0.0315448887879212,0.0150739792771944,0.00199988940462021,0.0610898881712223,0.0363944306669642
RTN4IP1,"Reticulon-4-interacting protein 1, mitochondrial",Diet and food preferences,X20616.Liking for bitter foods,15782,-0.0542757259617104,0.014966369144025,-0.0836098094839995,-0.0249416424394213,0.000288181113545125
RTN4IP1,"Reticulon-4-interacting protein 1, mitochondrial",Diet and food preferences,X20617.Liking for bitter or ale,15782,-0.0345304140662499,0.0153003261373166,-0.0645190532953904,-0.00454177483710928,0.0240316056096904
RTN4IP1,"Reticulon-4-interacting protein 1, mitochondrial",Diet and food preferences,X20618.Liking for black olives,15782,-0.0611156759900847,0.0150123003204241,-0.0905397846181158,-0.0316915673620535,4.70321598596599e-05
RTN4IP1,"Reticulon-4-interacting protein 1, mitochondrial",Diet and food preferences,X20619.Liking for black pepper,15782,-0.0146805081682694,0.0151538734423115,-0.0443821001151999,0.015021083778661,0.332678441472332
RTN4IP1,"Reticulon-4-interacting protein 1, mitochondrial",Diet and food preferences,X20620.Liking for blue cheese,15782,-0.0415800287065884,0.0149814478556837,-0.0709436665037285,-0.0122163909094483,0.00551929660722347
RTN4IP1,"Reticulon-4-interacting protein 1, mitochondrial",Diet and food preferences,X20621.Liking for bolognese sauce,15782,-0.0212583700625187,0.0150805127302139,-0.0508161750137378,0.0082994348887005,0.158660334821045
RTN4IP1,"Reticulon-4-interacting protein 1, mitochondrial",Diet and food preferences,X20622.Liking for broad beans,15782,-0.0234037291437705,0.0150274111718688,-0.0528574550406334,0.00604999675309227,0.119395011403809
RTN4IP1,"Reticulon-4-interacting protein 1, mitochondrial",Diet and food preferences,X20623.Liking for broccoli,15782,-0.0117051593506983,0.0153978561907517,-0.0418849574845716,0.0184746387831749,0.447157709477749
RTN4IP1,"Reticulon-4-interacting protein 1, mitochondrial",Diet and food preferences,X20624.Liking for brown rice,15782,-0.00920774188159838,0.0149695393428397,-0.0385480389935641,0.0201325552303674,0.538498523989625
RTN4IP1,"Reticulon-4-interacting protein 1, mitochondrial",Diet and food preferences,X20625.Liking for brussel sprouts,15782,0.00210166820420817,0.0151436085823705,-0.027579804617238,0.0317831410256544,0.889623778378161
RTN4IP1,"Reticulon-4-interacting protein 1, mitochondrial",Diet and food preferences,X20626.Liking for burgers (meat),15782,-0.0244968714220259,0.0149547223879984,-0.0538081273025028,0.00481438445845101,0.101427205337183
RTN4IP1,"Reticulon-4-interacting protein 1, mitochondrial",Diet and food preferences,X20627.Liking for burn of spicy foods,15782,-0.0424837790807993,0.0150498203276509,-0.071981426922995,-0.0129861312386036,0.00476545912165751
RTN4IP1,"Reticulon-4-interacting protein 1, mitochondrial",Diet and food preferences,X20628.Liking for butter on bread,15782,0.0299129594368205,0.0152025807289047,0.000115901208167228,0.0597100176654738,0.0491288505442286
RTN4IP1,"Reticulon-4-interacting protein 1, mitochondrial",Diet and food preferences,X20629.Liking for butternut squash,15782,-0.0507375026309466,0.0149259893094748,-0.0799924416775172,-0.021482563584376,0.000677327962307689
RTN4IP1,"Reticulon-4-interacting protein 1, mitochondrial",Diet and food preferences,X20630.Liking for cabbage,15782,0.0133932139714491,0.0151988073026864,-0.0163964483418163,0.0431828762847144,0.378222129143578
RTN4IP1,"Reticulon-4-interacting protein 1, mitochondrial",Diet and food preferences,X20631.Liking for cake,15782,0.0297652648865901,0.0150453995914402,0.000276281687367284,0.059254248085813,0.0479051340657186
RTN4IP1,"Reticulon-4-interacting protein 1, mitochondrial",Diet and food preferences,X20632.Liking for cake icing,15782,0.00618589534853248,0.0148161182814037,-0.0228536964830187,0.0352254871800837,0.676310220463068
RTN4IP1,"Reticulon-4-interacting protein 1, mitochondrial",Diet and food preferences,X20633.Liking for capers,15782,-0.0644297508123886,0.0149100731990655,-0.093653494282557,-0.0352060073422202,1.56117461041544e-05
RTN4IP1,"Reticulon-4-interacting protein 1, mitochondrial",Diet and food preferences,X20634.Liking for cauliflower,15782,0.00266121595960646,0.0152347225767305,-0.0271988402907853,0.0325212722099982,0.861332573726826
RTN4IP1,"Reticulon-4-interacting protein 1, mitochondrial",Diet and food preferences,X20635.Liking for cereal or granola bar,15782,0.00553242590841598,0.0149044665481057,-0.0236803285258711,0.0347451803427031,0.7104991632332
RTN4IP1,"Reticulon-4-interacting protein 1, mitochondrial",Diet and food preferences,X20636.Liking for cheesecake,15782,0.0492030531463204,0.0149628104383625,0.0198759446871299,0.0785301616055109,0.00100994940841003
RTN4IP1,"Reticulon-4-interacting protein 1, mitochondrial",Diet and food preferences,X20637.Liking for cherries,15782,-0.000178804827597813,0.015761381982023,-0.0310711135123628,0.0307135038571672,0.990948744972057
RTN4IP1,"Reticulon-4-interacting protein 1, mitochondrial",Diet and food preferences,X20638.Liking for chicken,15782,-0.00628644607766331,0.0156857642766426,-0.0370305440598827,0.0244576519045561,0.688591975597109
RTN4IP1,"Reticulon-4-interacting protein 1, mitochondrial",Diet and food preferences,X20639.Liking for chilli pepper,15782,-0.06024026797591,0.0150099419320973,-0.0896597541628206,-0.0308207817889993,6.01378513113385e-05
RTN4IP1,"Reticulon-4-interacting protein 1, mitochondrial",Diet and food preferences,X20640.Liking for chips or french fries,15782,0.00793931922503153,0.0150574535496116,-0.0215732897322073,0.0374519281822703,0.598014647508594
RTN4IP1,"Reticulon-4-interacting protein 1, mitochondrial",Diet and food preferences,X20641.Liking for cigarette smoking,15782,0.000465917500977515,0.0241749470479873,-0.0469169787130777,0.0478488137150327,0.984623773151511
RTN4IP1,"Reticulon-4-interacting protein 1, mitochondrial",Diet and food preferences,X20642.Liking for cod,15782,0.0104166179306703,0.0154257453779157,-0.0198178430100445,0.040651078871385,0.499511065680674
RTN4IP1,"Reticulon-4-interacting protein 1, mitochondrial",Diet and food preferences,X20643.Liking for coffee with sugar,15782,0.0130487206070344,0.0163211571370566,-0.0189407473815966,0.0450381885956654,0.4240141780303
RTN4IP1,"Reticulon-4-interacting protein 1, mitochondrial",Diet and food preferences,X20644.Liking for coffee without sugar,15782,-0.0351037947863108,0.0152650964457847,-0.0650233838200488,-0.00518420575257287,0.0214832364116229
RTN4IP1,"Reticulon-4-interacting protein 1, mitochondrial",Diet and food preferences,X20645.Liking for coriander,15782,-0.0540748977942668,0.0149281636643318,-0.0833340985763571,-0.0248156970121764,0.000292866087833398
RTN4IP1,"Reticulon-4-interacting protein 1, mitochondrial",Diet and food preferences,X20646.Liking for corn flakes,15782,0.0607455704740298,0.0149036432154552,0.0315344297717376,0.089956711176322,4.60639792888115e-05
RTN4IP1,"Reticulon-4-interacting protein 1, mitochondrial",Diet and food preferences,X20647.Liking for cream,15782,0.0112165252413951,0.0148987881174621,-0.0179850994688306,0.0404181499516208,0.451552407570088
RTN4IP1,"Reticulon-4-interacting protein 1, mitochondrial",Diet and food preferences,X20648.Liking for croissant,15782,-0.00374279990286949,0.0149633937564844,-0.033071051665579,0.02558545185984,0.802489755473416
RTN4IP1,"Reticulon-4-interacting protein 1, mitochondrial",Diet and food preferences,X20649.Liking for cucumber,15782,-0.0190540299860287,0.015071105243814,-0.0485933962639042,0.0104853362918467,0.20614983779519
RTN4IP1,"Reticulon-4-interacting protein 1, mitochondrial",Diet and food preferences,X20650.Liking for curry,15782,-0.0330350322321268,0.0151710444679895,-0.0627702793893861,-0.0032997850748674,0.0294576572868535
RTN4IP1,"Reticulon-4-interacting protein 1, mitochondrial",Diet and food preferences,X20651.Liking for dairy products,15782,0.0410289566105751,0.0152096025034875,0.0112181357037397,0.0708397775174105,0.00699220730576978
RTN4IP1,"Reticulon-4-interacting protein 1, mitochondrial",Diet and food preferences,X20652.Liking for dark chocolate,15782,-0.0237210430982807,0.0151338064020754,-0.0533833036463485,0.00594121744978714,0.117036440709246
RTN4IP1,"Reticulon-4-interacting protein 1, mitochondrial",Diet and food preferences,X20653.Liking for diet fizzy drinks,15782,0.0175169221148192,0.0154615668821375,-0.0127877489741702,0.0478215932038086,0.257259551677964
RTN4IP1,"Reticulon-4-interacting protein 1, mitochondrial",Diet and food preferences,X20654.Liking for dried fruit,15782,-0.0189753316455461,0.0150557011821643,-0.0484845059625882,0.010533842671496,0.207564697749205
RTN4IP1,"Reticulon-4-interacting protein 1, mitochondrial",Diet and food preferences,X20655.Liking for eggs,15782,0.00853298280922835,0.0154714147214509,-0.0217909900448154,0.0388569556632721,0.581276745579107
RTN4IP1,"Reticulon-4-interacting protein 1, mitochondrial",Diet and food preferences,X20656.Liking for exercising alone,15782,0.00307849962025772,0.0149242522137538,-0.0261730347186997,0.0323300339592151,0.836578796867586
RTN4IP1,"Reticulon-4-interacting protein 1, mitochondrial",Diet and food preferences,X20657.Liking for exercising with others,15782,-0.0113293331104954,0.0149505672252357,-0.0406324448719573,0.0179737786509666,0.448590332723347
RTN4IP1,"Reticulon-4-interacting protein 1, mitochondrial",Diet and food preferences,X20658.Liking for extra virgin olive oil,15782,-0.0352328527307659,0.0152081382899995,-0.065040803779165,-0.00542490168236684,0.0205322675581023
RTN4IP1,"Reticulon-4-interacting protein 1, mitochondrial",Diet and food preferences,X20659.Liking for fatty foods,15782,0.00905039342632809,0.0149325516099618,-0.020217407729197,0.0383181945818532,0.544467134675826
RTN4IP1,"Reticulon-4-interacting protein 1, mitochondrial",Diet and food preferences,X20660.Liking for fresh tomatoes,15782,-0.00994030088046284,0.0160290817459665,-0.0413573011025572,0.0214766993416315,0.535173513367614
RTN4IP1,"Reticulon-4-interacting protein 1, mitochondrial",Diet and food preferences,X20661.Liking for fried chicken,15782,0.00616500460463888,0.0149145983325034,-0.0230676081270678,0.0353976173363455,0.679353105965756
RTN4IP1,"Reticulon-4-interacting protein 1, mitochondrial",Diet and food preferences,X20662.Liking for fried or battered fish,15782,0.00315916255217506,0.0150258698072869,-0.0262915422701072,0.0326098673744574,0.833476655623172
RTN4IP1,"Reticulon-4-interacting protein 1, mitochondrial",Diet and food preferences,X20663.Liking for fruit,15782,0.000141152477512779,0.0166318769672545,-0.032457326378306,0.0327396313333316,0.993228650976909
RTN4IP1,"Reticulon-4-interacting protein 1, mitochondrial",Diet and food preferences,X20664.Liking for garlic,15782,-0.0351945159808972,0.015185499682981,-0.0649580953595399,-0.00543093660225437,0.0204816573936611
RTN4IP1,"Reticulon-4-interacting protein 1, mitochondrial",Diet and food preferences,X20665.Liking for gherkins,15782,-0.0596151981011547,0.0148759704245231,-0.08877210013322,-0.0304582960690894,6.16514760414052e-05
RTN4IP1,"Reticulon-4-interacting protein 1, mitochondrial",Diet and food preferences,X20666.Liking for globe artichoke,15782,-0.0520330322566546,0.0149951004088628,-0.0814234290580257,-0.0226426354552835,0.000521846199076855
RTN4IP1,"Reticulon-4-interacting protein 1, mitochondrial",Diet and food preferences,X20667.Liking for goat's cheese,15782,-0.0472017982057404,0.0149005294770359,-0.0764068359807307,-0.0179967604307501,0.00153893788336448
RTN4IP1,"Reticulon-4-interacting protein 1, mitochondrial",Diet and food preferences,X20668.Liking for going to a cafe,15782,-0.00511760958868269,0.0150836407429359,-0.0346815454448371,0.0244463262674717,0.734401732815317
RTN4IP1,"Reticulon-4-interacting protein 1, mitochondrial",Diet and food preferences,X20669.Liking for going to the gym,15782,-0.0302263320038242,0.014884957582773,-0.0594008488660594,-0.00105181514158904,0.0423059516345278
RTN4IP1,"Reticulon-4-interacting protein 1, mitochondrial",Diet and food preferences,X20670.Liking for going to the pub,15782,-0.0251644771951672,0.0149593984628365,-0.0544848981823267,0.00415594379199229,0.0925527642433785
RTN4IP1,"Reticulon-4-interacting protein 1, mitochondrial",Diet and food preferences,X20671.Liking for grapefruit,15782,-0.00550627660992665,0.0149461309918899,-0.0348006933540309,0.0237881401341776,0.712573862828158
RTN4IP1,"Reticulon-4-interacting protein 1, mitochondrial",Diet and food preferences,X20672.Liking for green olives,15782,-0.0455745868246996,0.015031085287609,-0.0750355139884133,-0.0161136596609859,0.00243315943685375
RTN4IP1,"Reticulon-4-interacting protein 1, mitochondrial",Diet and food preferences,X20673.Liking for haddock,15782,-0.0232182808357045,0.0153456786900869,-0.0532958110682749,0.00685924939686589,0.130295259888018
RTN4IP1,"Reticulon-4-interacting protein 1, mitochondrial",Diet and food preferences,X20674.Liking for ham,15782,-0.000647859552400311,0.0150822383861291,-0.0302090467892133,0.0289133276844127,0.965737843881472
RTN4IP1,"Reticulon-4-interacting protein 1, mitochondrial",Diet and food preferences,X20675.Liking for hard cheese,15782,0.00430062599653603,0.0153125742300395,-0.0257120194943414,0.0343132714874135,0.778824654501441
RTN4IP1,"Reticulon-4-interacting protein 1, mitochondrial",Diet and food preferences,X20676.Liking for herring,15782,-0.0321083032856659,0.0149092551371996,-0.0613304433545772,-0.00288616321675474,0.0312880880243396
RTN4IP1,"Reticulon-4-interacting protein 1, mitochondrial",Diet and food preferences,X20677.Liking for honey,15782,-0.0016092499910269,0.01490802564285,-0.030828980251013,0.0276104802689592,0.914040526711478
RTN4IP1,"Reticulon-4-interacting protein 1, mitochondrial",Diet and food preferences,X20678.Liking for horseradish or wasabi,15782,-0.062758051029157,0.014988777266475,-0.0921360544714481,-0.0333800475868659,2.84197809232267e-05
RTN4IP1,"Reticulon-4-interacting protein 1, mitochondrial",Diet and food preferences,X20679.Liking for ice cream,15782,0.0261698887433598,0.0150329903640845,-0.00329477237024582,0.0556345498569655,0.0817328034527823
RTN4IP1,"Reticulon-4-interacting protein 1, mitochondrial",Diet and food preferences,X20680.Liking for jam,15782,0.0270087275052795,0.014926027646828,-0.00224628668250333,0.0562637416930624,0.070391567905932
RTN4IP1,"Reticulon-4-interacting protein 1, mitochondrial",Diet and food preferences,X20681.Liking for kiwi fruit,15782,-0.0090931032041622,0.0150458742222728,-0.0385830166798169,0.0203968102714925,0.545613966745799
RTN4IP1,"Reticulon-4-interacting protein 1, mitochondrial",Diet and food preferences,X20682.Liking for lager,15782,-0.0486765976388994,0.0150816317587565,-0.078236595886062,-0.0191165993917367,0.00125114050332838
RTN4IP1,"Reticulon-4-interacting protein 1, mitochondrial",Diet and food preferences,X20683.Liking for lamb,15782,-0.0101927291181253,0.0151711124519757,-0.0399281095239977,0.0195426512877472,0.501688320319522
RTN4IP1,"Reticulon-4-interacting protein 1, mitochondrial",Diet and food preferences,X20684.Liking for lemons,15782,-0.0409324244675248,0.0150272510174018,-0.0703858364616323,-0.0114790124734173,0.00645910867857441
RTN4IP1,"Reticulon-4-interacting protein 1, mitochondrial",Diet and food preferences,X20685.Liking for lentils or beans,15782,-0.03438548827616,0.0150944708163798,-0.0639706510762645,-0.00480032547605556,0.0227387846816911
RTN4IP1,"Reticulon-4-interacting protein 1, mitochondrial",Diet and food preferences,X20686.Liking for liver,15782,0.0190129124483562,0.0149641750329501,-0.0103168706162261,0.0483426955129385,0.203903262526596
RTN4IP1,"Reticulon-4-interacting protein 1, mitochondrial",Diet and food preferences,X20687.Liking for mackerel,15782,-0.0355979282955144,0.0149946884878602,-0.0649875177317203,-0.00620833885930843,0.0176067521374016
RTN4IP1,"Reticulon-4-interacting protein 1, mitochondrial",Diet and food preferences,X20688.Liking for marzipan,15782,-0.0127203634521755,0.0148780761479703,-0.0418813927021973,0.0164406657978462,0.392578718653865
RTN4IP1,"Reticulon-4-interacting protein 1, mitochondrial",Diet and food preferences,X20689.Liking for mayonnaise,15782,-0.0273797406766391,0.0150043607354803,-0.0567882877181805,0.0020288063649023,0.0680523193360975
RTN4IP1,"Reticulon-4-interacting protein 1, mitochondrial",Diet and food preferences,X20690.Liking for melon,15782,-0.00971486198010639,0.0154428867217753,-0.0399829199547859,0.0205531959945732,0.529303648320202
RTN4IP1,"Reticulon-4-interacting protein 1, mitochondrial",Diet and food preferences,X20691.Liking for milk chocolate,15782,0.0471264647464786,0.015015754492984,0.01769558594023,0.0765573435527272,0.00170146690817276
RTN4IP1,"Reticulon-4-interacting protein 1, mitochondrial",Diet and food preferences,X20692.Liking for mushrooms,15782,-0.0142738287903243,0.0154047492621736,-0.0444671373441847,0.015919479763536,0.354155588436923
RTN4IP1,"Reticulon-4-interacting protein 1, mitochondrial",Diet and food preferences,X20694.Liking for orange juice,15782,0.0280407801954752,0.0149940349513778,-0.00134752830922532,0.0574290887001756,0.0614844249025001
RTN4IP1,"Reticulon-4-interacting protein 1, mitochondrial",Diet and food preferences,X20695.Liking for oranges,15782,-0.0169490807746812,0.0152856431546899,-0.0469089413578734,0.013010779808511,0.267523239622956
RTN4IP1,"Reticulon-4-interacting protein 1, mitochondrial",Diet and food preferences,X20696.Liking for pasta,15782,0.0072674269006124,0.015142948424726,-0.0224127520118505,0.0369476058130753,0.631289855676698
RTN4IP1,"Reticulon-4-interacting protein 1, mitochondrial",Diet and food preferences,X20697.Liking for pears,15782,0.00781143556206391,0.0153243760818962,-0.0222243415584526,0.0378472126825804,0.610241307998647
RTN4IP1,"Reticulon-4-interacting protein 1, mitochondrial",Diet and food preferences,X20698.Liking for pizza,15782,-0.0317094816818696,0.0149675927057238,-0.0610459633850883,-0.00237299997865093,0.0341447512581693
RTN4IP1,"Reticulon-4-interacting protein 1, mitochondrial",Diet and food preferences,X20699.Liking for plain yogurt,15782,-0.0240312079498193,0.014970378300122,-0.0533731494180584,0.0053107335184198,0.10845871486238
RTN4IP1,"Reticulon-4-interacting protein 1, mitochondrial",Diet and food preferences,X20700.Liking for plums,15782,-0.0175212351276113,0.0153362344313252,-0.0475802546130088,0.0125377843577862,0.253274782810428
RTN4IP1,"Reticulon-4-interacting protein 1, mitochondrial",Diet and food preferences,X20701.Liking for pollock,15782,-0.0103022931262367,0.0149544316222247,-0.039612979105797,0.0190083928533236,0.490888548375904
RTN4IP1,"Reticulon-4-interacting protein 1, mitochondrial",Diet and food preferences,X20702.Liking for pork chop,15782,-0.00286038046774684,0.0149609715452451,-0.0321838846964272,0.0264631237609335,0.848379603228464
RTN4IP1,"Reticulon-4-interacting protein 1, mitochondrial",Diet and food preferences,X20703.Liking for porridge,15782,0.0157412759014885,0.0152151884277694,-0.0140804934169395,0.0455630452199165,0.300882623934231
RTN4IP1,"Reticulon-4-interacting protein 1, mitochondrial",Diet and food preferences,X20704.Liking for potato crisps,15782,0.0231740351759981,0.0149644718858757,-0.00615632972031819,0.0525044000723144,0.121497118295169
RTN4IP1,"Reticulon-4-interacting protein 1, mitochondrial",Diet and food preferences,X20705.Liking for potatoes,15782,0.0227872033694015,0.0152213363781134,-0.00704661593170084,0.0526210226705039,0.134398535265985
RTN4IP1,"Reticulon-4-interacting protein 1, mitochondrial",Diet and food preferences,X20706.Liking for prawns,15782,-0.032932543718371,0.0152090501188863,-0.0627422819513882,-0.00312280548535379,0.0303777235001697
RTN4IP1,"Reticulon-4-interacting protein 1, mitochondrial",Diet and food preferences,X20707.Liking for raw carrots,15782,-0.0167214390567149,0.0151638048849965,-0.046442496631308,0.0129996185178782,0.270165385131675
RTN4IP1,"Reticulon-4-interacting protein 1, mitochondrial",Diet and food preferences,X20708.Liking for red meat,15782,-0.0222608294768039,0.0150595274427734,-0.0517775032646398,0.0072558443110319,0.139377153240993
RTN4IP1,"Reticulon-4-interacting protein 1, mitochondrial",Diet and food preferences,X20709.Liking for red wine,15782,-0.0836976382952829,0.0150540326644701,-0.113203542317644,-0.0541917342729216,2.74445347376683e-08
RTN4IP1,"Reticulon-4-interacting protein 1, mitochondrial",Diet and food preferences,X20710.Liking for regular (non-diet) fizzy drinks,15782,0.0301397133545302,0.0154893182624455,-0.000219350439863028,0.0604987771489235,0.051691883906688
RTN4IP1,"Reticulon-4-interacting protein 1, mitochondrial",Diet and food preferences,X20711.Liking for roast chicken,15782,0.0117493074334475,0.0157236402617595,-0.0190690274796011,0.0425676423464961,0.454930831051181
RTN4IP1,"Reticulon-4-interacting protein 1, mitochondrial",Diet and food preferences,X20712.Liking for salad dressing,15782,-0.0317194818403324,0.015034929035542,-0.0611879427499948,-0.00225102093067003,0.0348982542947464
RTN4IP1,"Reticulon-4-interacting protein 1, mitochondrial",Diet and food preferences,X20713.Liking for salad leaves,15782,-0.0271918113705339,0.0153583717268676,-0.0572942199551945,0.00291059721412668,0.0766652264934981
RTN4IP1,"Reticulon-4-interacting protein 1, mitochondrial",Diet and food preferences,X20714.Liking for salami,15782,-0.0593729258207902,0.0149709827671672,-0.0887160520444379,-0.0300297995971425,7.34528690444764e-05
RTN4IP1,"Reticulon-4-interacting protein 1, mitochondrial",Diet and food preferences,X20715.Liking for salmon,15782,-0.030527927214086,0.0157148185151564,-0.0613289715037925,0.000273117075620465,0.0520798275908484
RTN4IP1,"Reticulon-4-interacting protein 1, mitochondrial",Diet and food preferences,X20716.Liking for salty foods,15782,-0.0202232199756043,0.0149276101133082,-0.0494813357976884,0.00903489584647975,0.17551578488239
RTN4IP1,"Reticulon-4-interacting protein 1, mitochondrial",Diet and food preferences,X20717.Liking for salty pretzels,15782,-0.0211493380960135,0.0149455701425172,-0.0504426555753472,0.0081439793833202,0.157061648783472
RTN4IP1,"Reticulon-4-interacting protein 1, mitochondrial",Diet and food preferences,X20718.Liking for sardines,15782,-0.0284678587904756,0.0149316056824312,-0.0577338059280408,0.000798088347089564,0.0565970023682873
RTN4IP1,"Reticulon-4-interacting protein 1, mitochondrial",Diet and food preferences,X20719.Liking for sausages (meat),15782,-0.00696356910436368,0.0150125139860993,-0.0363880965171183,0.0224609583083909,0.642760932760901
RTN4IP1,"Reticulon-4-interacting protein 1, mitochondrial",Diet and food preferences,X20720.Liking for savoury biscuits,15782,0.0130435134948629,0.0151079645319374,-0.0165680969877344,0.0426551239774603,0.387956297030917
RTN4IP1,"Reticulon-4-interacting protein 1, mitochondrial",Diet and food preferences,X20721.Liking for shellfish (other than prawns),15782,-0.0536267213710409,0.0148933111210964,-0.0828176111683899,-0.0244358315736919,0.000318305457733703
RTN4IP1,"Reticulon-4-interacting protein 1, mitochondrial",Diet and food preferences,X20722.Liking for skimmed milk,15782,-0.00468443494809321,0.0149928942837837,-0.0340705077443093,0.0247016378481229,0.754707498718794
RTN4IP1,"Reticulon-4-interacting protein 1, mitochondrial",Diet and food preferences,X20723.Liking for smoked fish,15782,-0.0449288124694713,0.0150163201670682,-0.0743607999969249,-0.0154968249420177,0.00277586350915503
RTN4IP1,"Reticulon-4-interacting protein 1, mitochondrial",Diet and food preferences,X20724.Liking for soft cheese,15782,0.00601018294387041,0.0149729319388455,-0.0233367636562668,0.0353571295440076,0.688128729163825
RTN4IP1,"Reticulon-4-interacting protein 1, mitochondrial",Diet and food preferences,X20725.Liking for soy sauce,15782,-0.0310302998761028,0.0150323138227484,-0.0604936349686897,-0.00156696478351587,0.0390113170133562
RTN4IP1,"Reticulon-4-interacting protein 1, mitochondrial",Diet and food preferences,X20726.Liking for soya milk,15782,-0.0262076590456845,0.0150212595057059,-0.055649327676868,0.00323400958549901,0.0810558131888237
RTN4IP1,"Reticulon-4-interacting protein 1, mitochondrial",Diet and food preferences,X20727.Liking for spicy foods,15782,-0.0453532398129738,0.0150474505747151,-0.0748462429394153,-0.0158602366865322,0.00258225087864525
RTN4IP1,"Reticulon-4-interacting protein 1, mitochondrial",Diet and food preferences,X20728.Liking for spinach,15782,-0.0282128444574254,0.015082011709421,-0.0577735874078905,0.00134789849303983,0.0614150787436323
RTN4IP1,"Reticulon-4-interacting protein 1, mitochondrial",Diet and food preferences,X20729.Liking for spirits,15782,-0.0318829192908007,0.0149533823461937,-0.0611915486893404,-0.00257428989226095,0.0330095768095411
RTN4IP1,"Reticulon-4-interacting protein 1, mitochondrial",Diet and food preferences,X20730.Liking for strawberries,15782,-0.00185534248752692,0.0163051351255854,-0.0338134073336744,0.0301027223586205,0.909406631363288
RTN4IP1,"Reticulon-4-interacting protein 1, mitochondrial",Diet and food preferences,X20731.Liking for sweet coffee house drinks,15782,0.0479695164888434,0.0153719792584944,0.0178404371421944,0.0780985958354923,0.00180820194290448
RTN4IP1,"Reticulon-4-interacting protein 1, mitochondrial",Diet and food preferences,X20732.Liking for sweet foods,15782,0.0418874203079695,0.0148625793263029,0.0127567648284158,0.0710180757875232,0.00483366640499102
RTN4IP1,"Reticulon-4-interacting protein 1, mitochondrial",Diet and food preferences,X20733.Liking for taking the stairs,15782,-0.0185093617485021,0.0153399646921529,-0.0485756925451219,0.0115569690481176,0.227600311623693
RTN4IP1,"Reticulon-4-interacting protein 1, mitochondrial",Diet and food preferences,X20734.Liking for tea with sugar,15782,0.0313868531521252,0.0181428507043544,-0.00417313422840941,0.0669468405326598,0.0836525973787245
RTN4IP1,"Reticulon-4-interacting protein 1, mitochondrial",Diet and food preferences,X20735.Liking for tea without sugar,15782,-0.0136401268113124,0.0157190161903865,-0.0444493985444699,0.0171691449218452,0.385546144429031
RTN4IP1,"Reticulon-4-interacting protein 1, mitochondrial",Diet and food preferences,X20736.Liking for tomato ketchup,15782,0.00563395317999385,0.0149075655744244,-0.023584875345878,0.0348527817058657,0.70549082898949
RTN4IP1,"Reticulon-4-interacting protein 1, mitochondrial",Diet and food preferences,X20737.Liking for tinned tuna,15782,-0.00981165486441383,0.015023934650783,-0.0392585667799485,0.0196352570511209,0.513721800405029
RTN4IP1,"Reticulon-4-interacting protein 1, mitochondrial",Diet and food preferences,X20738.Liking for turnip (white),15782,-0.00875496860271941,0.0149427110073669,-0.0380426821771585,0.0205327449717197,0.557949568794018
RTN4IP1,"Reticulon-4-interacting protein 1, mitochondrial",Diet and food preferences,X20739.Liking for vegetables,15782,0.0109903770887501,0.0165103349294997,-0.0213698793730693,0.0433506335505695,0.505634024725385
RTN4IP1,"Reticulon-4-interacting protein 1, mitochondrial",Diet and food preferences,X20740.Liking for vinegar,15782,-0.0262351472852689,0.0150165583967026,-0.055667601742806,0.00319730717226814,0.080642728211848
RTN4IP1,"Reticulon-4-interacting protein 1, mitochondrial",Diet and food preferences,X20741.Liking for watching television,15782,0.0110245811226477,0.015109158388813,-0.0185893693194256,0.0406385315647211,0.465607562370805
RTN4IP1,"Reticulon-4-interacting protein 1, mitochondrial",Diet and food preferences,X20742.Liking for whisky,15782,-0.0294225923553251,0.0154876092865488,-0.0597783065569608,0.000933121846310558,0.0574841170131325
RTN4IP1,"Reticulon-4-interacting protein 1, mitochondrial",Diet and food preferences,X20743.Liking for white bread,15782,0.0302439460714384,0.0148590108563067,0.0011202847930772,0.0593676073497996,0.0418279099764302
RTN4IP1,"Reticulon-4-interacting protein 1, mitochondrial",Diet and food preferences,X20744.Liking for white rice,15782,0.00269063329417571,0.0151006896632281,-0.0269067184457514,0.0322879850341029,0.858584301058302
RTN4IP1,"Reticulon-4-interacting protein 1, mitochondrial",Diet and food preferences,X20745.Liking for white wine,15782,-0.0599537380446412,0.0149748533996374,-0.0893044507079306,-0.0306030253813519,6.26642876410908e-05
RTN4IP1,"Reticulon-4-interacting protein 1, mitochondrial",Diet and food preferences,X20746.Liking for whole grain breakfast cereal,15782,0.0145180648353323,0.0150908549192432,-0.0150600108063844,0.044096140477049,0.336042316224268
RTN4IP1,"Reticulon-4-interacting protein 1, mitochondrial",Diet and food preferences,X20747.Liking for whole milk,15782,0.010751311580112,0.0148922803327507,-0.0184375578720794,0.0399401810323034,0.470342957563493
RTN4IP1,"Reticulon-4-interacting protein 1, mitochondrial",Diet and food preferences,X20748.Liking for wholemeal bread,15782,-0.00241016650406148,0.0156118475845401,-0.0330093877697601,0.0281890547616371,0.877311620782193
RTN4IP1,"Reticulon-4-interacting protein 1, mitochondrial",Diet and food preferences,X20749.Liking for working up a sweat,15782,-0.0287551696596623,0.0150667233635464,-0.0582859474522132,0.0007756081328886,0.0563419602608091
RTN4IP1,"Reticulon-4-interacting protein 1, mitochondrial",Physical measures,X21001.Body mass index (BMI),44483,0.0628901849332094,0.0198211175648454,0.0240407945061123,0.101739575360306,0.00151033409764559
RTN4IP1,"Reticulon-4-interacting protein 1, mitochondrial",Physical measures,X21002.Weight,44517,-0.0735180181281579,0.0112196026809634,-0.0955084393828462,-0.0515275968734697,5.71440334864578e-11
RTN4IP1,"Reticulon-4-interacting protein 1, mitochondrial",Physical measures,X21021.Pulse wave Arterial Stiffness index,15000,0.0165287184901454,0.00791667146236117,0.00101204242391755,0.0320453945563733,0.036829397173221
RTN4IP1,"Reticulon-4-interacting protein 1, mitochondrial",Health and medical history,X21025.Frequency of discomfort or pain in abdomen in last 3 months,15130,-0.029776512487279,0.0159886091193021,-0.0611141863611112,0.00156116138655312,0.0625720528531891
RTN4IP1,"Reticulon-4-interacting protein 1, mitochondrial",Health and medical history,X21033.Frequency of hard or lumpy stools in the last 3 months,15147,-0.0175369804700356,0.0165177156736145,-0.04991170319032,0.0148377422502489,0.288385498838252
RTN4IP1,"Reticulon-4-interacting protein 1, mitochondrial",Health and medical history,X21034.Frequency of loose or mushy or watery stools in the last 3 months,15149,0.00726381044207869,0.0162936396981765,-0.0246717233663473,0.0391993442505046,0.655743406256396
RTN4IP1,"Reticulon-4-interacting protein 1, mitochondrial",Health and medical history,X21040.Satisfaction with bowel habits,15077,-0.031973274827773,0.0152036129731479,-0.0617723562551429,-0.00217419340040318,0.0354818835808457
RTN4IP1,"Reticulon-4-interacting protein 1, mitochondrial",Health and medical history,X21041.Degree to which abdominal pain or discomfort or altered bowel habits affect or interfere with life in general,15057,-0.0189687426061145,0.0162012485784405,-0.050723189819858,0.0127857046076289,0.241689775056276
RTN4IP1,"Reticulon-4-interacting protein 1, mitochondrial",Health and medical history,X21042.Greatest number of times bowels opened per day,15070,-0.0271382590079502,0.0163614050646593,-0.0592066129346824,0.00493009491878195,0.0972020635032062
RTN4IP1,"Reticulon-4-interacting protein 1, mitochondrial",Health and medical history,X21043.Least number of times bowels opened per week,14958,-0.0103650071261033,0.0162546052269213,-0.0422240333708691,0.0214940191186624,0.523700971817743
RTN4IP1,"Reticulon-4-interacting protein 1, mitochondrial",Health and medical history,X21044.Average number of times bowels opened per day,15020,-0.0109894126249093,0.018153749109249,-0.0465707608790373,0.0245919356292187,0.544954139455555
RTN4IP1,"Reticulon-4-interacting protein 1, mitochondrial",Health and medical history,X21048.Degree bothered by back pain in the past 3 months,15154,-0.0105430563301504,0.0163893247625099,-0.0426661328646699,0.021580020204369,0.520046969733822
RTN4IP1,"Reticulon-4-interacting protein 1, mitochondrial",Health and medical history,X21049.Degree bothered by pain in arms or legs or joints in the past 3 months,15143,-0.00883767626041651,0.0164810425139741,-0.0411405195878058,0.0234651670669728,0.591805523012933
RTN4IP1,"Reticulon-4-interacting protein 1, mitochondrial",Health and medical history,X21050.Degree bothered by menstrual cramps or other problems with period in the last 3 months,8538,-0.00683020396964443,0.0257554053400528,-0.0573107984361479,0.043650390496859,0.790865682340247
RTN4IP1,"Reticulon-4-interacting protein 1, mitochondrial",Health and medical history,X21051.Degree bothered by headaches in the last 3 months,15150,-0.019545695650026,0.0179568068472757,-0.0547410370706863,0.0156496457706343,0.276398859956045
RTN4IP1,"Reticulon-4-interacting protein 1, mitochondrial",Health and medical history,X21052.Degree bothered by chest pain in the last 3 months,15147,-0.0136695311733115,0.0247230128037685,-0.0621266362686978,0.0347875739220748,0.580335141477766
RTN4IP1,"Reticulon-4-interacting protein 1, mitochondrial",Health and medical history,X21053.Degree bothered by dizziness in the last 3 months,15147,-0.0226799399049852,0.019346599708099,-0.0605992753328593,0.0152393955228888,0.241096724507704
RTN4IP1,"Reticulon-4-interacting protein 1, mitochondrial",Health and medical history,X21054.Degree bothered by fainting spells in the last 3 months,15145,0.0337759516827299,0.0478022419711928,-0.059916442580808,0.127468345946268,0.479840436570101
RTN4IP1,"Reticulon-4-interacting protein 1, mitochondrial",Health and medical history,X21055.Degree bothered by feeling heart pound or race in the last 3 months,15153,0.00780605731107311,0.018908332715354,-0.0292542748110207,0.0448663894331669,0.679731967066332
RTN4IP1,"Reticulon-4-interacting protein 1, mitochondrial",Health and medical history,X21056.Degree bothered by shortness of breath in the last 3 months,15150,-0.0386748449240771,0.0187472282694901,-0.0754194123322778,-0.00193027751587643,0.0391331279645812
RTN4IP1,"Reticulon-4-interacting protein 1, mitochondrial",Health and medical history,X21057.Degree bothered by pain or problems during intercourse in the last 3 months,14786,0.00437243265247664,0.0171436979991387,-0.0292292154258351,0.0379740807307884,0.798691074500202
RTN4IP1,"Reticulon-4-interacting protein 1, mitochondrial",Health and medical history,X21058.Degree bothered by urinary frequency or bladder irritability in the last 3 months,15146,0.00657749400271296,0.0168247864424625,-0.0263990874245136,0.0395540754299396,0.695846563824208
RTN4IP1,"Reticulon-4-interacting protein 1, mitochondrial",Health and medical history,X21059.Degree bothered by nausea in the last 3 months,15150,0.0120477326397829,0.0246181203033498,-0.0362037831547828,0.0602992484343485,0.624576423093407
RTN4IP1,"Reticulon-4-interacting protein 1, mitochondrial",Health and medical history,X21060.Degree bothered by feeling tired all the time in the last 3 months,15154,-0.0166531172133426,0.0165098230722582,-0.0490123704349686,0.0157061360082834,0.313144570845692
RTN4IP1,"Reticulon-4-interacting protein 1, mitochondrial",Health and medical history,X21061.Degree bothered by trouble sleeping in the last 3 months,15152,-0.00702640202228518,0.0164921481080471,-0.0393510123140576,0.0252982082694872,0.670080902558207
RTN4IP1,"Reticulon-4-interacting protein 1, mitochondrial",Working and living environment,X21100.Water hardness (USGS classification),44256,0.020618607821128,0.00946615670054033,0.00206494068806896,0.039172274954187,0.0294009307912842
RTN4IP1,"Reticulon-4-interacting protein 1, mitochondrial",Lifestyle factors,X2139.Age first had sexual intercourse,38591,-0.0107815416962027,0.00513550915157706,-0.0208471396332937,-0.000715943759111652,0.0357872122707589
RTN4IP1,"Reticulon-4-interacting protein 1, mitochondrial",Health and medical history,X2149.Lifetime number of sexual partners,35803,-0.0214135916448354,0.0106990858517297,-0.0423837999142256,-0.000443383375445257,0.0453523958915564
RTN4IP1,"Reticulon-4-interacting protein 1, mitochondrial",Physical activities,X22032.IPAQ activity group,35759,-0.0420034282887922,0.0104840288495617,-0.062552124833933,-0.0214547317436513,6.17705912653173e-05
RTN4IP1,"Reticulon-4-interacting protein 1, mitochondrial",Physical activities,X22033.Summed days activity,36707,-0.0190504813510691,0.00500243737245526,-0.0288552586010814,-0.00924570410105679,0.000140187231749268
RTN4IP1,"Reticulon-4-interacting protein 1, mitochondrial",Physical activities,X22034.Summed minutes activity,35759,-0.011805931084394,0.00503544917790903,-0.0216754114730957,-0.00193645069569225,0.0190548015493241
RTN4IP1,"Reticulon-4-interacting protein 1, mitochondrial",Physical activities,X22037.MET minutes per week for walking,34234,-0.00993799153155047,0.00513083370735561,-0.0199944255979675,0.00011844253486654,0.0527638892875523
RTN4IP1,"Reticulon-4-interacting protein 1, mitochondrial",Physical activities,X22038.MET minutes per week for moderate activity,35759,-0.00451242248461246,0.00504486861610876,-0.0144003649721856,0.0053755200029607,0.371082978898128
RTN4IP1,"Reticulon-4-interacting protein 1, mitochondrial",Physical activities,X22039.MET minutes per week for vigorous activity,35759,-0.051968732708161,0.0104439996800004,-0.0724389720809618,-0.0314984933353603,6.52323369034888e-07
RTN4IP1,"Reticulon-4-interacting protein 1, mitochondrial",Physical activities,X22040.Summed MET minutes per week for all activity,34234,-0.0156017124432594,0.00514938001760647,-0.025694497277768,-0.00550892760875067,0.00244879301888518
RTN4IP1,"Reticulon-4-interacting protein 1, mitochondrial",Eye measures,X2217.Age started wearing glasses or contact lenses,37967,-0.00278748629148514,0.0049934758986851,-0.0125746990529079,0.00699972646993766,0.576693605832526
RTN4IP1,"Reticulon-4-interacting protein 1, mitochondrial",Working and living environment,X22501.Year ended full time education,10588,-0.0571716508001468,0.0230616547588251,-0.102372494127444,-0.0119708074728495,0.0131877053369985
RTN4IP1,"Reticulon-4-interacting protein 1, mitochondrial",Lifestyle factors,X22506.Tobacco smoking,10524,0.00602564826456295,0.0392879581433301,-0.0709787496963641,0.08303004622549,0.87810836018437
RTN4IP1,"Reticulon-4-interacting protein 1, mitochondrial",Lifestyle factors,X2277.Frequency of solarium or sunlamp use,41796,-0.00450943117256403,0.0249021289751853,-0.0533176039639273,0.0442987416187992,0.856300817879612
RTN4IP1,"Reticulon-4-interacting protein 1, mitochondrial",Physical measures,X23098.Weight,43767,-0.0704010675096319,0.0113141958406441,-0.0925768913572943,-0.0482252436619696,4.94139321931599e-10
RTN4IP1,"Reticulon-4-interacting protein 1, mitochondrial",Physical measures,X23099.Body fat percentage,43737,0.126520966405785,0.0108466821731912,0.10526146934633,0.14778046346524,2.15469121217721e-31
RTN4IP1,"Reticulon-4-interacting protein 1, mitochondrial",Physical measures,X23100.Whole body fat mass,43693,0.0568341221035657,0.0104845098438441,0.0362844828096312,0.0773837613975002,5.96563504037559e-08
RTN4IP1,"Reticulon-4-interacting protein 1, mitochondrial",Physical measures,X23101.Whole body fat-free mass,43762,-0.121626307065906,0.009443176492648,-0.140134932991496,-0.103117681140316,6.85416079337009e-38
RTN4IP1,"Reticulon-4-interacting protein 1, mitochondrial",Physical measures,X23102.Whole body water mass,43767,-0.123486285286399,0.00945491552954814,-0.142017919724314,-0.104954650848485,6.54426522014283e-39
RTN4IP1,"Reticulon-4-interacting protein 1, mitochondrial",Physical measures,X23104.Body mass index (BMI),43767,0.0686050181690151,0.0198940350670295,0.0296127094376372,0.107597326900393,0.000564193865084752
RTN4IP1,"Reticulon-4-interacting protein 1, mitochondrial",Physical measures,X23105.Basal metabolic rate,43765,-0.123040652660378,0.0101042282653288,-0.142844940060423,-0.103236365260334,4.67169506292311e-34
RTN4IP1,"Reticulon-4-interacting protein 1, mitochondrial",Physical measures,X23106.Impedance of whole body,43761,0.104985752862564,0.00771647033539703,0.0898614710051855,0.120110034719942,4.53009024456593e-42
RTN4IP1,"Reticulon-4-interacting protein 1, mitochondrial",Physical measures,X23107.Impedance of leg (right),43764,0.0958568761543891,0.0063125159542031,0.083484344884151,0.108229407424627,6.01423601591084e-52
RTN4IP1,"Reticulon-4-interacting protein 1, mitochondrial",Physical measures,X23108.Impedance of leg (left),43763,0.0931876314101927,0.00625677127793095,0.080924359705448,0.105450903114937,4.79186261385716e-50
RTN4IP1,"Reticulon-4-interacting protein 1, mitochondrial",Physical measures,X23109.Impedance of arm (right),43756,0.0675561613652035,0.00771406769001535,0.0524365886927734,0.0826757340376336,2.06574600998968e-18
RTN4IP1,"Reticulon-4-interacting protein 1, mitochondrial",Physical measures,X23110.Impedance of arm (left),43762,0.0653851059139784,0.00771680280809689,0.0502601724101085,0.0805100394178482,2.46319884103176e-17
RTN4IP1,"Reticulon-4-interacting protein 1, mitochondrial",Physical measures,X23111.Leg fat percentage (right),43763,0.167954819160501,0.0131189982108133,0.142241582667307,0.193668055653695,1.85582596471718e-37
RTN4IP1,"Reticulon-4-interacting protein 1, mitochondrial",Physical measures,X23112.Leg fat mass (right),43762,0.0834996257930977,0.0139429080815167,0.0561715259533251,0.11082772563287,2.13196069524375e-09
RTN4IP1,"Reticulon-4-interacting protein 1, mitochondrial",Physical measures,X23113.Leg fat-free mass (right),43761,-0.139510657471101,0.00988248884773363,-0.158880335612659,-0.120140979329543,3.75290047361092e-45
RTN4IP1,"Reticulon-4-interacting protein 1, mitochondrial",Physical measures,X23114.Leg predicted mass (right),43760,-0.140166385503602,0.00993312538355886,-0.159635311255377,-0.120697459751826,4.08185838375636e-45
RTN4IP1,"Reticulon-4-interacting protein 1, mitochondrial",Physical measures,X23115.Leg fat percentage (left),43757,0.169697720970351,0.0136568538057552,0.142930287511071,0.196465154429631,2.17192791155784e-35
RTN4IP1,"Reticulon-4-interacting protein 1, mitochondrial",Physical measures,X23116.Leg fat mass (left),43757,0.0814346672146715,0.0145311329473688,0.0529536466378286,0.109915687791514,2.10534983541012e-08
RTN4IP1,"Reticulon-4-interacting protein 1, mitochondrial",Physical measures,X23117.Leg fat-free mass (left),43754,-0.137215826350335,0.0103109756463515,-0.157425338617184,-0.117006314083486,2.50042313423466e-40
RTN4IP1,"Reticulon-4-interacting protein 1, mitochondrial",Physical measures,X23118.Leg predicted mass (left),43753,-0.137715596626533,0.0103641340870276,-0.158029299437107,-0.117401893815959,3.26512955672981e-40
RTN4IP1,"Reticulon-4-interacting protein 1, mitochondrial",Physical measures,X23119.Arm fat percentage (right),43753,0.0993533811999873,0.0120471323182285,0.0757410018562594,0.122965760543715,1.66817442184035e-16
RTN4IP1,"Reticulon-4-interacting protein 1, mitochondrial",Physical measures,X23120.Arm fat mass (right),43750,0.0354880387155812,0.0119294289551366,0.0121063579635134,0.0588697194676489,0.00293309780674198
RTN4IP1,"Reticulon-4-interacting protein 1, mitochondrial",Physical measures,X23121.Arm fat-free mass (right),43751,-0.097438607298451,0.00952089349103544,-0.11609955854088,-0.0787776560560215,1.48540646742588e-24
RTN4IP1,"Reticulon-4-interacting protein 1, mitochondrial",Physical measures,X23122.Arm predicted mass (right),43750,-0.0967417777050106,0.00953374734218478,-0.115427922495693,-0.0780556329143284,3.62337407148772e-24
RTN4IP1,"Reticulon-4-interacting protein 1, mitochondrial",Physical measures,X23123.Arm fat percentage (left),43745,0.0967061250134849,0.012359140640478,0.0724822093581481,0.120930040668822,5.20390404716115e-15
RTN4IP1,"Reticulon-4-interacting protein 1, mitochondrial",Physical measures,X23124.Arm fat mass (left),43745,0.0330253364130774,0.0119030962346964,0.00969526779307251,0.0563554050330823,0.00553072870775613
RTN4IP1,"Reticulon-4-interacting protein 1, mitochondrial",Physical measures,X23125.Arm fat-free mass (left),43741,-0.0896603363607884,0.00970529641803103,-0.108682717340129,-0.0706379553814476,2.61359525410173e-20
RTN4IP1,"Reticulon-4-interacting protein 1, mitochondrial",Physical measures,X23126.Arm predicted mass (left),43738,-0.089997828782931,0.00973835339463103,-0.109085001436408,-0.0709106561294542,2.53446202960498e-20
RTN4IP1,"Reticulon-4-interacting protein 1, mitochondrial",Physical measures,X23127.Trunk fat percentage,43736,0.0747895930093622,0.00776384687737839,0.0595724531297006,0.0900067328890239,6.0963610027986e-22
RTN4IP1,"Reticulon-4-interacting protein 1, mitochondrial",Physical measures,X23128.Trunk fat mass,43732,0.0403651576693444,0.0085567173253825,0.0235939917115947,0.0571363236270942,2.39656283890124e-06
RTN4IP1,"Reticulon-4-interacting protein 1, mitochondrial",Physical measures,X23129.Trunk fat-free mass,43726,-0.101797293223786,0.00856272808621275,-0.118580240272763,-0.0850143461748093,1.52619136340919e-32
RTN4IP1,"Reticulon-4-interacting protein 1, mitochondrial",Physical measures,X23130.Trunk predicted mass,43721,-0.101990213439859,0.00857395164571948,-0.118795158665469,-0.0851852682142486,1.40490528177441e-32
RTN4IP1,"Reticulon-4-interacting protein 1, mitochondrial",NMR metabolomics,X23400.Total Cholesterol,24867,0.025990366024564,0.00628089524365075,0.0136798113470086,0.0383009207021195,3.51494106360286e-05
RTN4IP1,"Reticulon-4-interacting protein 1, mitochondrial",NMR metabolomics,X23401.Total Cholesterol Minus HDL-C,24867,0.0567362225708765,0.00606615448043869,0.0448465597892167,0.0686258853525363,9.2232335887006e-21
RTN4IP1,"Reticulon-4-interacting protein 1, mitochondrial",NMR metabolomics,"X23402.Remnant Cholesterol (Non-HDL, Non-LDL -Cholesterol)",24867,0.0611982805703706,0.0060721358506893,0.0492968943030196,0.0730996668377217,7.63890599157756e-24
RTN4IP1,"Reticulon-4-interacting protein 1, mitochondrial",NMR metabolomics,X23403.VLDL Cholesterol,24867,0.0873488753157284,0.00605714974591136,0.0754768618137421,0.0992208888177147,5.92682017466717e-47
RTN4IP1,"Reticulon-4-interacting protein 1, mitochondrial",NMR metabolomics,X23404.Clinical LDL Cholesterol,24867,0.0482615834200822,0.00607501860278532,0.036354546958623,0.0601686198815415,2.03566667083803e-15
RTN4IP1,"Reticulon-4-interacting protein 1, mitochondrial",NMR metabolomics,X23405.LDL Cholesterol,24867,0.0504424576465771,0.00605683317717099,0.038571064619322,0.0623138506738322,8.62692661242483e-17
RTN4IP1,"Reticulon-4-interacting protein 1, mitochondrial",NMR metabolomics,X23406.HDL Cholesterol,24867,-0.101410790485973,0.00704534477866016,-0.115219666252147,-0.0876019147197991,8.70476702425939e-47
RTN4IP1,"Reticulon-4-interacting protein 1, mitochondrial",NMR metabolomics,X23407.Total Triglycerides,24867,0.0900758891928785,0.00641065186357184,0.0775110115402777,0.102640766845479,1.12673740505881e-44
RTN4IP1,"Reticulon-4-interacting protein 1, mitochondrial",NMR metabolomics,X23408.Triglycerides in VLDL,24867,0.0900931528783685,0.00645935572597033,0.0774328156554667,0.10275349010127,4.76360599654621e-44
RTN4IP1,"Reticulon-4-interacting protein 1, mitochondrial",NMR metabolomics,X23409.Triglycerides in LDL,24867,0.0883568206349723,0.0062247047314854,0.0761563993612609,0.100557241908684,1.49255678090644e-45
RTN4IP1,"Reticulon-4-interacting protein 1, mitochondrial",NMR metabolomics,X23410.Triglycerides in HDL,24867,0.0666888632668855,0.00618154873636171,0.0545730277436165,0.0788046987901544,4.48517400049134e-27
RTN4IP1,"Reticulon-4-interacting protein 1, mitochondrial",NMR metabolomics,X23411.Total Phospholipids in Lipoprotein Particles,24867,0.0170028005852241,0.00637380974104492,0.00451013349277605,0.0294954676776721,0.00764437542744167
RTN4IP1,"Reticulon-4-interacting protein 1, mitochondrial",NMR metabolomics,X23412.Phospholipids in VLDL,24867,0.094312002485234,0.00619231627650472,0.0821750625832847,0.106448942387183,3.81805546076962e-52
RTN4IP1,"Reticulon-4-interacting protein 1, mitochondrial",NMR metabolomics,X23413.Phospholipids in LDL,24867,0.0560342637146254,0.00604102809911649,0.0441938486403571,0.0678746787888937,1.90539752555097e-20
RTN4IP1,"Reticulon-4-interacting protein 1, mitochondrial",NMR metabolomics,X23414.Phospholipids in HDL,24867,-0.0706904064495,0.00678499464491196,-0.0839889959535275,-0.0573918169454726,2.29920967760763e-25
RTN4IP1,"Reticulon-4-interacting protein 1, mitochondrial",NMR metabolomics,X23415.Total Esterified Cholesterol,24867,0.0212402577217261,0.00631510986494432,0.00886264238643521,0.0336178730570169,0.000771042024494154
RTN4IP1,"Reticulon-4-interacting protein 1, mitochondrial",NMR metabolomics,X23416.Cholesteryl Esters in VLDL,24867,0.0833073562590375,0.00602571512275625,0.0714969546184352,0.0951177578996397,2.59505320475752e-43
RTN4IP1,"Reticulon-4-interacting protein 1, mitochondrial",NMR metabolomics,X23417.Cholesteryl Esters in LDL,24867,0.055614547197746,0.00604179159890367,0.0437726356638949,0.0674564587315972,3.67903067919303e-20
RTN4IP1,"Reticulon-4-interacting protein 1, mitochondrial",NMR metabolomics,X23418.Cholesteryl Esters in HDL,24867,-0.103589043748055,0.00701822190504575,-0.117344758681945,-0.0898333288141658,4.28209537243567e-49
RTN4IP1,"Reticulon-4-interacting protein 1, mitochondrial",NMR metabolomics,X23419.Total Free Cholesterol,24867,0.0370609072848717,0.00619879704080091,0.0249112650849019,0.0492105494848414,2.27958029929542e-09
RTN4IP1,"Reticulon-4-interacting protein 1, mitochondrial",NMR metabolomics,X23420.Free Cholesterol in VLDL,24867,0.0912856934514595,0.00613514355747954,0.0792608120787996,0.103310574824119,7.3823836432948e-50
RTN4IP1,"Reticulon-4-interacting protein 1, mitochondrial",NMR metabolomics,X23421.Free Cholesterol in LDL,24867,0.0350981324455458,0.0061216458172952,0.0230997066436472,0.0470965582474444,9.95493211726077e-09
RTN4IP1,"Reticulon-4-interacting protein 1, mitochondrial",NMR metabolomics,X23422.Free Cholesterol in HDL,24867,-0.0879820484171818,0.00704486557097452,-0.101789984936292,-0.0741741118980717,1.09971661846414e-35
RTN4IP1,"Reticulon-4-interacting protein 1, mitochondrial",NMR metabolomics,X23423.Total Lipids in Lipoprotein Particles,24867,0.0442074904425789,0.00614290812773249,0.0321673905122232,0.0562475903729346,6.35264803253428e-13
RTN4IP1,"Reticulon-4-interacting protein 1, mitochondrial",NMR metabolomics,X23424.Total Lipids in VLDL,24867,0.0943752497302941,0.00627155522630772,0.0820830014867309,0.106667497973857,5.95584386824574e-51
RTN4IP1,"Reticulon-4-interacting protein 1, mitochondrial",NMR metabolomics,X23425.Total Lipids in LDL,24867,0.0554072499828437,0.00604710067127743,0.04355493266714,0.0672595672985475,5.44594256461371e-20
RTN4IP1,"Reticulon-4-interacting protein 1, mitochondrial",NMR metabolomics,X23426.Total Lipids in HDL,24867,-0.0790961886026996,0.00688631291215332,-0.0925933619105201,-0.0655990152948791,1.85187048749776e-30
RTN4IP1,"Reticulon-4-interacting protein 1, mitochondrial",NMR metabolomics,X23427.Total Concentration of Lipoprotein Particles,24867,-0.019164232452704,0.00648983424256508,-0.0318843075681315,-0.00644415733727644,0.00315035381723623
RTN4IP1,"Reticulon-4-interacting protein 1, mitochondrial",NMR metabolomics,X23428.Concentration of VLDL Particles,24867,0.0869734621972765,0.00610798997248163,0.0750018018512125,0.0989451225433405,7.91579107670722e-46
RTN4IP1,"Reticulon-4-interacting protein 1, mitochondrial",NMR metabolomics,X23429.Concentration of LDL Particles,24867,0.0629297059365263,0.00601907313966151,0.0511323225827897,0.0747270892902629,1.56956514467244e-25
RTN4IP1,"Reticulon-4-interacting protein 1, mitochondrial",NMR metabolomics,X23430.Concentration of HDL Particles,24867,-0.03207997733137,0.0065052328188118,-0.0448302336562411,-0.0193297210064988,8.21640646989038e-07
RTN4IP1,"Reticulon-4-interacting protein 1, mitochondrial",NMR metabolomics,X23431.Average Diameter for VLDL Particles,24867,0.0932846364398942,0.00670709558663125,0.080138729090097,0.106430543789691,8.22837984345646e-44
RTN4IP1,"Reticulon-4-interacting protein 1, mitochondrial",NMR metabolomics,X23432.Average Diameter for LDL Particles,24867,-0.0384099218854925,0.00629353553059176,-0.0507452515254523,-0.0260745922455326,1.05585656552235e-09
RTN4IP1,"Reticulon-4-interacting protein 1, mitochondrial",NMR metabolomics,X23433.Average Diameter for HDL Particles,24867,-0.139026978317815,0.0071479949482396,-0.153037048416365,-0.125016908219266,1.22609511191899e-83
RTN4IP1,"Reticulon-4-interacting protein 1, mitochondrial",NMR metabolomics,X23434.Phosphoglycerides,24844,0.00786293933482252,0.00641355251969962,-0.00470762360378874,0.0204335022734338,0.220214764646547
RTN4IP1,"Reticulon-4-interacting protein 1, mitochondrial",NMR metabolomics,X23435.Triglycerides to Phosphoglycerides ratio,24844,0.103832118296397,0.00681042449470747,0.09048368628677,0.117180550306023,3.01682090062592e-52
RTN4IP1,"Reticulon-4-interacting protein 1, mitochondrial",NMR metabolomics,X23436.Total Cholines,24844,0.00665387602250788,0.00647607300228286,-0.00603922706196653,0.0193469791069823,0.304216096271612
RTN4IP1,"Reticulon-4-interacting protein 1, mitochondrial",NMR metabolomics,X23437.Phosphatidylcholines,24844,-0.0160878133709057,0.00649636176547412,-0.028820682431235,-0.00335494431057646,0.0132768148967997
RTN4IP1,"Reticulon-4-interacting protein 1, mitochondrial",NMR metabolomics,X23438.Sphingomyelins,24843,0.0266546736352309,0.00652229988888608,0.0138709658530142,0.0394383814174476,4.3892963373449e-05
RTN4IP1,"Reticulon-4-interacting protein 1, mitochondrial",NMR metabolomics,X23439.Apolipoprotein B,24867,0.0646718018174509,0.0060281063889239,0.0528567132951601,0.0764868903397418,8.57381943483561e-27
RTN4IP1,"Reticulon-4-interacting protein 1, mitochondrial",NMR metabolomics,X23440.Apolipoprotein A1,24867,-0.058719995535944,0.00670983801486341,-0.0718712780450763,-0.0455687130268117,2.23986117493918e-18
RTN4IP1,"Reticulon-4-interacting protein 1, mitochondrial",NMR metabolomics,X23441.Apolipoprotein B to Apolipoprotein A1 ratio,24867,0.085624702742904,0.0061234853981977,0.0736226713624365,0.0976267341233715,2.91352237356978e-44
RTN4IP1,"Reticulon-4-interacting protein 1, mitochondrial",NMR metabolomics,X23442.Total Fatty Acids,24844,0.0704510662889816,0.00614183267955811,0.0584130742370477,0.0824890583409155,2.2088148813407e-30
RTN4IP1,"Reticulon-4-interacting protein 1, mitochondrial",NMR metabolomics,X23443.Degree of Unsaturation,24844,-0.0796888673824042,0.00660137430057807,-0.0926275610115372,-0.0667501737532712,1.85253974876293e-33
RTN4IP1,"Reticulon-4-interacting protein 1, mitochondrial",NMR metabolomics,X23444.Omega-3 Fatty Acids,24844,-0.0180791871976138,0.00625797535706772,-0.0303448188974666,-0.00581355549776111,0.00386823632586499
RTN4IP1,"Reticulon-4-interacting protein 1, mitochondrial",NMR metabolomics,X23445.Omega-6 Fatty Acids,24844,0.0513713448097276,0.00616312573502728,0.0392916183690741,0.063451071250381,8.12745459080963e-17
RTN4IP1,"Reticulon-4-interacting protein 1, mitochondrial",NMR metabolomics,X23446.Polyunsaturated Fatty Acids,24844,0.0387567216301601,0.00620028435799481,0.0266041642884902,0.0509092789718299,4.15003674649877e-10
RTN4IP1,"Reticulon-4-interacting protein 1, mitochondrial",NMR metabolomics,X23447.Monounsaturated Fatty Acids,24844,0.100087173783884,0.00626691204278035,0.0878040261800345,0.112370321387734,3.93714563326389e-57
RTN4IP1,"Reticulon-4-interacting protein 1, mitochondrial",NMR metabolomics,X23448.Saturated Fatty Acids,24844,0.0666375263608088,0.00617125258506145,0.0545418712940884,0.0787331814275293,4.03913007032899e-27
RTN4IP1,"Reticulon-4-interacting protein 1, mitochondrial",NMR metabolomics,X23449.Linoleic Acid,24844,0.0528241699390621,0.00613533294476081,0.0407989173673309,0.0648494225107933,7.74378914747959e-18
RTN4IP1,"Reticulon-4-interacting protein 1, mitochondrial",NMR metabolomics,X23450.Docosahexaenoic Acid,24844,-0.0564368524011959,0.00642764505169938,-0.0690350367025266,-0.0438386680998651,1.7329106179763e-18
RTN4IP1,"Reticulon-4-interacting protein 1, mitochondrial",NMR metabolomics,X23451.Omega-3 Fatty Acids to Total Fatty Acids percentage,24844,-0.0641023701849042,0.00627990621904115,-0.0764109863742248,-0.0517937539955835,2.05019651222653e-24
RTN4IP1,"Reticulon-4-interacting protein 1, mitochondrial",NMR metabolomics,X23452.Omega-6 Fatty Acids to Total Fatty Acids percentage,24844,-0.0707385133690952,0.0065503883881723,-0.0835772746099129,-0.0578997521282775,3.99223492217707e-27
RTN4IP1,"Reticulon-4-interacting protein 1, mitochondrial",NMR metabolomics,X23453.Polyunsaturated Fatty Acids to Total Fatty Acids percentage,24844,-0.10280331248892,0.00665228904155349,-0.115841799010365,-0.0897648259674749,1.26394630685172e-53
RTN4IP1,"Reticulon-4-interacting protein 1, mitochondrial",NMR metabolomics,X23454.Monounsaturated Fatty Acids to Total Fatty Acids percentage,24844,0.134088555733127,0.00676722722211667,0.120824790377779,0.147352321088476,1.04706079671935e-86
RTN4IP1,"Reticulon-4-interacting protein 1, mitochondrial",NMR metabolomics,X23455.Saturated Fatty Acids to Total Fatty Acids percentage,24844,0.0172321598906443,0.00616140366018903,0.00515580871667379,0.0293085110646148,0.00516525571111377
RTN4IP1,"Reticulon-4-interacting protein 1, mitochondrial",NMR metabolomics,X23456.Linoleic Acid to Total Fatty Acids percentage,24844,-0.0290382366433547,0.00654975255479307,-0.0418757516507491,-0.0162007216359603,9.3118873589015e-06
RTN4IP1,"Reticulon-4-interacting protein 1, mitochondrial",NMR metabolomics,X23457.Docosahexaenoic Acid to Total Fatty Acids percentage,24844,-0.102314409983721,0.00641668633267503,-0.114891115195764,-0.0897377047716779,5.9159154322317e-57
RTN4IP1,"Reticulon-4-interacting protein 1, mitochondrial",NMR metabolomics,X23458.Polyunsaturated Fatty Acids to Monounsaturated Fatty Acids ratio,24844,-0.128210478625499,0.00676410604956004,-0.141468126482637,-0.114952830768362,1.47820957284887e-79
RTN4IP1,"Reticulon-4-interacting protein 1, mitochondrial",NMR metabolomics,X23459.Omega-6 Fatty Acids to Omega-3 Fatty Acids ratio,24842,0.0417994342112766,0.00622611563918818,0.0295962475584678,0.0540026208640855,1.94019959062902e-11
RTN4IP1,"Reticulon-4-interacting protein 1, mitochondrial",NMR metabolomics,X23460.Alanine,24857,0.0614125265353569,0.00612979180756063,0.049398134592538,0.0734269184781757,1.39858863198832e-23
RTN4IP1,"Reticulon-4-interacting protein 1, mitochondrial",NMR metabolomics,X23461.Glutamine,24789,-0.132332107470801,0.0060350386339372,-0.144160783193318,-0.120503431748284,1.44076991409134e-105
RTN4IP1,"Reticulon-4-interacting protein 1, mitochondrial",NMR metabolomics,X23462.Glycine,24837,0.0383266345227364,0.0064184811683975,0.0257464114326772,0.0509068576127955,2.38579502007496e-09
RTN4IP1,"Reticulon-4-interacting protein 1, mitochondrial",NMR metabolomics,X23463.Histidine,24833,0.00372264153637747,0.00604701195027583,-0.00812950188616316,0.0155747849589181,0.538153172287536
RTN4IP1,"Reticulon-4-interacting protein 1, mitochondrial",NMR metabolomics,X23464.Total Concentration of Branched-Chain Amino Acids (Leucine + Isoleucine + Valine),24847,0.0451027761972004,0.00641616190323029,0.0325270988668691,0.0576784535275318,2.12548949884333e-12
RTN4IP1,"Reticulon-4-interacting protein 1, mitochondrial",NMR metabolomics,X23465.Isoleucine,24861,0.0283118422885416,0.00626103143508518,0.0160402206757746,0.0405834639013085,6.15662008896523e-06
RTN4IP1,"Reticulon-4-interacting protein 1, mitochondrial",NMR metabolomics,X23466.Leucine,24862,0.0439526290708808,0.00638833575204491,0.0314314909968728,0.0564737671448888,6.12140632172104e-12
RTN4IP1,"Reticulon-4-interacting protein 1, mitochondrial",NMR metabolomics,X23467.Valine,24847,0.0468847853168382,0.00643459388810323,0.0342729812961559,0.0594965893375205,3.27934121448443e-13
RTN4IP1,"Reticulon-4-interacting protein 1, mitochondrial",NMR metabolomics,X23468.Phenylalanine,24856,0.0238198195340259,0.00610362329403907,0.0118567178777093,0.0357829211903425,9.54275038263532e-05
RTN4IP1,"Reticulon-4-interacting protein 1, mitochondrial",NMR metabolomics,X23469.Tyrosine,24835,0.0278274475305635,0.00623376169066566,0.0156092746168588,0.0400456204442682,8.08015264426024e-06
RTN4IP1,"Reticulon-4-interacting protein 1, mitochondrial",NMR metabolomics,X23470.Glucose,24821,-0.0845770390515964,0.00615670443857312,-0.0966441797511997,-0.0725098983519931,8.69697669903524e-43
RTN4IP1,"Reticulon-4-interacting protein 1, mitochondrial",NMR metabolomics,X23471.Lactate,24821,0.251698978468006,0.0059220119924018,0.240091834962899,0.263306121973114,0
RTN4IP1,"Reticulon-4-interacting protein 1, mitochondrial",NMR metabolomics,X23472.Pyruvate,24788,0.135098071614202,0.0060138680148705,0.123310890305056,0.146885252923348,1.1795994211795e-110
RTN4IP1,"Reticulon-4-interacting protein 1, mitochondrial",NMR metabolomics,X23473.Citrate,24863,0.0506944826841244,0.00615419623762127,0.0386322580583867,0.0627567073098621,1.84595188940458e-16
RTN4IP1,"Reticulon-4-interacting protein 1, mitochondrial",NMR metabolomics,X23474.3-Hydroxybutyrate,24470,0.10498262960366,0.00618051051403953,0.0928688289961423,0.117096430211177,2.43665760841292e-64
RTN4IP1,"Reticulon-4-interacting protein 1, mitochondrial",NMR metabolomics,X23475.Acetate,24845,-0.136316192515071,0.00599355672457673,-0.148063563695241,-0.1245688213349,2.38115207541217e-113
RTN4IP1,"Reticulon-4-interacting protein 1, mitochondrial",NMR metabolomics,X23476.Acetoacetate,24865,-0.0138436330964497,0.00609902019083522,-0.0257977126704867,-0.00188955352241267,0.0232274809539386
RTN4IP1,"Reticulon-4-interacting protein 1, mitochondrial",NMR metabolomics,X23477.Acetone,24865,-0.0375671470772104,0.00608091558177473,-0.0494857416174889,-0.025648552536932,6.59775294895196e-10
RTN4IP1,"Reticulon-4-interacting protein 1, mitochondrial",NMR metabolomics,X23478.Creatinine,24254,0.00286489134617535,0.00738893287629693,-0.0116174170913666,0.0173471997837173,0.698221219903329
RTN4IP1,"Reticulon-4-interacting protein 1, mitochondrial",NMR metabolomics,X23479.Albumin,24863,0.0188991011623084,0.00615767996400247,0.00683004843286352,0.0309681538917532,0.00214869952788108
RTN4IP1,"Reticulon-4-interacting protein 1, mitochondrial",NMR metabolomics,X23480.Glycoprotein Acetyls,24867,0.238383250351515,0.00631285807323295,0.226010048527979,0.250756452175052,1.80288888857297e-303
RTN4IP1,"Reticulon-4-interacting protein 1, mitochondrial",NMR metabolomics,X23481.Concentration of Chylomicrons and Extremely Large VLDL Particles,24867,0.0961552860058239,0.00648432148878836,0.0834460158877987,0.108864556123849,1.5523515203729e-49
RTN4IP1,"Reticulon-4-interacting protein 1, mitochondrial",NMR metabolomics,X23482.Total Lipids in Chylomicrons and Extremely Large VLDL,24867,0.0932717689739195,0.00646671850531588,0.0805970007035004,0.105946537244339,5.71230680471678e-47
RTN4IP1,"Reticulon-4-interacting protein 1, mitochondrial",NMR metabolomics,X23483.Phospholipids in Chylomicrons and Extremely Large VLDL,24867,0.10379784532916,0.00651013702811643,0.0910379767540513,0.116557713904268,6.00871356498399e-57
RTN4IP1,"Reticulon-4-interacting protein 1, mitochondrial",NMR metabolomics,X23484.Cholesterol in Chylomicrons and Extremely Large VLDL,24867,0.111831019944578,0.00643441826458349,0.0992195601459946,0.124442479743162,2.91791472675355e-67
RTN4IP1,"Reticulon-4-interacting protein 1, mitochondrial",NMR metabolomics,X23485.Cholesteryl Esters in Chylomicrons and Extremely Large VLDL,24867,0.117482196470942,0.00640058600647285,0.104937047898255,0.130027345043629,9.41304044744334e-75
RTN4IP1,"Reticulon-4-interacting protein 1, mitochondrial",NMR metabolomics,X23486.Free Cholesterol in Chylomicrons and Extremely Large VLDL,24867,0.100937329451793,0.00644835865734014,0.0882985464834062,0.11357611242018,5.78628711238029e-55
RTN4IP1,"Reticulon-4-interacting protein 1, mitochondrial",NMR metabolomics,X23487.Triglycerides in Chylomicrons and Extremely Large VLDL,24867,0.0782434931105708,0.00644659392082949,0.065608169025745,0.0908788171953966,8.36382751793075e-34
RTN4IP1,"Reticulon-4-interacting protein 1, mitochondrial",NMR metabolomics,X23488.Concentration of Very Large VLDL Particles,24867,0.103348941765217,0.00649947750404955,0.0906099658572795,0.116087917673154,1.18500265501187e-56
RTN4IP1,"Reticulon-4-interacting protein 1, mitochondrial",NMR metabolomics,X23489.Total Lipids in Very Large VLDL,24867,0.100696689082254,0.00649187627699783,0.0879726115793378,0.113420766585169,5.22303447218673e-54
RTN4IP1,"Reticulon-4-interacting protein 1, mitochondrial",NMR metabolomics,X23490.Phospholipids in Very Large VLDL,24867,0.102238402825869,0.006456908223441,0.0895828627079245,0.114893942943813,3.41734297618532e-56
RTN4IP1,"Reticulon-4-interacting protein 1, mitochondrial",NMR metabolomics,X23491.Cholesterol in Very Large VLDL,24867,0.106863720421084,0.00631540733894119,0.0944855220367589,0.119241918805408,7.16853450950108e-64
RTN4IP1,"Reticulon-4-interacting protein 1, mitochondrial",NMR metabolomics,X23492.Cholesteryl Esters in Very Large VLDL,24867,0.108856430033599,0.00622581161875362,0.0966538392608415,0.121059020806356,4.79088433306234e-68
RTN4IP1,"Reticulon-4-interacting protein 1, mitochondrial",NMR metabolomics,X23493.Free Cholesterol in Very Large VLDL,24867,0.100891114401635,0.00640279573882375,0.0883416347535401,0.113440594049729,1.13770186343897e-55
RTN4IP1,"Reticulon-4-interacting protein 1, mitochondrial",NMR metabolomics,X23494.Triglycerides in Very Large VLDL,24867,0.0938657030831257,0.0065591909301339,0.0810096888600632,0.106721717306188,2.87165592569524e-46
RTN4IP1,"Reticulon-4-interacting protein 1, mitochondrial",NMR metabolomics,X23495.Concentration of Large VLDL Particles,24867,0.0986806676001558,0.00642246275546331,0.0860926405994477,0.111268694600864,4.93468286837935e-53
RTN4IP1,"Reticulon-4-interacting protein 1, mitochondrial",NMR metabolomics,X23496.Total Lipids in Large VLDL,24867,0.0938256856754323,0.00641070363973696,0.0812607065415478,0.106390664809317,2.63873013847992e-48
RTN4IP1,"Reticulon-4-interacting protein 1, mitochondrial",NMR metabolomics,X23497.Phospholipids in Large VLDL,24867,0.10192373008588,0.0064427955295366,0.0892958508479881,0.114551609323772,4.26982520141198e-56
RTN4IP1,"Reticulon-4-interacting protein 1, mitochondrial",NMR metabolomics,X23498.Cholesterol in Large VLDL,24867,0.102390767407114,0.00628456375836651,0.0900730224407153,0.114708512373512,2.27014963785401e-59
RTN4IP1,"Reticulon-4-interacting protein 1, mitochondrial",NMR metabolomics,X23499.Cholesteryl Esters in Large VLDL,24867,0.0972892491416751,0.00617326125240444,0.0851896570869624,0.109388841196388,1.09523670051522e-55
RTN4IP1,"Reticulon-4-interacting protein 1, mitochondrial",NMR metabolomics,X23500.Free Cholesterol in Large VLDL,24867,0.106160954785796,0.00640716366602261,0.0936029140003915,0.1187189955712,2.48745903693582e-61
RTN4IP1,"Reticulon-4-interacting protein 1, mitochondrial",NMR metabolomics,X23501.Triglycerides in Large VLDL,24867,0.0813809127865473,0.00643978461553646,0.0687589349400959,0.0940028906329988,1.70499595207444e-36
RTN4IP1,"Reticulon-4-interacting protein 1, mitochondrial",NMR metabolomics,X23502.Concentration of Medium VLDL Particles,24867,0.0797862508425859,0.00605713631841566,0.0679142636584912,0.0916582380266806,1.71900922867788e-39
RTN4IP1,"Reticulon-4-interacting protein 1, mitochondrial",NMR metabolomics,X23503.Total Lipids in Medium VLDL,24867,0.0811959331841757,0.00610593818834814,0.0692282943350133,0.093163572033338,3.26886903356167e-40
RTN4IP1,"Reticulon-4-interacting protein 1, mitochondrial",NMR metabolomics,X23504.Phospholipids in Medium VLDL,24867,0.076513255717395,0.00604688271288573,0.064661365600139,0.088365145834651,1.3905034598794e-36
RTN4IP1,"Reticulon-4-interacting protein 1, mitochondrial",NMR metabolomics,X23505.Cholesterol in Medium VLDL,24867,0.0577765741232106,0.00604263009122801,0.0459330191444037,0.0696201291020175,1.26453544396798e-21
RTN4IP1,"Reticulon-4-interacting protein 1, mitochondrial",NMR metabolomics,X23506.Cholesteryl Esters in Medium VLDL,24867,0.0460632961220785,0.00610748234556656,0.034092630724768,0.058033961519389,4.78249417446329e-14
RTN4IP1,"Reticulon-4-interacting protein 1, mitochondrial",NMR metabolomics,X23507.Free Cholesterol in Medium VLDL,24867,0.0703410395296301,0.00602672880699776,0.0585286510679145,0.0821534279913457,2.15242914181753e-31
RTN4IP1,"Reticulon-4-interacting protein 1, mitochondrial",NMR metabolomics,X23508.Triglycerides in Medium VLDL,24867,0.0854393651004204,0.00632649287704629,0.0730394390614097,0.0978392911394312,2.04556907250584e-41
RTN4IP1,"Reticulon-4-interacting protein 1, mitochondrial",NMR metabolomics,X23509.Concentration of Small VLDL Particles,24867,0.0932344842523983,0.00617382637720105,0.0811337845530842,0.105335183951712,2.67173700699627e-51
RTN4IP1,"Reticulon-4-interacting protein 1, mitochondrial",NMR metabolomics,X23510.Total Lipids in Small VLDL,24867,0.0945864442452299,0.00615140993893242,0.0825296807649224,0.106643207725537,4.14166015078452e-53
RTN4IP1,"Reticulon-4-interacting protein 1, mitochondrial",NMR metabolomics,X23511.Phospholipids in Small VLDL,24867,0.0861758564629875,0.00605491148670077,0.0743082299490539,0.098043482976921,8.73057408928319e-46
RTN4IP1,"Reticulon-4-interacting protein 1, mitochondrial",NMR metabolomics,X23512.Cholesterol in Small VLDL,24867,0.0886636085695307,0.00603400494792173,0.0768369588716041,0.100490258267457,1.12768173480411e-48
RTN4IP1,"Reticulon-4-interacting protein 1, mitochondrial",NMR metabolomics,X23513.Cholesteryl Esters in Small VLDL,24867,0.0960796388821228,0.00605289551210433,0.0842159636783984,0.107943314085847,1.83744619048595e-56
RTN4IP1,"Reticulon-4-interacting protein 1, mitochondrial",NMR metabolomics,X23514.Free Cholesterol in Small VLDL,24867,0.0741008417578324,0.0060204727179991,0.0623007152305542,0.0859009682851107,1.03364734368618e-34
RTN4IP1,"Reticulon-4-interacting protein 1, mitochondrial",NMR metabolomics,X23515.Triglycerides in Small VLDL,24867,0.0855987115681487,0.00634634497638998,0.0731598754144244,0.0980375477218731,2.57674428900278e-41
RTN4IP1,"Reticulon-4-interacting protein 1, mitochondrial",NMR metabolomics,X23516.Concentration of Very Small VLDL Particles,24867,0.0658820513311608,0.00610814348704203,0.0539100900965584,0.0778540125657631,4.60512424698647e-27
RTN4IP1,"Reticulon-4-interacting protein 1, mitochondrial",NMR metabolomics,X23517.Total Lipids in Very Small VLDL,24867,0.0611860073315478,0.00612781688757433,0.0491754862319022,0.0731965284311935,1.9636297080829e-23
RTN4IP1,"Reticulon-4-interacting protein 1, mitochondrial",NMR metabolomics,X23518.Phospholipids in Very Small VLDL,24867,0.0647782157589838,0.00611278132871826,0.052797164354696,0.0767592671632716,3.49306307322796e-26
RTN4IP1,"Reticulon-4-interacting protein 1, mitochondrial",NMR metabolomics,X23519.Cholesterol in Very Small VLDL,24867,0.04364898726879,0.00621754322891766,0.0314626025401114,0.0558353719974687,2.27092108908017e-12
RTN4IP1,"Reticulon-4-interacting protein 1, mitochondrial",NMR metabolomics,X23520.Cholesteryl Esters in Very Small VLDL,24867,0.0369531765062579,0.00627005840097048,0.0246638620403558,0.04924249097216,3.82759505552872e-09
RTN4IP1,"Reticulon-4-interacting protein 1, mitochondrial",NMR metabolomics,X23521.Free Cholesterol in Very Small VLDL,24867,0.0582236263555245,0.00612765197139041,0.0462134284915993,0.0702338242194498,2.24314693358058e-21
RTN4IP1,"Reticulon-4-interacting protein 1, mitochondrial",NMR metabolomics,X23522.Triglycerides in Very Small VLDL,24867,0.0785445436605704,0.00625056188443265,0.0662934423670824,0.0907956449540584,4.18208590619424e-36
RTN4IP1,"Reticulon-4-interacting protein 1, mitochondrial",NMR metabolomics,X23523.Concentration of IDL Particles,24867,0.0491643324447413,0.00611297397341559,0.0371829034568468,0.0611457614326359,9.1828817265006e-16
RTN4IP1,"Reticulon-4-interacting protein 1, mitochondrial",NMR metabolomics,X23524.Total Lipids in IDL,24867,0.0321593902697449,0.0062820997130735,0.0198464748321209,0.044472305707369,3.09103397204126e-07
RTN4IP1,"Reticulon-4-interacting protein 1, mitochondrial",NMR metabolomics,X23525.Phospholipids in IDL,24867,0.0350584119553591,0.00628249739918193,0.0227447170529626,0.0473721068577557,2.42563001509175e-08
RTN4IP1,"Reticulon-4-interacting protein 1, mitochondrial",NMR metabolomics,X23526.Cholesterol in IDL,24867,0.023674221080936,0.00631149292489911,0.0113036949481337,0.0360447472137382,0.000176551552361315
RTN4IP1,"Reticulon-4-interacting protein 1, mitochondrial",NMR metabolomics,X23527.Cholesteryl Esters in IDL,24867,0.0209312376179768,0.00631335909974906,0.00855705378246862,0.0333054214534849,0.000916468681649622
RTN4IP1,"Reticulon-4-interacting protein 1, mitochondrial",NMR metabolomics,X23528.Free Cholesterol in IDL,24867,0.0305842032734594,0.00629315571933223,0.0182496180635682,0.0429187884833506,1.18151670891714e-06
RTN4IP1,"Reticulon-4-interacting protein 1, mitochondrial",NMR metabolomics,X23529.Triglycerides in IDL,24867,0.0747363298387464,0.00620048283877342,0.0625833834747505,0.0868892762027423,2.30871244253348e-33
RTN4IP1,"Reticulon-4-interacting protein 1, mitochondrial",NMR metabolomics,X23530.Concentration of Large LDL Particles,24867,0.0546272117651433,0.00603695527793624,0.0427947794203883,0.0664596441098984,1.54860465179404e-19
RTN4IP1,"Reticulon-4-interacting protein 1, mitochondrial",NMR metabolomics,X23531.Total Lipids in Large LDL,24867,0.0465810206261444,0.00609905503225747,0.0346268727629197,0.058535168489369,2.29595622129412e-14
RTN4IP1,"Reticulon-4-interacting protein 1, mitochondrial",NMR metabolomics,X23532.Phospholipids in Large LDL,24867,0.0512824344862695,0.00608762635882289,0.0393506868229766,0.0632141821495623,3.83111106435889e-17
RTN4IP1,"Reticulon-4-interacting protein 1, mitochondrial",NMR metabolomics,X23533.Cholesterol in Large LDL,24867,0.0402106600375955,0.00611586989639709,0.0282235550406572,0.0521977650345338,4.96825845106066e-11
RTN4IP1,"Reticulon-4-interacting protein 1, mitochondrial",NMR metabolomics,X23534.Cholesteryl Esters in Large LDL,24867,0.0437036072538181,0.00609311758163788,0.0317610967938078,0.0556461177138283,7.56366807988018e-13
RTN4IP1,"Reticulon-4-interacting protein 1, mitochondrial",NMR metabolomics,X23535.Free Cholesterol in Large LDL,24867,0.0296987628665288,0.00618878449105743,0.0175687452640563,0.0418287804690014,1.60542366384935e-06
RTN4IP1,"Reticulon-4-interacting protein 1, mitochondrial",NMR metabolomics,X23536.Triglycerides in Large LDL,24867,0.0839356992261989,0.00620205778137571,0.0717796659747025,0.0960917324776953,1.39230500103144e-41
RTN4IP1,"Reticulon-4-interacting protein 1, mitochondrial",NMR metabolomics,X23537.Concentration of Medium LDL Particles,24867,0.0739078428882347,0.00601156029302,0.0621251847139155,0.0856905010625539,1.22584189426874e-34
RTN4IP1,"Reticulon-4-interacting protein 1, mitochondrial",NMR metabolomics,X23538.Total Lipids in Medium LDL,24867,0.0715104642733802,0.00601756270150655,0.0597160413784274,0.083304887168333,1.76333386683822e-32
RTN4IP1,"Reticulon-4-interacting protein 1, mitochondrial",NMR metabolomics,X23539.Phospholipids in Medium LDL,24867,0.0695650508629743,0.00601217326926238,0.05778119125522,0.0813489104707285,6.96101022077463e-31
RTN4IP1,"Reticulon-4-interacting protein 1, mitochondrial",NMR metabolomics,X23540.Cholesterol in Medium LDL,24867,0.0683769405136251,0.0060141162199494,0.0565892727225242,0.0801646083047259,7.03999634916233e-30
RTN4IP1,"Reticulon-4-interacting protein 1, mitochondrial",NMR metabolomics,X23541.Cholesteryl Esters in Medium LDL,24867,0.0749997674874925,0.00602620133822191,0.0631884128645776,0.0868111221104075,1.88469131082108e-35
RTN4IP1,"Reticulon-4-interacting protein 1, mitochondrial",NMR metabolomics,X23542.Free Cholesterol in Medium LDL,24867,0.0473451814408222,0.00603605900360565,0.0355145057937551,0.0591758570878893,4.54881640371766e-15
RTN4IP1,"Reticulon-4-interacting protein 1, mitochondrial",NMR metabolomics,X23543.Triglycerides in Medium LDL,24867,0.0926405767576988,0.00625631204606559,0.0803782051474103,0.104902948367987,2.12720397710533e-49
RTN4IP1,"Reticulon-4-interacting protein 1, mitochondrial",NMR metabolomics,X23544.Concentration of Small LDL Particles,24867,0.0689647914297544,0.00601338850992393,0.0571785499503035,0.0807510329092053,2.2637260462389e-30
RTN4IP1,"Reticulon-4-interacting protein 1, mitochondrial",NMR metabolomics,X23545.Total Lipids in Small LDL,24867,0.0617018959119203,0.00601853529574633,0.0499055667322575,0.0734982250915831,1.29804111580335e-24
RTN4IP1,"Reticulon-4-interacting protein 1, mitochondrial",NMR metabolomics,X23546.Phospholipids in Small LDL,24867,0.0406698838218128,0.00602552932932508,0.0288598463363356,0.0524799213072899,1.51519489927145e-11
RTN4IP1,"Reticulon-4-interacting protein 1, mitochondrial",NMR metabolomics,X23547.Cholesterol in Small LDL,24867,0.0636031343715068,0.00601127357205924,0.0518210381702707,0.075385230572743,4.16447199323032e-26
RTN4IP1,"Reticulon-4-interacting protein 1, mitochondrial",NMR metabolomics,X23548.Cholesteryl Esters in Small LDL,24867,0.0733859663089859,0.00602032225406829,0.0615861346910121,0.0851857979269598,4.4131534410435e-34
RTN4IP1,"Reticulon-4-interacting protein 1, mitochondrial",NMR metabolomics,X23549.Free Cholesterol in Small LDL,24867,0.0337436143671006,0.00603701256914682,0.0219110697315728,0.0455761590026283,2.30170727535198e-08
RTN4IP1,"Reticulon-4-interacting protein 1, mitochondrial",NMR metabolomics,X23550.Triglycerides in Small LDL,24867,0.0949585326105068,0.00631672778816432,0.0825777461457047,0.107339319075309,7.48591651044485e-51
RTN4IP1,"Reticulon-4-interacting protein 1, mitochondrial",NMR metabolomics,X23551.Concentration of Very Large HDL Particles,24867,-0.105064177151233,0.00705660926851991,-0.118895131317532,-0.0912332229849344,6.40188091851232e-50
RTN4IP1,"Reticulon-4-interacting protein 1, mitochondrial",NMR metabolomics,X23552.Total Lipids in Very Large HDL,24867,-0.117250301792801,0.00707302928905081,-0.131113439199341,-0.103387164386261,2.18088273468788e-61
RTN4IP1,"Reticulon-4-interacting protein 1, mitochondrial",NMR metabolomics,X23553.Phospholipids in Very Large HDL,24867,-0.120742673297004,0.00704329918004054,-0.134547539689883,-0.106937806904125,1.69107912185977e-65
RTN4IP1,"Reticulon-4-interacting protein 1, mitochondrial",NMR metabolomics,X23554.Cholesterol in Very Large HDL,24867,-0.11781167790933,0.00709806927311505,-0.131723893684636,-0.103899462134025,1.55332695001585e-61
RTN4IP1,"Reticulon-4-interacting protein 1, mitochondrial",NMR metabolomics,X23555.Cholesteryl Esters in Very Large HDL,24867,-0.124929114683165,0.00717782878588446,-0.138997659103498,-0.110860570262831,1.90501628257049e-67
RTN4IP1,"Reticulon-4-interacting protein 1, mitochondrial",NMR metabolomics,X23556.Free Cholesterol in Very Large HDL,24867,-0.088108134288188,0.00673610431830695,-0.10131089875207,-0.0749053698243064,5.76443884275962e-39
RTN4IP1,"Reticulon-4-interacting protein 1, mitochondrial",NMR metabolomics,X23557.Triglycerides in Very Large HDL,24867,0.0334285579691508,0.00611731658525482,0.0214386174620514,0.0454184984762502,4.68462408330725e-08
RTN4IP1,"Reticulon-4-interacting protein 1, mitochondrial",NMR metabolomics,X23558.Concentration of Large HDL Particles,24867,-0.134482569309248,0.00729936195704354,-0.148789318745054,-0.120175819873443,2.68363536634205e-75
RTN4IP1,"Reticulon-4-interacting protein 1, mitochondrial",NMR metabolomics,X23559.Total Lipids in Large HDL,24867,-0.131976796808297,0.00724544180239528,-0.146177862740992,-0.117775730875602,1.18068291500391e-73
RTN4IP1,"Reticulon-4-interacting protein 1, mitochondrial",NMR metabolomics,X23560.Phospholipids in Large HDL,24867,-0.125518357779699,0.00715963746876453,-0.139551247218478,-0.111485468340921,2.13112503054159e-68
RTN4IP1,"Reticulon-4-interacting protein 1, mitochondrial",NMR metabolomics,X23561.Cholesterol in Large HDL,24867,-0.141004765666443,0.00729703107096916,-0.155306946565543,-0.126702584767344,1.37424618934189e-82
RTN4IP1,"Reticulon-4-interacting protein 1, mitochondrial",NMR metabolomics,X23562.Cholesteryl Esters in Large HDL,24867,-0.143244074477869,0.00729586485173643,-0.157543969587273,-0.128944179368466,3.5330992491638e-85
RTN4IP1,"Reticulon-4-interacting protein 1, mitochondrial",NMR metabolomics,X23563.Free Cholesterol in Large HDL,24867,-0.129891297136344,0.00725517093304293,-0.144111432165108,-0.11567116210758,3.11787127914638e-71
RTN4IP1,"Reticulon-4-interacting protein 1, mitochondrial",NMR metabolomics,X23564.Triglycerides in Large HDL,24867,0.00696722574523461,0.00624312056561539,-0.00526929056337155,0.0192037420538408,0.264439561776727
RTN4IP1,"Reticulon-4-interacting protein 1, mitochondrial",NMR metabolomics,X23565.Concentration of Medium HDL Particles,24867,-0.0583913936440932,0.00664174808042241,-0.0714092198817212,-0.0453735674064653,1.5684116266252e-18
RTN4IP1,"Reticulon-4-interacting protein 1, mitochondrial",NMR metabolomics,X23566.Total Lipids in Medium HDL,24867,-0.0494362715815959,0.00655879448951167,-0.0622915087810387,-0.036581034382153,4.95784230289782e-14
RTN4IP1,"Reticulon-4-interacting protein 1, mitochondrial",NMR metabolomics,X23567.Phospholipids in Medium HDL,24867,-0.0401302028493452,0.00648144076368128,-0.0528338267461605,-0.0274265789525299,6.05055977450641e-10
RTN4IP1,"Reticulon-4-interacting protein 1, mitochondrial",NMR metabolomics,X23568.Cholesterol in Medium HDL,24867,-0.071333862354782,0.00668991381001406,-0.0844460934224095,-0.0582216312871544,1.73198346371944e-26
RTN4IP1,"Reticulon-4-interacting protein 1, mitochondrial",NMR metabolomics,X23569.Cholesteryl Esters in Medium HDL,24867,-0.0722054773521877,0.00666513637557577,-0.0852691446483162,-0.0591418100560592,2.75443086707848e-27
RTN4IP1,"Reticulon-4-interacting protein 1, mitochondrial",NMR metabolomics,X23570.Free Cholesterol in Medium HDL,24867,-0.0654328869639526,0.00675366384854762,-0.078670068107106,-0.0521957058207993,3.69324159157534e-22
RTN4IP1,"Reticulon-4-interacting protein 1, mitochondrial",NMR metabolomics,X23571.Triglycerides in Medium HDL,24867,0.0663642708902662,0.0061844093011134,0.0542428286600839,0.0784857131204484,8.34411105068288e-27
RTN4IP1,"Reticulon-4-interacting protein 1, mitochondrial",NMR metabolomics,X23572.Concentration of Small HDL Particles,24867,0.0423380159591822,0.00604287947367372,0.0304939721907817,0.0541820597275827,2.51006410613462e-12
RTN4IP1,"Reticulon-4-interacting protein 1, mitochondrial",NMR metabolomics,X23573.Total Lipids in Small HDL,24867,0.0440873832509708,0.00608594911380715,0.0321589229879088,0.0560158435140328,4.47912220336821e-13
RTN4IP1,"Reticulon-4-interacting protein 1, mitochondrial",NMR metabolomics,X23574.Phospholipids in Small HDL,24867,0.0360995602979998,0.00611600363702504,0.0241121931694307,0.0480869274265689,3.62733535392479e-09
RTN4IP1,"Reticulon-4-interacting protein 1, mitochondrial",NMR metabolomics,X23575.Cholesterol in Small HDL,24867,0.0313806008289298,0.00604739962891149,0.0195276975562633,0.0432335041015964,2.12964788478324e-07
RTN4IP1,"Reticulon-4-interacting protein 1, mitochondrial",NMR metabolomics,X23576.Cholesteryl Esters in Small HDL,24867,0.0308492598414994,0.00602140017690347,0.0190473154947686,0.0426512041882302,3.02525712956236e-07
RTN4IP1,"Reticulon-4-interacting protein 1, mitochondrial",NMR metabolomics,X23577.Free Cholesterol in Small HDL,24867,0.0278051714515159,0.00616291934429247,0.0157258495367027,0.0398844933663292,6.460807913455e-06
RTN4IP1,"Reticulon-4-interacting protein 1, mitochondrial",NMR metabolomics,X23578.Triglycerides in Small HDL,24867,0.11013522697414,0.00646500075357728,0.0974638254971288,0.122806628451152,1.04227776471856e-64
RTN4IP1,"Reticulon-4-interacting protein 1, mitochondrial",NMR metabolomics,X23579.Phospholipids to Total Lipids in Chylomicrons and Extremely Large VLDL percentage,23795,0.0716404154358185,0.00615965734366222,0.0595674870422406,0.0837133438293965,3.49963830101317e-31
RTN4IP1,"Reticulon-4-interacting protein 1, mitochondrial",NMR metabolomics,X23580.Cholesterol to Total Lipids in Chylomicrons and Extremely Large VLDL percentage,23795,0.0349119058335016,0.00623966664075468,0.0226821592176224,0.0471416524493808,2.22849379470478e-08
RTN4IP1,"Reticulon-4-interacting protein 1, mitochondrial",NMR metabolomics,X23581.Cholesteryl Esters to Total Lipids in Chylomicrons and Extremely Large VLDL percentage,23795,0.0510037280276853,0.00617167035190679,0.0389072541379479,0.0631002019174226,1.47937442886001e-16
RTN4IP1,"Reticulon-4-interacting protein 1, mitochondrial",NMR metabolomics,X23582.Free Cholesterol to Total Lipids in Chylomicrons and Extremely Large VLDL percentage,23795,-0.00258813500525554,0.00631123530584759,-0.0149581562047168,0.00978188619420573,0.68174821096189
RTN4IP1,"Reticulon-4-interacting protein 1, mitochondrial",NMR metabolomics,X23583.Triglycerides to Total Lipids in Chylomicrons and Extremely Large VLDL percentage,23795,-0.0517574279273819,0.0061452552720895,-0.0638021282606773,-0.0397127275940864,3.89621286323678e-17
RTN4IP1,"Reticulon-4-interacting protein 1, mitochondrial",NMR metabolomics,X23584.Phospholipids to Total Lipids in Very Large VLDL percentage,24602,0.0628683110879462,0.00601648878611792,0.0510759930671551,0.0746606291087373,1.66879046848245e-25
RTN4IP1,"Reticulon-4-interacting protein 1, mitochondrial",NMR metabolomics,X23585.Cholesterol to Total Lipids in Very Large VLDL percentage,24602,-0.0250913494674347,0.00660337480125221,-0.038033964077889,-0.0121487348569803,0.000145175394565841
RTN4IP1,"Reticulon-4-interacting protein 1, mitochondrial",NMR metabolomics,X23586.Cholesteryl Esters to Total Lipids in Very Large VLDL percentage,24602,-0.0251088405140368,0.0065967541590454,-0.0380384786657658,-0.0121792023623078,0.000141436564960562
RTN4IP1,"Reticulon-4-interacting protein 1, mitochondrial",NMR metabolomics,X23587.Free Cholesterol to Total Lipids in Very Large VLDL percentage,24602,-0.0170663906440396,0.00639129531430956,-0.0295933294600864,-0.00453945182799289,0.00758434157301484
RTN4IP1,"Reticulon-4-interacting protein 1, mitochondrial",NMR metabolomics,X23588.Triglycerides to Total Lipids in Very Large VLDL percentage,24602,0.000814600976633084,0.00643903498208637,-0.0118059075882562,0.0134351095415224,0.899329432808183
RTN4IP1,"Reticulon-4-interacting protein 1, mitochondrial",NMR metabolomics,X23589.Phospholipids to Total Lipids in Large VLDL percentage,24863,0.113597868406328,0.00637229317303354,0.101108173787183,0.126087563025474,1.20565330558467e-70
RTN4IP1,"Reticulon-4-interacting protein 1, mitochondrial",NMR metabolomics,X23590.Cholesterol to Total Lipids in Large VLDL percentage,24863,0.037195109852408,0.00618786979538407,0.0250668850534553,0.0493233346513608,1.86984700226911e-09
RTN4IP1,"Reticulon-4-interacting protein 1, mitochondrial",NMR metabolomics,X23591.Cholesteryl Esters to Total Lipids in Large VLDL percentage,24863,0.00547248676132436,0.00642388325391268,-0.00711832441634448,0.0180632979389932,0.394279481543236
RTN4IP1,"Reticulon-4-interacting protein 1, mitochondrial",NMR metabolomics,X23592.Free Cholesterol to Total Lipids in Large VLDL percentage,24863,0.102893854493691,0.00602724483248024,0.0910804546220298,0.114707254365352,5.68480873863811e-65
RTN4IP1,"Reticulon-4-interacting protein 1, mitochondrial",NMR metabolomics,X23593.Triglycerides to Total Lipids in Large VLDL percentage,24863,-0.077185989152473,0.00597876977417033,-0.0889043779098469,-0.0654676003950992,5.23770521525602e-38
RTN4IP1,"Reticulon-4-interacting protein 1, mitochondrial",NMR metabolomics,X23594.Phospholipids to Total Lipids in Medium VLDL percentage,24867,0.00414733464342257,0.0063503239744576,-0.00829930034651432,0.0165939696333595,0.513704141780782
RTN4IP1,"Reticulon-4-interacting protein 1, mitochondrial",NMR metabolomics,X23595.Cholesterol to Total Lipids in Medium VLDL percentage,24867,-0.03305617,0.006629298,-0.04604959,-0.02006274,6.193665e-07
RTN4IP1,"Reticulon-4-interacting protein 1, mitochondrial",NMR metabolomics,X23596.Cholesteryl Esters to Total Lipids in Medium VLDL percentage,24867,-0.0387161199555671,0.00667531128081882,-0.051799730065972,-0.0256325098451622,6.71593275574579e-09
RTN4IP1,"Reticulon-4-interacting protein 1, mitochondrial",NMR metabolomics,X23597.Free Cholesterol to Total Lipids in Medium VLDL percentage,24867,-0.0164804066337462,0.00647373136350536,-0.0291689201062167,-0.00379189316127568,0.0109107679162003
RTN4IP1,"Reticulon-4-interacting protein 1, mitochondrial",NMR metabolomics,X23598.Triglycerides to Total Lipids in Medium VLDL percentage,24867,0.0248314139980132,0.00657515967394387,0.0119441010370832,0.0377187269589431,0.000159386446318042
RTN4IP1,"Reticulon-4-interacting protein 1, mitochondrial",NMR metabolomics,X23599.Phospholipids to Total Lipids in Small VLDL percentage,24867,-0.0266216535709191,0.00646289984354569,-0.0392889372642687,-0.0139543698775695,3.81502560354024e-05
RTN4IP1,"Reticulon-4-interacting protein 1, mitochondrial",NMR metabolomics,X23600.Cholesterol to Total Lipids in Small VLDL percentage,24867,0.00973804895007831,0.006262989525004,-0.00253741051892952,0.0220135084190861,0.1199930214549
RTN4IP1,"Reticulon-4-interacting protein 1, mitochondrial",NMR metabolomics,X23601.Cholesteryl Esters to Total Lipids in Small VLDL percentage,24867,0.0388987684006464,0.00610381406959774,0.0269352928242348,0.050862243977058,1.8878520051789e-10
RTN4IP1,"Reticulon-4-interacting protein 1, mitochondrial",NMR metabolomics,X23602.Free Cholesterol to Total Lipids in Small VLDL percentage,24867,-0.0338194609842209,0.00649928143483722,-0.0465580525965018,-0.0210808693719399,1.97048670784103e-07
RTN4IP1,"Reticulon-4-interacting protein 1, mitochondrial",NMR metabolomics,X23603.Triglycerides to Total Lipids in Small VLDL percentage,24867,0.000930905326953225,0.00632719684352503,-0.0114704004863558,0.0133322111402623,0.883032493631832
RTN4IP1,"Reticulon-4-interacting protein 1, mitochondrial",NMR metabolomics,X23604.Phospholipids to Total Lipids in Very Small VLDL percentage,24867,0.042085081961426,0.00631211658343915,0.0297133334578852,0.0544568304649667,2.65924150459243e-11
RTN4IP1,"Reticulon-4-interacting protein 1, mitochondrial",NMR metabolomics,X23605.Cholesterol to Total Lipids in Very Small VLDL percentage,24867,-0.0461429839954732,0.00659035022104272,-0.0590600704287169,-0.0332258975622295,2.59496118337495e-12
RTN4IP1,"Reticulon-4-interacting protein 1, mitochondrial",NMR metabolomics,X23606.Cholesteryl Esters to Total Lipids in Very Small VLDL percentage,24867,-0.052528175886023,0.00665420685971445,-0.0655704213310634,-0.0394859304409827,3.04717239744799e-15
RTN4IP1,"Reticulon-4-interacting protein 1, mitochondrial",NMR metabolomics,X23607.Free Cholesterol to Total Lipids in Very Small VLDL percentage,24867,0.00871170280014102,0.00611004256014979,-0.00326398061775257,0.0206873862180346,0.153938445907271
RTN4IP1,"Reticulon-4-interacting protein 1, mitochondrial",NMR metabolomics,X23608.Triglycerides to Total Lipids in Very Small VLDL percentage,24867,0.0407676123461395,0.00654393532877832,0.027941499101734,0.053593725590545,4.74425514301573e-10
RTN4IP1,"Reticulon-4-interacting protein 1, mitochondrial",NMR metabolomics,X23609.Phospholipids to Total Lipids in IDL percentage,24867,0.00915736300156576,0.00604316144771581,-0.00268723343595724,0.0210019594390888,0.129702444863108
RTN4IP1,"Reticulon-4-interacting protein 1, mitochondrial",NMR metabolomics,X23610.Cholesterol to Total Lipids in IDL percentage,24867,-0.0390667115662874,0.00634980794596128,-0.0515123351403715,-0.0266210879922033,7.7472402987966e-10
RTN4IP1,"Reticulon-4-interacting protein 1, mitochondrial",NMR metabolomics,X23611.Cholesteryl Esters to Total Lipids in IDL percentage,24867,-0.0490605297941815,0.00631572875786093,-0.0614393581595889,-0.0366817014287741,8.28096338067336e-15
RTN4IP1,"Reticulon-4-interacting protein 1, mitochondrial",NMR metabolomics,X23612.Free Cholesterol to Total Lipids in IDL percentage,24867,0.00748479922930303,0.00615233896191307,-0.00457378513604659,0.0195433835946527,0.223776432607744
RTN4IP1,"Reticulon-4-interacting protein 1, mitochondrial",NMR metabolomics,X23613.Triglycerides to Total Lipids in IDL percentage,24867,0.0454563825163912,0.00646999810770502,0.0327751862252894,0.0581375788074931,2.18459893454437e-12
RTN4IP1,"Reticulon-4-interacting protein 1, mitochondrial",NMR metabolomics,X23614.Phospholipids to Total Lipids in Large LDL percentage,24867,0.0273045169543587,0.00606228397090797,0.0154224403713791,0.0391865935373384,6.69900451355793e-06
RTN4IP1,"Reticulon-4-interacting protein 1, mitochondrial",NMR metabolomics,X23615.Cholesterol to Total Lipids in Large LDL percentage,24867,-0.0551129809576548,0.00644430613758839,-0.0677438209873281,-0.0424821409279816,1.27615960217342e-17
RTN4IP1,"Reticulon-4-interacting protein 1, mitochondrial",NMR metabolomics,X23616.Cholesteryl Esters to Total Lipids in Large LDL percentage,24867,-0.00823077019445707,0.00602032094607492,-0.0200305992487639,0.00356905885984978,0.171586056529908
RTN4IP1,"Reticulon-4-interacting protein 1, mitochondrial",NMR metabolomics,X23617.Free Cholesterol to Total Lipids in Large LDL percentage,24867,-0.0732317183490086,0.00663864284979728,-0.0862434583346113,-0.0602199783634059,3.14502453460528e-28
RTN4IP1,"Reticulon-4-interacting protein 1, mitochondrial",NMR metabolomics,X23618.Triglycerides to Total Lipids in Large LDL percentage,24867,0.0369263654950533,0.00636585599574216,0.0244492877433987,0.049403443246708,6.68425005278344e-09
RTN4IP1,"Reticulon-4-interacting protein 1, mitochondrial",NMR metabolomics,X23619.Phospholipids to Total Lipids in Medium LDL percentage,24867,-0.034517913042466,0.00606731322028694,-0.0464098469542284,-0.0226259791307036,1.29100343319421e-08
RTN4IP1,"Reticulon-4-interacting protein 1, mitochondrial",NMR metabolomics,X23620.Cholesterol to Total Lipids in Medium LDL percentage,24867,0.00128969757269348,0.00612997474542223,-0.0107250529283341,0.013304448073721,0.833363470170378
RTN4IP1,"Reticulon-4-interacting protein 1, mitochondrial",NMR metabolomics,X23621.Cholesteryl Esters to Total Lipids in Medium LDL percentage,24867,0.0675625629823145,0.00617571728180404,0.0554581571099785,0.0796669688546504,8.58326708630694e-28
RTN4IP1,"Reticulon-4-interacting protein 1, mitochondrial",NMR metabolomics,X23622.Free Cholesterol to Total Lipids in Medium LDL percentage,24867,-0.0870877135742559,0.00657922664080281,-0.0999829977902294,-0.0741924293582824,7.34342871517776e-40
RTN4IP1,"Reticulon-4-interacting protein 1, mitochondrial",NMR metabolomics,X23623.Triglycerides to Total Lipids in Medium LDL percentage,24867,0.0184983497509836,0.00623491979952999,0.00627790694390485,0.0307187925580624,0.00301110382184768
RTN4IP1,"Reticulon-4-interacting protein 1, mitochondrial",NMR metabolomics,X23624.Phospholipids to Total Lipids in Small LDL percentage,24867,-0.108307626965471,0.00606774291688084,-0.120200403082557,-0.0964148508483846,8.04394889887094e-71
RTN4IP1,"Reticulon-4-interacting protein 1, mitochondrial",NMR metabolomics,X23625.Cholesterol to Total Lipids in Small LDL percentage,24867,0.0558356825715609,0.00605906035844762,0.0439599242690035,0.0677114408741182,3.34468654693476e-20
RTN4IP1,"Reticulon-4-interacting protein 1, mitochondrial",NMR metabolomics,X23626.Cholesteryl Esters to Total Lipids in Small LDL percentage,24867,0.102692737893971,0.00606812494718496,0.0907992129974882,0.114586262790453,6.9093605861184e-64
RTN4IP1,"Reticulon-4-interacting protein 1, mitochondrial",NMR metabolomics,X23627.Free Cholesterol to Total Lipids in Small LDL percentage,24867,-0.0607940321530238,0.00635752968223475,-0.0732547903302039,-0.0483332739758437,1.25205769507596e-21
RTN4IP1,"Reticulon-4-interacting protein 1, mitochondrial",NMR metabolomics,X23628.Triglycerides to Total Lipids in Small LDL percentage,24867,0.0548003126269644,0.00638235344219244,0.0422908998802672,0.0673097253736616,9.50548743469031e-18
RTN4IP1,"Reticulon-4-interacting protein 1, mitochondrial",NMR metabolomics,X23629.Phospholipids to Total Lipids in Very Large HDL percentage,24854,-0.11887063989301,0.0067583520252155,-0.132117009862432,-0.105624269923587,7.86457439955319e-69
RTN4IP1,"Reticulon-4-interacting protein 1, mitochondrial",NMR metabolomics,X23630.Cholesterol to Total Lipids in Very Large HDL percentage,24854,0.0530260189347616,0.00633935598489632,0.0406008812043648,0.0654511566651584,6.34616050671572e-17
RTN4IP1,"Reticulon-4-interacting protein 1, mitochondrial",NMR metabolomics,X23631.Cholesteryl Esters to Total Lipids in Very Large HDL percentage,24854,-0.0119419538971472,0.00611004217995487,-0.0239176365698587,3.37287755643647e-05,0.0506557062337472
RTN4IP1,"Reticulon-4-interacting protein 1, mitochondrial",NMR metabolomics,X23632.Free Cholesterol to Total Lipids in Very Large HDL percentage,24854,0.127017073506065,0.00713953509206239,0.113023584725622,0.141010562286507,2.28312777200067e-70
RTN4IP1,"Reticulon-4-interacting protein 1, mitochondrial",NMR metabolomics,X23633.Triglycerides to Total Lipids in Very Large HDL percentage,24854,0.123109494152878,0.00668795106847211,0.110001110058673,0.136217878247083,3.60893635754372e-75
RTN4IP1,"Reticulon-4-interacting protein 1, mitochondrial",NMR metabolomics,X23634.Phospholipids to Total Lipids in Large HDL percentage,24867,0.0781347734881292,0.00668007047818106,0.0650418353508943,0.091227711625364,1.60288938552573e-31
RTN4IP1,"Reticulon-4-interacting protein 1, mitochondrial",NMR metabolomics,X23635.Cholesterol to Total Lipids in Large HDL percentage,24867,-0.114547386028628,0.00684082275041308,-0.127955398619438,-0.101139373437818,1.3650950597162e-62
RTN4IP1,"Reticulon-4-interacting protein 1, mitochondrial",NMR metabolomics,X23636.Cholesteryl Esters to Total Lipids in Large HDL percentage,24867,-0.105864917284652,0.00673412439844257,-0.1190638011056,-0.0926660334637049,2.01986380181605e-55
RTN4IP1,"Reticulon-4-interacting protein 1, mitochondrial",NMR metabolomics,X23637.Free Cholesterol to Total Lipids in Large HDL percentage,24867,-0.0673293963310053,0.00661440681068631,-0.0802936336799505,-0.0543651589820601,2.74052156038942e-24
RTN4IP1,"Reticulon-4-interacting protein 1, mitochondrial",NMR metabolomics,X23638.Triglycerides to Total Lipids in Large HDL percentage,24867,0.111689172578542,0.00659186744519731,0.0987691123859552,0.124609232771129,4.92340762036957e-64
RTN4IP1,"Reticulon-4-interacting protein 1, mitochondrial",NMR metabolomics,X23639.Phospholipids to Total Lipids in Medium HDL percentage,24867,0.0895135593976137,0.00675693477130035,0.076269967245865,0.102757151549362,6.35879000026713e-40
RTN4IP1,"Reticulon-4-interacting protein 1, mitochondrial",NMR metabolomics,X23640.Cholesterol to Total Lipids in Medium HDL percentage,24867,-0.102645744615172,0.00663529117754743,-0.115650915323165,-0.0896405739071786,9.90145845108454e-54
RTN4IP1,"Reticulon-4-interacting protein 1, mitochondrial",NMR metabolomics,X23641.Cholesteryl Esters to Total Lipids in Medium HDL percentage,24867,-0.0880213927105757,0.00644893009621591,-0.100661295699159,-0.0753814897219926,2.90790775177596e-42
RTN4IP1,"Reticulon-4-interacting protein 1, mitochondrial",NMR metabolomics,X23642.Free Cholesterol to Total Lipids in Medium HDL percentage,24867,-0.0971045195552419,0.00708649365254964,-0.110994047114239,-0.0832149919962446,1.39617896085842e-42
RTN4IP1,"Reticulon-4-interacting protein 1, mitochondrial",NMR metabolomics,X23643.Triglycerides to Total Lipids in Medium HDL percentage,24867,0.101901832104665,0.00647631433625656,0.0892082560056024,0.114595408203728,1.62594540540919e-55
RTN4IP1,"Reticulon-4-interacting protein 1, mitochondrial",NMR metabolomics,X23644.Phospholipids to Total Lipids in Small HDL percentage,24867,-0.049555302487086,0.00616771667074939,-0.0616440271617548,-0.0374665778124171,9.80015702262946e-16
RTN4IP1,"Reticulon-4-interacting protein 1, mitochondrial",NMR metabolomics,X23645.Cholesterol to Total Lipids in Small HDL percentage,24867,-0.0281632902298392,0.00618806537698946,-0.0402918983687385,-0.0160346820909398,5.35864531582859e-06
RTN4IP1,"Reticulon-4-interacting protein 1, mitochondrial",NMR metabolomics,X23646.Cholesteryl Esters to Total Lipids in Small HDL percentage,24867,-0.0147799328542599,0.00614252729224844,-0.0268192863470669,-0.00274057936145298,0.0161282440729587
RTN4IP1,"Reticulon-4-interacting protein 1, mitochondrial",NMR metabolomics,X23647.Free Cholesterol to Total Lipids in Small HDL percentage,24867,-0.0434381020443627,0.00648478234468693,-0.0561482754399491,-0.0307279286487763,2.1511263977308e-11
RTN4IP1,"Reticulon-4-interacting protein 1, mitochondrial",NMR metabolomics,X23648.Triglycerides to Total Lipids in Small HDL percentage,24867,0.106999630484524,0.00658676383010003,0.0940895733775275,0.11990968759152,4.91273937378483e-59
RTN4IP1,"Reticulon-4-interacting protein 1, mitochondrial",Working and living environment,X24003.Nitrogen dioxide air pollution; 2010,44037,-0.00213690812355623,0.00518239833849918,-0.0122944088670146,0.00802059261990216,0.680092525791411
RTN4IP1,"Reticulon-4-interacting protein 1, mitochondrial",Working and living environment,X24004.Nitrogen oxides air pollution; 2010,44037,-0.00276768383633833,0.00506441398733426,-0.0126939352515135,0.00715856757883682,0.584727555194485
RTN4IP1,"Reticulon-4-interacting protein 1, mitochondrial",Working and living environment,X24005.Particulate matter air pollution (pm10); 2010,40923,0.00301152635475676,0.00483392528047365,-0.00646296719497159,0.0124860199044851,0.533289231163651
RTN4IP1,"Reticulon-4-interacting protein 1, mitochondrial",Working and living environment,X24006.Particulate matter air pollution (pm2.5); 2010,40923,-0.00494461369260132,0.00527331360390487,-0.0152803083562549,0.00539108097105223,0.348420952730392
RTN4IP1,"Reticulon-4-interacting protein 1, mitochondrial",Working and living environment,X24007.Particulate matter air pollution (pm2.5) absorbance; 2010,40923,-0.00210141261825935,0.00518198403430181,-0.0122581013254909,0.00805527608897219,0.685095391344619
RTN4IP1,"Reticulon-4-interacting protein 1, mitochondrial",Working and living environment,X24008.Particulate matter air pollution 2.5-10um; 2010,40923,0.000154016212564814,0.00476624864570004,-0.00918783113300726,0.00949586355813689,0.974221860213742
RTN4IP1,"Reticulon-4-interacting protein 1, mitochondrial",Working and living environment,X24009.Traffic intensity on the nearest road,44037,-0.0531269939809056,0.02077633737629,-0.093848615238434,-0.0124053727233772,0.0105584695868287
RTN4IP1,"Reticulon-4-interacting protein 1, mitochondrial",Working and living environment,X24010.Inverse distance to the nearest road,44037,-0.00185685181758532,0.0045459118505046,-0.0107668390445743,0.00705313540940368,0.68293334985095
RTN4IP1,"Reticulon-4-interacting protein 1, mitochondrial",Working and living environment,X24011.Traffic intensity on the nearest major road,44037,0.00399484188193141,0.00453254652053875,-0.00488894929832454,0.0128786330621874,0.378123433563184
RTN4IP1,"Reticulon-4-interacting protein 1, mitochondrial",Working and living environment,X24012.Inverse distance to the nearest major road,44037,-0.00260968743715899,0.00462741985720273,-0.0116794303572763,0.00646005548295836,0.572783090178342
RTN4IP1,"Reticulon-4-interacting protein 1, mitochondrial",Working and living environment,X24013.Total traffic load on major roads,44037,-0.0316638208201517,0.0144462262985306,-0.0599784243652716,-0.00334921727503176,0.0283962595199601
RTN4IP1,"Reticulon-4-interacting protein 1, mitochondrial",Working and living environment,X24015.Sum of road length of major roads within 100m,44037,-0.0227065158325828,0.0140355807563862,-0.0502162541150997,0.00480322244993409,0.105716660303068
RTN4IP1,"Reticulon-4-interacting protein 1, mitochondrial",Working and living environment,X24016.Nitrogen dioxide air pollution; 2005,44037,0.00285490757298173,0.0051897786143719,-0.00731705851118719,0.0130268736571506,0.582252208855014
RTN4IP1,"Reticulon-4-interacting protein 1, mitochondrial",Working and living environment,X24017.Nitrogen dioxide air pollution; 2006,44037,8.06013590613576e-05,0.00518412769235499,-0.0100802889179544,0.0102414916360771,0.987595285523622
RTN4IP1,"Reticulon-4-interacting protein 1, mitochondrial",Working and living environment,X24018.Nitrogen dioxide air pollution; 2007,44037,0.0029242844390444,0.00512989615736244,-0.00713031202938598,0.0129788809074748,0.568648396129921
RTN4IP1,"Reticulon-4-interacting protein 1, mitochondrial",Working and living environment,X24019.Particulate matter air pollution (pm10); 2007,43939,0.00666581106324552,0.00502238948290478,-0.00317807232324784,0.0165096944497389,0.184443126621511
RTN4IP1,"Reticulon-4-interacting protein 1, mitochondrial",Working and living environment,X24020.Average daytime sound level of noise pollution,44037,-0.00541164162098642,0.0045587902940462,-0.014346870597317,0.00352358735534414,0.235203091401263
RTN4IP1,"Reticulon-4-interacting protein 1, mitochondrial",Working and living environment,X24021.Average evening sound level of noise pollution,44037,-0.00542303193485863,0.00455902544646062,-0.0143587218099215,0.00351265794020418,0.234243247456666
RTN4IP1,"Reticulon-4-interacting protein 1, mitochondrial",Working and living environment,X24022.Average night-time sound level of noise pollution,44037,-0.00542757985877159,0.00455875411241287,-0.0143627379191008,0.00350757820155764,0.23382334246503
RTN4IP1,"Reticulon-4-interacting protein 1, mitochondrial",Working and living environment,X24023.Average 16-hour sound level of noise pollution,44037,-0.00546703536727584,0.00455887644504336,-0.0144024331995608,0.00346836246500915,0.230454021027342
RTN4IP1,"Reticulon-4-interacting protein 1, mitochondrial",Working and living environment,X24024.Average 24-hour sound level of noise pollution,44037,-0.00544817260140751,0.0045590030941761,-0.0143838186659927,0.00348747346317765,0.232079421723698
RTN4IP1,"Reticulon-4-interacting protein 1, mitochondrial",Health and medical history,X2405.Number of children fathered,20203,0.00272803910822636,0.0156548715351984,-0.0279555091007625,0.0334115873172152,0.861661816926232
RTN4IP1,"Reticulon-4-interacting protein 1, mitochondrial",Working and living environment,"X24500.Greenspace percentage, buffer 1000m",39022,0.00380337974141742,0.00532873790683179,-0.00664094655597289,0.0142477060388077,0.475386858255329
RTN4IP1,"Reticulon-4-interacting protein 1, mitochondrial",Working and living environment,"X24501.Domestic garden percentage, buffer 1000m",39022,0.00295730633621031,0.00482726387865222,-0.00650413086594803,0.0124187435383687,0.540127374231933
RTN4IP1,"Reticulon-4-interacting protein 1, mitochondrial",Working and living environment,"X24502.Water percentage, buffer 1000m",39022,-0.0115573647948798,0.00478945190958537,-0.0209446905376671,-0.00217003905209251,0.0158226172393855
RTN4IP1,"Reticulon-4-interacting protein 1, mitochondrial",Working and living environment,"X24503.Greenspace percentage, buffer 300m",39022,0.00328752422436644,0.00500743939793446,-0.0065270569955851,0.013102105444318,0.511488324151835
RTN4IP1,"Reticulon-4-interacting protein 1, mitochondrial",Working and living environment,"X24504.Domestic garden percentage, buffer 300m",39022,-0.000415961918496197,0.00487654566134771,-0.00997399141473771,0.00914206757774532,0.932024539966775
RTN4IP1,"Reticulon-4-interacting protein 1, mitochondrial",Working and living environment,"X24505.Water percentage, buffer 300m",39022,-0.00826604550511032,0.0048248419038603,-0.0177227356366765,0.00119064462645587,0.086678881372709
RTN4IP1,"Reticulon-4-interacting protein 1, mitochondrial",Working and living environment,"X24506.Natural environment percentage, buffer 1000m",44257,-0.00609932126290259,0.00508960164986499,-0.016074940496638,0.00387629797083278,0.230772136617341
RTN4IP1,"Reticulon-4-interacting protein 1, mitochondrial",Working and living environment,"X24507.Natural environment percentage, buffer 300m",44257,-0.00627647161421339,0.00479152511300389,-0.015667860835701,0.00311491760727423,0.190232735266188
RTN4IP1,"Reticulon-4-interacting protein 1, mitochondrial",Working and living environment,X24508.Distance (Euclidean) to coast,44257,0.0294899152344196,0.0045402126261226,0.0205910984872193,0.0383887319816199,8.376038275879e-11
RTN4IP1,"Reticulon-4-interacting protein 1, mitochondrial",Health and medical history,X2684.Years since last breast cancer screening  or  mammogram,9799,-0.0303612658436417,0.0213764700212954,-0.0722591470853806,0.0115366153980972,0.155548608373078
RTN4IP1,"Reticulon-4-interacting protein 1, mitochondrial",Health and medical history,X2704.Years since last cervical smear test,18362,0.00967431727390068,0.0152536356602099,-0.0202228086201108,0.0395714431679122,0.525938470747415
RTN4IP1,"Reticulon-4-interacting protein 1, mitochondrial",Health and medical history,X2714.Age when periods started (menarche),23388,0.0313985703191546,0.013041697575894,0.00583684307040229,0.0569602975679069,0.0160675552968291
RTN4IP1,"Reticulon-4-interacting protein 1, mitochondrial",Health and medical history,X2734.Number of live births,24117,0.00750812621381043,0.0124991688044369,-0.0169902446428859,0.0320064970705067,0.548052103661128
RTN4IP1,"Reticulon-4-interacting protein 1, mitochondrial",Health and medical history,X2744.Birth weight of first child,19174,-0.0394741433847117,0.0138804356540005,-0.0666797972665526,-0.0122684895028708,0.00446165404462344
RTN4IP1,"Reticulon-4-interacting protein 1, mitochondrial",Health and medical history,X2754.Age at first live birth,16322,-0.0273288389172757,0.00784959105130019,-0.0427140373778241,-0.0119436404567274,0.000499802676399845
RTN4IP1,"Reticulon-4-interacting protein 1, mitochondrial",Health and medical history,X2764.Age at last live birth,16275,-0.0121503406702567,0.00755359422567587,-0.0269553853525814,0.00265470401206796,0.107733993174635
RTN4IP1,"Reticulon-4-interacting protein 1, mitochondrial",Health and medical history,X2794.Age started oral contraceptive pill,18465,0.00119639710487825,0.00849529542777768,-0.015454381933566,0.0178471761433225,0.888005347551266
RTN4IP1,"Reticulon-4-interacting protein 1, mitochondrial",Health and medical history,X2804.Age when last used oral contraceptive pill,16737,-0.0112372219935659,0.00738987859492006,-0.0257213840396092,0.00324694005247746,0.128373287117506
RTN4IP1,"Reticulon-4-interacting protein 1, mitochondrial",Lifestyle factors,X2867.Age started smoking in former smokers,10930,-0.00341907191711729,0.0093196386296344,-0.0216855636312007,0.0148474197969661,0.713725014612354
RTN4IP1,"Reticulon-4-interacting protein 1, mitochondrial",Mental health,"X28735.Feeling anxious, nervous or on edge over the last 2 weeks",16628,0.00828893918392556,0.0187142199377897,-0.0283909318941422,0.0449688102619934,0.657827942167794
RTN4IP1,"Reticulon-4-interacting protein 1, mitochondrial",Mental health,X28736.Not being able to stop or control worrying over the last 2 weeks,16622,0.0244675582874586,0.0206123907900542,-0.0159327276610476,0.0648678442359647,0.235232154400257
RTN4IP1,"Reticulon-4-interacting protein 1, mitochondrial",Mental health,X28737.Little interest or pleasure in doing things over the last 2 weeks,16651,0.0163790827190546,0.0213190733588049,-0.025406301064203,0.0581644665023121,0.442329948071549
RTN4IP1,"Reticulon-4-interacting protein 1, mitochondrial",Mental health,"X28738.Feeling down, depressed or hopeless over the last 2 weeks",16599,0.0348913597383503,0.0207837226084377,-0.00584473657418765,0.0756274560508882,0.0932131877012221
RTN4IP1,"Reticulon-4-interacting protein 1, mitochondrial",Mental health,X28739.Difficulty with standing for long periods,16671,0.00547016495142705,0.0180649776407639,-0.0299371912244702,0.0408775211273243,0.762042280104531
RTN4IP1,"Reticulon-4-interacting protein 1, mitochondrial",Mental health,X28740.Difficulty with taking care of household responsibilities,16711,0.02675899189122,0.0201529900356251,-0.0127408685786052,0.0662588523610452,0.184264773055689
RTN4IP1,"Reticulon-4-interacting protein 1, mitochondrial",Mental health,X28741.Difficulty learning a new task,16578,0.029911980645989,0.0228594904272152,-0.0148926205913528,0.0747165818833308,0.190716930142226
RTN4IP1,"Reticulon-4-interacting protein 1, mitochondrial",Mental health,X28742.Difficulty with joining in community activities,15964,-0.000216041593522123,0.0230052078542216,-0.0453062489877964,0.0448741658007522,0.992507304563454
RTN4IP1,"Reticulon-4-interacting protein 1, mitochondrial",Mental health,X28743.Difficulty with being emotionally affected by health problems,16602,0.0129748497133373,0.0195460883457586,-0.0253354834443496,0.0512851828710242,0.506822435326366
RTN4IP1,"Reticulon-4-interacting protein 1, mitochondrial",Mental health,X28744.Difficulty with concentrating on doing something for ten minutes,16709,-0.0207076628781783,0.0276971216249953,-0.0749940212631691,0.0335786955068125,0.454683792448233
RTN4IP1,"Reticulon-4-interacting protein 1, mitochondrial",Lifestyle factors,X2887.Number of cigarettes previously smoked daily,10401,0.020097997881625,0.0204686870674116,-0.0200206287705017,0.0602166245337516,0.326176944782065
RTN4IP1,"Reticulon-4-interacting protein 1, mitochondrial",Lifestyle factors,X2897.Age stopped smoking,10928,0.0128043511659056,0.00973161355062482,-0.00626961139331903,0.0318783137251302,0.188286271012992
RTN4IP1,"Reticulon-4-interacting protein 1, mitochondrial",Mental health,X29001#0.Mental health conditions experienced by first degree blood relatives_None of the above,14875,-0.0187319761898819,0.0163757982948474,-0.0508285408477828,0.013364588468019,0.252691120958434
RTN4IP1,"Reticulon-4-interacting protein 1, mitochondrial",Mental health,X29001#1.Mental health conditions experienced by first degree blood relatives_Depression,14875,0.0217882386182057,0.0178028530464438,-0.013105353352824,0.0566818305892355,0.221023624203341
RTN4IP1,"Reticulon-4-interacting protein 1, mitochondrial",Mental health,X29001#3.Mental health conditions experienced by first degree blood relatives_Schizophrenia,14875,0.0472568672726397,0.0596515869764806,-0.0696602432012623,0.164173977746542,0.428248112942061
RTN4IP1,"Reticulon-4-interacting protein 1, mitochondrial",Mental health,X29001#4.Mental health conditions experienced by first degree blood relatives_Any other type of psychosis or psychotic illness,14875,0.0246666150555112,0.0628144110632685,-0.098449630628495,0.147782860739517,0.694553807654955
RTN4IP1,"Reticulon-4-interacting protein 1, mitochondrial",Mental health,X29001#5.Mental health conditions experienced by first degree blood relatives_A personality disorder,14875,0.0707444090878211,0.068010631419873,-0.0625564284951301,0.204045246670772,0.298265619629618
RTN4IP1,"Reticulon-4-interacting protein 1, mitochondrial",Mental health,X29001#7.Mental health conditions experienced by first degree blood relatives_Attention deficit or attention deficit and hyperactivity disorder,14875,0.0516107773611903,0.0571599912340851,-0.0604228054576164,0.163644360179997,0.366584121878153
RTN4IP1,"Reticulon-4-interacting protein 1, mitochondrial",Mental health,X29001#8.Mental health conditions experienced by first degree blood relatives_An anxiety disorder,14875,0.00613500219701605,0.0258695008323863,-0.044569219434461,0.0568392238284931,0.812542191428227
RTN4IP1,"Reticulon-4-interacting protein 1, mitochondrial",Mental health,X29001#9.Mental health conditions experienced by first degree blood relatives_An eating disorder,14875,-0.00315182872543024,0.0462324430206443,-0.093767417045893,0.0874637595950325,0.945648417098017
RTN4IP1,"Reticulon-4-interacting protein 1, mitochondrial",Mental health,X29002.Recent lack of interest or pleasure in doing things,14789,0.00812788239394806,0.0216578735890732,-0.0343215498406353,0.0505773146285315,0.70745365757918
RTN4IP1,"Reticulon-4-interacting protein 1, mitochondrial",Mental health,X29003.Recent feelings of depression,14776,0.013729392451796,0.0209721173352737,-0.0273759575253405,0.0548347424289324,0.512703452784419
RTN4IP1,"Reticulon-4-interacting protein 1, mitochondrial",Mental health,"X29004.Trouble falling or staying asleep, or sleeping too much",14798,0.0273553272836632,0.0169824615237493,-0.00593029730288542,0.0606409518702118,0.107244951189057
RTN4IP1,"Reticulon-4-interacting protein 1, mitochondrial",Mental health,X29005.Recent feelings of tiredness or low energy,14806,0.0120194191281603,0.0170176441429005,-0.0213351633919247,0.0453740016482454,0.480017941091958
RTN4IP1,"Reticulon-4-interacting protein 1, mitochondrial",Mental health,X29006.Recent poor appetite or overeating,14818,0.0132189101660188,0.0236918337104422,-0.033217083906448,0.0596549042384855,0.576885479964048
RTN4IP1,"Reticulon-4-interacting protein 1, mitochondrial",Mental health,X29007.Recent feelings of inadequacy,14756,-0.000672920128951378,0.0228562159806152,-0.0454711034509571,0.0441252631930544,0.976512913775741
RTN4IP1,"Reticulon-4-interacting protein 1, mitochondrial",Mental health,X29008.Recent trouble concentrating on things,14814,-0.0229433167028992,0.0226457222140881,-0.0673289322425118,0.0214422988367133,0.311009233007831
RTN4IP1,"Reticulon-4-interacting protein 1, mitochondrial",Mental health,X29009.Recent changes in speed or amount of moving or speaking,14798,-0.00862135802942041,0.0398743948305799,-0.0867751718973571,0.0695324558385162,0.828824792062822
RTN4IP1,"Reticulon-4-interacting protein 1, mitochondrial",Mental health,X29010.Recent thoughts of suicide or self-harm,14724,0.00229478372803841,0.0436668968375544,-0.0832923340735683,0.0878819015296451,0.958089558609711
RTN4IP1,"Reticulon-4-interacting protein 1, mitochondrial",Mental health,X29038#0.Substances taken for depression_None of options listed,13946,-0.0129345840014659,0.0315101020051216,-0.0746943839315043,0.0488252159285726,0.681452798288993
RTN4IP1,"Reticulon-4-interacting protein 1, mitochondrial",Mental health,X29038#1.Substances taken for depression_Drugs or alcohol (more than once),13946,-0.0843961658867157,0.0601332414273012,-0.202257319084226,0.0334649873107947,0.160494234391824
RTN4IP1,"Reticulon-4-interacting protein 1, mitochondrial",Mental health,X29038#2.Substances taken for depression_Medication prescribed to participant (for at least 2 weeks),13946,-0.0646087079850594,0.0314508688264046,-0.126252410884813,-0.0029650050853063,0.0399677759717681
RTN4IP1,"Reticulon-4-interacting protein 1, mitochondrial",Mental health,X29038#3.Substances taken for depression_Unprescribed medication (more than once),13946,-0.096927928810001,0.0938693859457184,-0.280911925263609,0.0870560676436072,0.301817027736597
RTN4IP1,"Reticulon-4-interacting protein 1, mitochondrial",Mental health,X29039#1.Use of specific medications_Citalopram (sometimes called Cipramil),13946,-0.154847359142255,0.059349204079576,-0.271171799138224,-0.0385229191462861,0.00908806087244223
RTN4IP1,"Reticulon-4-interacting protein 1, mitochondrial",Mental health,X29039#2.Use of specific medications_Fluoxetine (Prozac or Oxactin),13946,-0.0173952181507821,0.0636449778548387,-0.142139374746266,0.107348938444702,0.78461403778199
RTN4IP1,"Reticulon-4-interacting protein 1, mitochondrial",Mental health,X29039#3.Use of specific medications_Sertraline (Lustral),13946,-0.0948852289343051,0.0732835911451986,-0.238521067578894,0.0487506097102841,0.195421824586402
RTN4IP1,"Reticulon-4-interacting protein 1, mitochondrial",Mental health,X29039#5.Use of specific medications_Amitriptyline (Elavil),13946,0.0112072094355506,0.0802449260558851,-0.146072845633984,0.168487264505085,0.888928651296592
RTN4IP1,"Reticulon-4-interacting protein 1, mitochondrial",Mental health,X29039#7.Use of specific medications_Other antidepressant(s),13946,-0.0714708220916409,0.0606600420158818,-0.190364504442769,0.0474228602594875,0.238729380793822
RTN4IP1,"Reticulon-4-interacting protein 1, mitochondrial",Mental health,X29047#0.Activities undertaken to treat depression_None of options listed,13946,-0.0466735191235393,0.0309463657600434,-0.107328396013224,0.0139813577661459,0.131524283811477
RTN4IP1,"Reticulon-4-interacting protein 1, mitochondrial",Mental health,X29051#0.Manifestations of mania or irritability_None of options listed,13946,-0.0689143109639225,0.0482006244166697,-0.163387534820595,0.0255589128927501,0.152814375240118
RTN4IP1,"Reticulon-4-interacting protein 1, mitochondrial",Mental health,X29051#1.Manifestations of mania or irritability_More active than usual,13946,0.023793084578511,0.0760840781228541,-0.125331708542283,0.172917877699305,0.754497364266349
RTN4IP1,"Reticulon-4-interacting protein 1, mitochondrial",Mental health,X29051#2.Manifestations of mania or irritability_More confident than usual,13946,0.0920560076869925,0.0957412482882734,-0.0955968389580233,0.279708854332008,0.336313326458903
RTN4IP1,"Reticulon-4-interacting protein 1, mitochondrial",Mental health,X29051#3.Manifestations of mania or irritability_Easily distracted,13946,-0.0466388266743646,0.0627289978926966,-0.16958766254405,0.0763100091953208,0.457193327223579
RTN4IP1,"Reticulon-4-interacting protein 1, mitochondrial",Mental health,X29051#4.Manifestations of mania or irritability_More creative or had more ideas than usual,13946,0.0510667353019884,0.0988137950162472,-0.142608302929856,0.244741773533833,0.605305636383145
RTN4IP1,"Reticulon-4-interacting protein 1, mitochondrial",Mental health,X29051#5.Manifestations of mania or irritability_Neded less sleep than usual,13946,0.0514385120982127,0.0938968893772315,-0.132599391081161,0.235476415277586,0.583824879162511
RTN4IP1,"Reticulon-4-interacting protein 1, mitochondrial",Mental health,X29051#6.Manifestations of mania or irritability_Thoughts were racing,13946,-0.104786020326215,0.0517702120750727,-0.206255635993357,-0.0033164046590724,0.0429830144632973
RTN4IP1,"Reticulon-4-interacting protein 1, mitochondrial",Mental health,X29051#7.Manifestations of mania or irritability_More restless than usual,13946,-0.00616444056765626,0.0507660220996236,-0.105665843882918,0.093336962747606,0.903353416385771
RTN4IP1,"Reticulon-4-interacting protein 1, mitochondrial",Mental health,X29051#8.Manifestations of mania or irritability_More talkative than usual,13946,-0.0765483030517197,0.0729537613154699,-0.219537675230041,0.0664410691266012,0.294071377007622
RTN4IP1,"Reticulon-4-interacting protein 1, mitochondrial",Mental health,X29058.Recent feelings or nervousness or anxiety,14572,0.000287974630171225,0.0198626680093104,-0.0386428546680772,0.0392188039284197,0.988432645849761
RTN4IP1,"Reticulon-4-interacting protein 1, mitochondrial",Mental health,X29059.Recent inability to stop or control worrying,14589,0.0126153018989603,0.0206220086274048,-0.0278038350107531,0.0530344388086737,0.540719517204345
RTN4IP1,"Reticulon-4-interacting protein 1, mitochondrial",Mental health,X29060.Recent worrying too much about different things,14580,-0.000139861243409323,0.0190044759397346,-0.0373886340852891,0.0371089115984704,0.994128214626432
RTN4IP1,"Reticulon-4-interacting protein 1, mitochondrial",Mental health,X29061.Recent trouble relaxing,14583,0.00371814073867659,0.0201329406849684,-0.0357424230038616,0.0431787044812147,0.853483023617585
RTN4IP1,"Reticulon-4-interacting protein 1, mitochondrial",Mental health,X29062.Recent restlessness,14599,0.0290087031383409,0.0284856271067914,-0.0268231259909703,0.0848405322676522,0.308522465498854
RTN4IP1,"Reticulon-4-interacting protein 1, mitochondrial",Mental health,X29063.Recent easy annoyance or irritability,14555,-0.00252039891284853,0.0204540540149489,-0.0426103447821483,0.0375695469564512,0.901932641517142
RTN4IP1,"Reticulon-4-interacting protein 1, mitochondrial",Mental health,X29064.Recent feelings of foreboding,14551,0.00300353172972296,0.0233234452935085,-0.0427104210455538,0.0487174845049997,0.897535601544596
RTN4IP1,"Reticulon-4-interacting protein 1, mitochondrial",Mental health,X29065#1.Symptoms of panic attack_Heart was pounding or racing,13946,-0.0553873646696434,0.0333671300555677,-0.120786939578556,0.0100122102392693,0.0969494460460464
RTN4IP1,"Reticulon-4-interacting protein 1, mitochondrial",Mental health,X29065#11.Symptoms of panic attack_Felt like things weren't real or detached from self,13946,-0.0940748809824313,0.0550855543130435,-0.202042567435997,0.0138928054711339,0.0876965079671493
RTN4IP1,"Reticulon-4-interacting protein 1, mitochondrial",Mental health,X29065#12.Symptoms of panic attack_Afraid of losing control or 'going crazy',13946,-0.137138156757676,0.0721333721057098,-0.278519566084867,0.00424325256951505,0.057299720398336
RTN4IP1,"Reticulon-4-interacting protein 1, mitochondrial",Mental health,X29065#13.Symptoms of panic attack_Afraid I was going to die,13946,-0.111309160539126,0.0760574541494737,-0.260381770672094,0.0377634495938425,0.143356494219424
RTN4IP1,"Reticulon-4-interacting protein 1, mitochondrial",Mental health,X29065#2.Symptoms of panic attack_Sweating,13946,-0.029661629436925,0.0504570625991177,-0.128557472131196,0.0692342132573456,0.55663658504045
RTN4IP1,"Reticulon-4-interacting protein 1, mitochondrial",Mental health,X29065#3.Symptoms of panic attack_Trembling or shaking,13946,-0.0120766229270835,0.0543313672486228,-0.118566102734384,0.0944128568802171,0.824101376104082
RTN4IP1,"Reticulon-4-interacting protein 1, mitochondrial",Mental health,X29065#6.Symptoms of panic attack_Pain or discomfort in chest,13946,-0.0208321313720313,0.0543188895508902,-0.127297154891776,0.0856328921477134,0.701343496165524
RTN4IP1,"Reticulon-4-interacting protein 1, mitochondrial",Mental health,X29065#7.Symptoms of panic attack_Nauseous or felt sick in the stomach,13946,-0.0256647746331516,0.0511097983883732,-0.125839979474363,0.0745104302080599,0.615570093327122
RTN4IP1,"Reticulon-4-interacting protein 1, mitochondrial",Mental health,X29065#9.Symptoms of panic attack_Felt hot or cold,13946,-0.111760744190025,0.0665828286040899,-0.242263088254041,0.018741599873991,0.0932676614513084
RTN4IP1,"Reticulon-4-interacting protein 1, mitochondrial",Mental health,X29076.Felt loved as a child,14532,0.010852448388081,0.0176261166898713,-0.0236947403240668,0.0453996371002288,0.538100380752876
RTN4IP1,"Reticulon-4-interacting protein 1, mitochondrial",Mental health,X29077.Physically abused by family as a child,14554,-0.0367751768079264,0.0236782787048294,-0.0831846030693921,0.00963424945353917,0.120416554783342
RTN4IP1,"Reticulon-4-interacting protein 1, mitochondrial",Mental health,X29078.Felt hated by family member as a child,14528,0.0199573424122772,0.0240925913337635,-0.0272641366018992,0.0671788214264537,0.40748019508494
RTN4IP1,"Reticulon-4-interacting protein 1, mitochondrial",Mental health,X29079.Sexually molested as a child,14423,0.0194335295443507,0.0321936138949837,-0.0436659536898173,0.0825330127785188,0.546088872484094
RTN4IP1,"Reticulon-4-interacting protein 1, mitochondrial",Mental health,X29080.Someone to take to doctor when needed as a child,14505,-0.0190975944903243,0.0256025025243543,-0.0692784994380587,0.0310833104574101,0.455723696671295
RTN4IP1,"Reticulon-4-interacting protein 1, mitochondrial",Mental health,X29081.Stopped from seeing friends or family by partner or ex-partner as an adult,14528,0.0135779827906403,0.0338399044700517,-0.0527482299706611,0.0799041955519417,0.688248046057871
RTN4IP1,"Reticulon-4-interacting protein 1, mitochondrial",Mental health,X29082.Belittlement by partner or ex-partner as an adult,14448,0.0521892051295522,0.0261876334100635,0.000861443645827749,0.103516966613277,0.0462917370588788
RTN4IP1,"Reticulon-4-interacting protein 1, mitochondrial",Mental health,X29083.Physical violence by partner or ex-partner as an adult,14541,-0.0119526738470654,0.0293161103932002,-0.0694122502177379,0.045506902523607,0.683487532327106
RTN4IP1,"Reticulon-4-interacting protein 1, mitochondrial",Mental health,X29084.Sexual interference by partner or ex-partner without consent as an adult,14496,0.0607885199958618,0.0414261600980903,-0.0204067537963952,0.141983793788119,0.142290483870285
RTN4IP1,"Reticulon-4-interacting protein 1, mitochondrial",Mental health,X29085.Sexual intercourse by partner or ex-partner without consent as an adult,14496,0.00380870930645713,0.0393516701822502,-0.0733205642507533,0.0809379828636675,0.922897307024008
RTN4IP1,"Reticulon-4-interacting protein 1, mitochondrial",Mental health,X29086.Experienced a violent or sexual assault,14545,-0.0272876710156437,0.0332068829118806,-0.0923731615229296,0.0377978194916422,0.411234136663582
RTN4IP1,"Reticulon-4-interacting protein 1, mitochondrial",Mental health,X29087.Experienced a life-threatening injury or illness,14551,-0.0177652068677849,0.0206231980423931,-0.0581866750308753,0.0226562612953055,0.38902173178553
RTN4IP1,"Reticulon-4-interacting protein 1, mitochondrial",Mental health,X29088.Experienced a marital separation or divorce,14553,-0.000899718394017635,0.0193410770324292,-0.0388082293775788,0.0370087925895436,0.962897607438734
RTN4IP1,"Reticulon-4-interacting protein 1, mitochondrial",Mental health,X29089.Experienced the death of a spouse or partner,14569,0.00731664546067322,0.0261004186943402,-0.0438401751802336,0.0584734661015801,0.779230816423766
RTN4IP1,"Reticulon-4-interacting protein 1, mitochondrial",Mental health,X29090.Experienced the death of a close friend or family member due to suicide,14547,-0.00676612490036902,0.0242253117705774,-0.0542477359707007,0.0407154861699626,0.780018729140087
RTN4IP1,"Reticulon-4-interacting protein 1, mitochondrial",Lifestyle factors,X29091.Frequency of drinking alcohol,14552,-0.100322140322028,0.0159482244112873,-0.131580660168151,-0.0690636204759047,3.25526646935844e-10
RTN4IP1,"Reticulon-4-interacting protein 1, mitochondrial",Lifestyle factors,X29092.Amount of alcohol drunk on a typical drinking day,12946,-0.0711877395222142,0.0185399525640465,-0.107526046547745,-0.034849432496683,0.000123775331592691
RTN4IP1,"Reticulon-4-interacting protein 1, mitochondrial",Lifestyle factors,X29093.Frequency of consuming six or more units of alcohol,12980,-0.0746051872772368,0.0186560991014161,-0.111171141516012,-0.0380392330384613,6.39715434533034e-05
RTN4IP1,"Reticulon-4-interacting protein 1, mitochondrial",Mental health,X29104.Ever used cannabis,14543,-0.0236862967252085,0.0230492079804478,-0.0688627443668863,0.0214901509164692,0.304136136066065
RTN4IP1,"Reticulon-4-interacting protein 1, mitochondrial",Mental health,X29108.Ever thought that life not worth living,14476,0.00649116373559139,0.0201838337013435,-0.0330691503190419,0.0460514777902247,0.747758784703027
RTN4IP1,"Reticulon-4-interacting protein 1, mitochondrial",Mental health,X29109.Ever contemplated self-harm,14508,0.0317643475372222,0.0273222601846271,-0.0217872824246469,0.0853159774990912,0.245018582481504
RTN4IP1,"Reticulon-4-interacting protein 1, mitochondrial",Mental health,X29111.Ever self-harmed,14534,-0.0021897114267313,0.044323757303446,-0.0890642757414854,0.0846848528880228,0.960599089457268
RTN4IP1,"Reticulon-4-interacting protein 1, mitochondrial",Diet and food preferences,X29132.Ever had recurrent episodes of excessive overeating or binge eating,14529,-0.0671365037024393,0.0290203536023044,-0.124016396762956,-0.0102566106419228,0.0207130134483326
RTN4IP1,"Reticulon-4-interacting protein 1, mitochondrial",Diet and food preferences,X29136#1.Actions and feelings during periods of overeating or binge eating_Eaten much more rapidly than normal,15028,-0.00998563132468663,0.0709027903588889,-0.148955100428109,0.128983837778736,0.888001771451073
RTN4IP1,"Reticulon-4-interacting protein 1, mitochondrial",Diet and food preferences,X29136#2.Actions and feelings during periods of overeating or binge eating_Eaten until feeling uncomfortably full,15028,-0.0373908208284209,0.0555206122646804,-0.146211220867194,0.0714295792103526,0.500666093742691
RTN4IP1,"Reticulon-4-interacting protein 1, mitochondrial",Diet and food preferences,X29136#3.Actions and feelings during periods of overeating or binge eating_Eaten large amounts of food when not physically hungry,15028,-0.0139482312765362,0.05895028549708,-0.129490790850813,0.101594328297741,0.812962533840948
RTN4IP1,"Reticulon-4-interacting protein 1, mitochondrial",Diet and food preferences,X29136#4.Actions and feelings during periods of overeating or binge eating_Eaten alone because of feeling embarrassed by overeating,15028,-0.0302703661007424,0.0805927062863634,-0.188232070422015,0.12769133822053,0.707221943835259
RTN4IP1,"Reticulon-4-interacting protein 1, mitochondrial",Diet and food preferences,X29149.Dependency of self-esteem on body shape or weight currently,14510,-0.0424201076485103,0.0180860145060617,-0.0778686960803913,-0.00697151921662941,0.0190167885832168
RTN4IP1,"Reticulon-4-interacting protein 1, mitochondrial",Health and medical history,X29153.Pain or discomfort today,14534,0.00727186266180683,0.0169924050015625,-0.0260332511412558,0.0405769764648694,0.668695459493978
RTN4IP1,"Reticulon-4-interacting protein 1, mitochondrial",Mental health,X29154.Anxiety or depression today,14534,-0.00275649451758015,0.0213135457093387,-0.044531044107884,0.0390180550727237,0.897097819155657
RTN4IP1,"Reticulon-4-interacting protein 1, mitochondrial",Mental health,X29166.Frequency of confiding in someone close,14169,-0.0035353329874481,0.0166756476942378,-0.0362196024681541,0.0291489364932579,0.832105611509119
RTN4IP1,"Reticulon-4-interacting protein 1, mitochondrial",Lifestyle factors,X29167#0.Sports and social activities attended in person at least once a week_None of the above,14490,0.0330966535092088,0.0165930108361763,0.000574352270303356,0.0656189547481143,0.0461037027559654
RTN4IP1,"Reticulon-4-interacting protein 1, mitochondrial",Lifestyle factors,X29167#1.Sports and social activities attended in person at least once a week_Sports club or gym or fitness class,14490,-0.0428258276498295,0.0166765416335676,-0.075511849251622,-0.0101398060480369,0.0102378264613474
RTN4IP1,"Reticulon-4-interacting protein 1, mitochondrial",Lifestyle factors,X29167#2.Sports and social activities attended in person at least once a week_Pub or social club,14490,-0.00505683467944454,0.0208382203680773,-0.045899746600876,0.0357860772419869,0.808263604686266
RTN4IP1,"Reticulon-4-interacting protein 1, mitochondrial",Lifestyle factors,X29167#3.Sports and social activities attended in person at least once a week_Religious group,14490,0.00965708620445962,0.0223259719754506,-0.0341018188674237,0.0534159912763429,0.665348586175487
RTN4IP1,"Reticulon-4-interacting protein 1, mitochondrial",Lifestyle factors,X29167#4.Sports and social activities attended in person at least once a week_Adult education class,14490,-0.0468570894363521,0.0358570899067967,-0.117136985653674,0.0234228067809695,0.191310458191792
RTN4IP1,"Reticulon-4-interacting protein 1, mitochondrial",Lifestyle factors,X29167#5.Sports and social activities attended in person at least once a week_Other group activity,14490,-0.0260685730402828,0.0171006941490532,-0.0595859335724271,0.00744878749186145,0.127426652305338
RTN4IP1,"Reticulon-4-interacting protein 1, mitochondrial",Lifestyle factors,X29168#0.Sports and social activities attended virtually at least once a week_None of the above,14483,0.00365613545426011,0.0185329461698395,-0.0326684390386254,0.0399807099471456,0.843613065342367
RTN4IP1,"Reticulon-4-interacting protein 1, mitochondrial",Lifestyle factors,X29168#1.Sports and social activities attended virtually at least once a week_Sports club or gym or fitness class,14483,-0.034825255211475,0.0271019136407545,-0.0879450059473538,0.0182944955244039,0.198821928343633
RTN4IP1,"Reticulon-4-interacting protein 1, mitochondrial",Lifestyle factors,X29168#2.Sports and social activities attended virtually at least once a week_Pub or social club,14483,0.038442932307153,0.0419553820040511,-0.0437896164207872,0.120675481035093,0.359534640252856
RTN4IP1,"Reticulon-4-interacting protein 1, mitochondrial",Lifestyle factors,X29168#3.Sports and social activities attended virtually at least once a week_Religious group,14483,0.109385019583363,0.0374643796485085,0.0359548354722867,0.18281520369444,0.00350900749366751
RTN4IP1,"Reticulon-4-interacting protein 1, mitochondrial",Lifestyle factors,X29168#4.Sports and social activities attended virtually at least once a week_Adult education class,14483,-0.00460467465213515,0.0558118108797017,-0.11399582397635,0.10478647467208,0.934247406471588
RTN4IP1,"Reticulon-4-interacting protein 1, mitochondrial",Lifestyle factors,X29168#5.Sports and social activities attended virtually at least once a week_Other group activity,14483,-0.0112595142907021,0.0263642421978427,-0.0629334289984737,0.0404144004170695,0.669330902646453
RTN4IP1,"Reticulon-4-interacting protein 1, mitochondrial",Mental health,X29171.Frequency of feeling 'in tune' with people,14239,0.0219468030496619,0.0206710093529839,-0.0185683752821866,0.0624619813815105,0.288381304416293
RTN4IP1,"Reticulon-4-interacting protein 1, mitochondrial",Mental health,X29172.Freuency of feeling that lacks companionship,14427,0.00073476580143742,0.0188909063324254,-0.0362914106101164,0.0377609422129912,0.968974472909829
RTN4IP1,"Reticulon-4-interacting protein 1, mitochondrial",Mental health,X29173.Frequency of feeling left out,14348,0.0187503710343875,0.0195598477054053,-0.019586930468207,0.057087672536982,0.337768706136506
RTN4IP1,"Reticulon-4-interacting protein 1, mitochondrial",Mental health,X29174.Frequency of feeling isolated from others,14403,0.0134925674680876,0.0201970738240389,-0.0260936972270285,0.0530788321632038,0.504115164102794
RTN4IP1,"Reticulon-4-interacting protein 1, mitochondrial",Mental health,X29175.Tendency to bounce back quickly after hard times,14515,0.0144670878655919,0.0166895928694937,-0.0182445141586157,0.0471786898897995,0.386047929097678
RTN4IP1,"Reticulon-4-interacting protein 1, mitochondrial",Mental health,X29176.Ability to make it through stressful events,14515,-0.012052299176853,0.0162794126726175,-0.0439599480151834,0.0198553496614774,0.459105749195995
RTN4IP1,"Reticulon-4-interacting protein 1, mitochondrial",Mental health,X29177.Quick recovery from stressful events,14515,0.0164258175724261,0.016646942211203,-0.0162021891615319,0.049053824306384,0.323797957605559
RTN4IP1,"Reticulon-4-interacting protein 1, mitochondrial",Mental health,X29178.Hard to snap back when something bad happens,14515,-0.0103261846692811,0.0163878663014125,-0.0424464026200496,0.0217940332814874,0.528631500811487
RTN4IP1,"Reticulon-4-interacting protein 1, mitochondrial",Mental health,X29179.Comes through difficult times with little trouble,14515,0.00877067223608195,0.0166121977321306,-0.0237892353188941,0.041330579791058,0.597531154878171
RTN4IP1,"Reticulon-4-interacting protein 1, mitochondrial",Mental health,X29180.Tendency to take a long time to get over setbacks,14515,-0.0115110579245584,0.0164610646097016,-0.0437747445595735,0.0207526287104567,0.484382031635966
RTN4IP1,"Reticulon-4-interacting protein 1, mitochondrial",Mental health,X29181.General happiness,14433,0.018795199699827,0.0170570759344529,-0.0146366691317008,0.0522270685313547,0.270523349039924
RTN4IP1,"Reticulon-4-interacting protein 1, mitochondrial",Mental health,X29182.Belief that own life is meaningful,14261,-0.00205399938248168,0.0170642677718963,-0.0354999642153984,0.031391965450435,0.904192984293137
RTN4IP1,"Reticulon-4-interacting protein 1, mitochondrial",Lifestyle factors,X2926.Number of unsuccessful stop-smoking attempts,9954,0.0217667516832754,0.0195027964225165,-0.0164587293048568,0.0599922326714077,0.264413323815237
RTN4IP1,"Reticulon-4-interacting protein 1, mitochondrial",Health and medical history,X2946.Father's age,9684,-0.0105224764018266,0.0147024993661254,-0.0393393751594324,0.0182944223557791,0.474198192718842
RTN4IP1,"Reticulon-4-interacting protein 1, mitochondrial",Health and medical history,X2966.Age high blood pressure diagnosed,11072,0.00744769304369142,0.0114760107706488,-0.0150452880667801,0.029940674154163,0.5163652559319
RTN4IP1,"Reticulon-4-interacting protein 1, mitochondrial",Blood and urine assays,X30000.White blood cell (leukocyte) count,43224,0.11735423852254,0.00477588367999594,0.107993506509748,0.126714970535332,2.03613856737571e-132
RTN4IP1,"Reticulon-4-interacting protein 1, mitochondrial",Blood and urine assays,X30010.Red blood cell (erythrocyte) count,43225,0.0251291514111067,0.00540954337582887,0.0145264463944821,0.0357318564277313,3.40521138053977e-06
RTN4IP1,"Reticulon-4-interacting protein 1, mitochondrial",Blood and urine assays,X30020.Haemoglobin concentration,43225,-0.0201062123272025,0.00580476536784355,-0.0314835524481759,-0.00872887220622914,0.000533232189172871
RTN4IP1,"Reticulon-4-interacting protein 1, mitochondrial",Blood and urine assays,X30030.Haematocrit percentage,43225,0.00509554612837055,0.00567314447945335,-0.00602381705135801,0.0162149093080991,0.369090725736093
RTN4IP1,"Reticulon-4-interacting protein 1, mitochondrial",Blood and urine assays,X30040.Mean corpuscular volume,43225,-0.0301019250214117,0.00474391432093776,-0.0393999970904497,-0.0208038529523737,2.24074197168053e-10
RTN4IP1,"Reticulon-4-interacting protein 1, mitochondrial",Blood and urine assays,X30050.Mean corpuscular haemoglobin,43224,-0.0527546090626577,0.00475231023184589,-0.0620691371170756,-0.0434400810082398,1.35860842977571e-28
RTN4IP1,"Reticulon-4-interacting protein 1, mitochondrial",Blood and urine assays,X30060.Mean corpuscular haemoglobin concentration,43224,-0.0531016871184358,0.00464594217494877,-0.0622077337813354,-0.0439956404555362,3.28429418527096e-30
RTN4IP1,"Reticulon-4-interacting protein 1, mitochondrial",Blood and urine assays,X30070.Red blood cell (erythrocyte) distribution width,43225,0.033730132187177,0.00463418761597407,0.0246471244598678,0.0428131399144862,3.43173524344276e-13
RTN4IP1,"Reticulon-4-interacting protein 1, mitochondrial",Blood and urine assays,X30080.Platelet count,43225,0.353698883972128,0.00444243943285028,0.344991702683741,0.362406065260514,0
RTN4IP1,"Reticulon-4-interacting protein 1, mitochondrial",Blood and urine assays,X30090.Platelet crit,43225,0.317137718703535,0.00462204163971075,0.308078517089702,0.326196920317368,0
RTN4IP1,"Reticulon-4-interacting protein 1, mitochondrial",Blood and urine assays,X30100.Mean platelet (thrombocyte) volume,43225,-0.162738689908797,0.00448766959048331,-0.171534522306144,-0.15394285751145,1.12135022279619e-283
RTN4IP1,"Reticulon-4-interacting protein 1, mitochondrial",Blood and urine assays,X30110.Platelet distribution width,43225,-0.103179943420563,0.0045946050835887,-0.112185369384397,-0.0941745174567295,4.76078952600996e-111
RTN4IP1,"Reticulon-4-interacting protein 1, mitochondrial",Blood and urine assays,X30120.Lymphocyte count,43159,0.065159664320058,0.00472272900081103,0.0559031154784684,0.0744162131616476,3.28106443840568e-43
RTN4IP1,"Reticulon-4-interacting protein 1, mitochondrial",Blood and urine assays,X30130.Monocyte count,43159,0.0680982828612161,0.00477652405198471,0.0587362957193261,0.0774602700031062,5.16981215692853e-46
RTN4IP1,"Reticulon-4-interacting protein 1, mitochondrial",Blood and urine assays,X30140.Neutrophill count,43159,0.0996934969187087,0.0047346110928954,0.0904136591766337,0.108973334660784,6.23485133188627e-98
RTN4IP1,"Reticulon-4-interacting protein 1, mitochondrial",Blood and urine assays,X30150.Eosinophill count,43159,0.0524287703832141,0.00461507677751669,0.0433832198992814,0.0614743208671468,7.26703735355022e-30
RTN4IP1,"Reticulon-4-interacting protein 1, mitochondrial",Blood and urine assays,X30160.Basophill count,43159,0.0829249948551249,0.0103963649114901,0.0625481196286043,0.103301870081646,1.5441660377328e-15
RTN4IP1,"Reticulon-4-interacting protein 1, mitochondrial",Blood and urine assays,X30170.Nucleated red blood cell count,43159,-0.0899438229207165,0.0493729331973329,-0.186714771987489,0.00682712614605596,0.0685039010913196
RTN4IP1,"Reticulon-4-interacting protein 1, mitochondrial",Blood and urine assays,X30180.Lymphocyte percentage,43160,-0.028895922945144,0.00465986999595928,-0.0380292681372242,-0.0197625777530638,5.66075758175244e-10
RTN4IP1,"Reticulon-4-interacting protein 1, mitochondrial",Blood and urine assays,X30190.Monocyte percentage,43160,-0.0141998199467091,0.00473020945500717,-0.0234710304785232,-0.00492860941489506,0.00268415736298616
RTN4IP1,"Reticulon-4-interacting protein 1, mitochondrial",Blood and urine assays,X30200.Neutrophill percentage,43160,0.0239923683796903,0.00461499147035077,0.0149469850978028,0.0330377516615778,2.01503368893612e-07
RTN4IP1,"Reticulon-4-interacting protein 1, mitochondrial",Blood and urine assays,X30210.Eosinophill percentage,43160,0.0160754635531842,0.00457409664127323,0.00711023413628869,0.0250406929700798,0.000441106104581906
RTN4IP1,"Reticulon-4-interacting protein 1, mitochondrial",Blood and urine assays,X30220.Basophill percentage,43160,-7.34213846739374e-05,0.00456941141717893,-0.00902946776234465,0.00888262499299677,0.987180202493199
RTN4IP1,"Reticulon-4-interacting protein 1, mitochondrial",Blood and urine assays,X30230.Nucleated red blood cell percentage,43159,-0.0891989597559367,0.0493659050458351,-0.185956133645774,0.00755821413390011,0.0707857652669269
RTN4IP1,"Reticulon-4-interacting protein 1, mitochondrial",Blood and urine assays,X30240.Reticulocyte percentage,42440,0.0170144874956002,0.00492734002414972,0.00735690104826674,0.0266720739429337,0.000554769994757924
RTN4IP1,"Reticulon-4-interacting protein 1, mitochondrial",Blood and urine assays,X30250.Reticulocyte count,42440,0.021577801933734,0.0050384507670443,0.0117024384303272,0.0314531654371409,1.85105817908095e-05
RTN4IP1,"Reticulon-4-interacting protein 1, mitochondrial",Blood and urine assays,X30260.Mean reticulocyte volume,42440,-0.00856045939257522,0.00468881535665192,-0.017750537491613,0.00062961870646254,0.0678996219450223
RTN4IP1,"Reticulon-4-interacting protein 1, mitochondrial",Blood and urine assays,X30270.Mean sphered cell volume,42440,0.00186023069728296,0.00472918198082065,-0.00740896598512552,0.0111294273796914,0.694061882494183
RTN4IP1,"Reticulon-4-interacting protein 1, mitochondrial",Blood and urine assays,X30280.Immature reticulocyte fraction,42440,0.00638364322219329,0.00492502671316436,-0.00326940913560886,0.0160366955799954,0.194925977298913
RTN4IP1,"Reticulon-4-interacting protein 1, mitochondrial",Blood and urine assays,X30290.High light scatter reticulocyte percentage,42440,0.0145188429901503,0.00503219541212092,0.00465573998239332,0.0243819459979073,0.00391373743568522
RTN4IP1,"Reticulon-4-interacting protein 1, mitochondrial",Blood and urine assays,X30300.High light scatter reticulocyte count,42440,0.0177001208869597,0.00511107027571742,0.00768242314655355,0.0277178186273658,0.00053452660769323
RTN4IP1,"Reticulon-4-interacting protein 1, mitochondrial",Blood and urine assays,X30500.Microalbumin in urine,14036,0.0148009804072553,0.00832591378621554,-0.00151781061372713,0.0311197714282378,0.0754747389712777
RTN4IP1,"Reticulon-4-interacting protein 1, mitochondrial",Blood and urine assays,X30510.Creatinine (enzymatic) in urine,43315,0.000747818282229652,0.0049778548009128,-0.00900877712755944,0.0105044136920187,0.880584625420752
RTN4IP1,"Reticulon-4-interacting protein 1, mitochondrial",Blood and urine assays,X30520.Potassium in urine,43235,-0.0155693010832755,0.00463054198734374,-0.0246451633784692,-0.00649343878808174,0.000773613094285469
RTN4IP1,"Reticulon-4-interacting protein 1, mitochondrial",Blood and urine assays,X30530.Sodium in urine,43214,-0.0115291261388812,0.00484536800102277,-0.0210260474208859,-0.00203220485687661,0.0173446046809103
RTN4IP1,"Reticulon-4-interacting protein 1, mitochondrial",Blood and urine assays,X30600.Albumin,38928,0.0241994292818855,0.00499316677098701,0.014412822410751,0.0339860361530201,1.26136120271224e-06
RTN4IP1,"Reticulon-4-interacting protein 1, mitochondrial",Blood and urine assays,X30610.Alkaline phosphatase,42482,0.0962039392709429,0.00477320110136988,0.0868484651122579,0.105559413429628,6.4153033569502e-90
RTN4IP1,"Reticulon-4-interacting protein 1, mitochondrial",Blood and urine assays,X30620.Alanine aminotransferase,42476,0.0413133011678114,0.00506671317989099,0.031382543335225,0.0512440590003977,3.62035832917501e-16
RTN4IP1,"Reticulon-4-interacting protein 1, mitochondrial",Blood and urine assays,X30630.Apolipoprotein A,38672,-0.0954285787819436,0.00548147212982703,-0.106172264156405,-0.0846848934074827,1.27147694932795e-67
RTN4IP1,"Reticulon-4-interacting protein 1, mitochondrial",Blood and urine assays,X30640.Apolipoprotein B,42245,0.064904896958461,0.00462961712096806,0.0558308474013636,0.0739789465155584,1.49129448152389e-44
RTN4IP1,"Reticulon-4-interacting protein 1, mitochondrial",Blood and urine assays,X30650.Aspartate aminotransferase,42350,0.0207933348642347,0.00480284947480163,0.0113797498936235,0.0302069198348459,1.49876341952634e-05
RTN4IP1,"Reticulon-4-interacting protein 1, mitochondrial",Blood and urine assays,X30660.Direct bilirubin,36006,-0.0412566025712097,0.00518670824796273,-0.0514225507372167,-0.0310906544052028,1.85391078192129e-15
RTN4IP1,"Reticulon-4-interacting protein 1, mitochondrial",Blood and urine assays,X30670.Urea,42469,-0.0350062342633459,0.00493540202605269,-0.0446796222344091,-0.0253328462922826,1.33394464935875e-12
RTN4IP1,"Reticulon-4-interacting protein 1, mitochondrial",Blood and urine assays,X30680.Calcium,38922,0.0862235506682881,0.00483271166660996,0.0767514358017325,0.0956956655348436,6.43972922265292e-71
RTN4IP1,"Reticulon-4-interacting protein 1, mitochondrial",Blood and urine assays,X30690.Cholesterol,42495,0.0373581702552325,0.00471332727722181,0.0281200487918777,0.0465962917185872,2.31666448870229e-15
RTN4IP1,"Reticulon-4-interacting protein 1, mitochondrial",Blood and urine assays,X30700.Creatinine,42481,-0.0500913357205536,0.00579454762432173,-0.0614486490642242,-0.038734022376883,5.58630528332668e-18
RTN4IP1,"Reticulon-4-interacting protein 1, mitochondrial",Blood and urine assays,X30710.C-reactive protein,42364,0.124351450776767,0.00513641151646874,0.114284084204488,0.134418817349046,1.31773620375134e-128
RTN4IP1,"Reticulon-4-interacting protein 1, mitochondrial",Blood and urine assays,X30720.Cystatin C,42498,0.0471919439108553,0.00549330154560257,0.0364250728814743,0.0579588149402364,8.92399340819972e-18
RTN4IP1,"Reticulon-4-interacting protein 1, mitochondrial",Blood and urine assays,X30730.Gamma glutamyltransferase,42479,0.0836302733880806,0.00516043233376839,0.0735158260138945,0.0937447207622666,6.86809605926289e-59
RTN4IP1,"Reticulon-4-interacting protein 1, mitochondrial",Blood and urine assays,X30740.Glucose,38875,0.0155661122528126,0.00499304436270859,0.00577974530190372,0.0253524792037214,0.00182488238623345
RTN4IP1,"Reticulon-4-interacting protein 1, mitochondrial",Blood and urine assays,X30750.Glycated haemoglobin (HbA1c),42306,0.0502030524886904,0.00503158104166746,0.0403411536470221,0.0600649513303586,2.02796365465346e-23
RTN4IP1,"Reticulon-4-interacting protein 1, mitochondrial",Blood and urine assays,X30760.HDL cholesterol,38897,-0.118113739649015,0.00569276748185321,-0.129271563913447,-0.106955915384583,4.19046432487877e-95
RTN4IP1,"Reticulon-4-interacting protein 1, mitochondrial",Blood and urine assays,X30770.IGF-1,42274,-0.0184357719407338,0.00486456661402196,-0.0279703225042168,-0.00890122137725071,0.000150973098857037
RTN4IP1,"Reticulon-4-interacting protein 1, mitochondrial",Blood and urine assays,X30780.LDL direct,42399,0.0562053571795121,0.00464044079567556,0.047110093219988,0.0653006211390362,1.03647529174649e-33
RTN4IP1,"Reticulon-4-interacting protein 1, mitochondrial",Blood and urine assays,X30790.Lipoprotein A,34000,0.0091547268081134,0.00518373215553352,-0.00100538821673229,0.0193148418329591,0.0773965460778345
RTN4IP1,"Reticulon-4-interacting protein 1, mitochondrial",Blood and urine assays,X30810.Phosphate,38841,0.0441317583113149,0.00501379363649914,0.0343047227837766,0.0539587938388532,1.39740504830216e-18
RTN4IP1,"Reticulon-4-interacting protein 1, mitochondrial",Blood and urine assays,X30830.SHBG,38560,-0.0544417928041088,0.0057618790236929,-0.0657350756905468,-0.0431485099176707,3.61936485007535e-21
RTN4IP1,"Reticulon-4-interacting protein 1, mitochondrial",Blood and urine assays,X30840.Total bilirubin,42326,-0.0629411852016358,0.00492121557836787,-0.0725867677352369,-0.0532956026680348,2.1941064078161e-37
RTN4IP1,"Reticulon-4-interacting protein 1, mitochondrial",Blood and urine assays,X30850.Testosterone,38356,0.00829468433949698,0.00806628469312133,-0.00751523365902083,0.0241046023380148,0.303808001301997
RTN4IP1,"Reticulon-4-interacting protein 1, mitochondrial",Blood and urine assays,X30860.Total protein,38896,0.191281922214612,0.00482976650238291,0.181815579869942,0.200748264559283,0
RTN4IP1,"Reticulon-4-interacting protein 1, mitochondrial",Blood and urine assays,X30870.Triglycerides,42465,0.109121377774814,0.00501356412214512,0.0992947920954091,0.118947963454218,1.85044730589101e-104
RTN4IP1,"Reticulon-4-interacting protein 1, mitochondrial",Blood and urine assays,X30880.Urate,42434,0.0332616439997336,0.00584858831393227,0.0217984109044264,0.0447248770950409,1.30044533284225e-08
RTN4IP1,"Reticulon-4-interacting protein 1, mitochondrial",Blood and urine assays,X30890.Vitamin D,40564,-0.0261546956539561,0.0052434553453888,-0.0364318681309181,-0.015877523176994,6.12386846288783e-07
RTN4IP1,"Reticulon-4-interacting protein 1, mitochondrial",Physical measures,X3137.Number of measurements made,40376,-0.00110338524903016,0.0119961494779052,-0.0246158382257244,0.0224090677276641,0.926715749420362
RTN4IP1,"Reticulon-4-interacting protein 1, mitochondrial",Physical measures,X3143.Ankle spacing width,25149,-0.0161310067458445,0.00847094660389782,-0.0327340620894843,0.000472048597795198,0.0568858627120462
RTN4IP1,"Reticulon-4-interacting protein 1, mitochondrial",Physical measures,"X3144.Heel Broadband ultrasound attenuation, direct entry",25148,-0.0245054941785956,0.00650975357135516,-0.0372646111784517,-0.0117463771787395,0.000167310954458905
RTN4IP1,"Reticulon-4-interacting protein 1, mitochondrial",Physical measures,X3146.Speed of sound through heel,25149,-0.0296622462336322,0.00630657041211209,-0.0420231242413719,-0.0173013682258925,2.57238809816156e-06
RTN4IP1,"Reticulon-4-interacting protein 1, mitochondrial",Physical measures,"X3147.Heel quantitative ultrasound index (QUI), direct entry",25149,-0.0289237254268368,0.00636734263949392,-0.0414037170002448,-0.0164437338534287,5.58463274846634e-06
RTN4IP1,"Reticulon-4-interacting protein 1, mitochondrial",Physical measures,X3148.Heel bone mineral density (BMD),25128,-0.0289937004201598,0.00638129144698528,-0.041501031656251,-0.0164863691840687,5.55728150758553e-06
RTN4IP1,"Reticulon-4-interacting protein 1, mitochondrial",Health and medical history,X3526.Mother's age at death,26595,-0.0138238940628625,0.00609346818675803,-0.0257670917089083,-0.00188069641681678,0.0232981257438637
RTN4IP1,"Reticulon-4-interacting protein 1, mitochondrial",Health and medical history,X3581.Age at menopause (last menstrual period),13828,0.00325317546126066,0.00827934949514115,-0.012974349549216,0.0194807004717373,0.694379862955705
RTN4IP1,"Reticulon-4-interacting protein 1, mitochondrial",Health and medical history,"X3761.Age hay fever, rhinitis or eczema diagnosed",8774,0.00190129136316665,0.0106613422015088,-0.0189949393517905,0.0227975220781238,0.858463950708721
RTN4IP1,"Reticulon-4-interacting protein 1, mitochondrial",Physical measures,X4100.Ankle spacing width (left),14502,-0.00968324872120895,0.0107029230741352,-0.0306609779465139,0.011294480504096,0.365623827965001
RTN4IP1,"Reticulon-4-interacting protein 1, mitochondrial",Physical measures,X4101.Heel broadband ultrasound attenuation (left),14500,-0.0244285069749426,0.00819163368631449,-0.040484109000119,-0.00837290494976623,0.00286727803840015
RTN4IP1,"Reticulon-4-interacting protein 1, mitochondrial",Physical measures,X4103.Speed of sound through heel (left),14502,-0.0210555294851096,0.00794503565252272,-0.0366277993640541,-0.00548325960616504,0.00805436429263142
RTN4IP1,"Reticulon-4-interacting protein 1, mitochondrial",Physical measures,"X4104.Heel quantitative ultrasound index (QUI), direct entry (left)",14502,-0.0229881095121676,0.00802281790758563,-0.0387128326110354,-0.00726338641329973,0.00417159647687526
RTN4IP1,"Reticulon-4-interacting protein 1, mitochondrial",Physical measures,X4105.Heel bone mineral density (BMD) (left),14492,-0.0227169119163552,0.0080291797292909,-0.0384541041857654,-0.00697971964694506,0.004671494275097
RTN4IP1,"Reticulon-4-interacting protein 1, mitochondrial",Physical measures,"X4106.Heel bone mineral density (BMD) T-score, automated (left)",14502,-0.0230008390707706,0.00802284679508707,-0.0387256187891412,-0.00727605935239994,0.00415088704142541
RTN4IP1,"Reticulon-4-interacting protein 1, mitochondrial",Physical measures,X4119.Ankle spacing width (right),14490,0.00133226617080631,0.010554325254357,-0.0193542113277334,0.022018743669346,0.899552090717979
RTN4IP1,"Reticulon-4-interacting protein 1, mitochondrial",Physical measures,X4120.Heel broadband ultrasound attenuation (right),14489,-0.0170881566548343,0.00824553044301934,-0.0332493963231522,-0.000926916986516358,0.0382444644421378
RTN4IP1,"Reticulon-4-interacting protein 1, mitochondrial",Physical measures,X4122.Speed of sound through heel (right),14490,-0.0179823997379879,0.00796229185942966,-0.03358849178247,-0.00237630769350571,0.0239327390549024
RTN4IP1,"Reticulon-4-interacting protein 1, mitochondrial",Physical measures,"X4123.Heel quantitative ultrasound index (QUI), direct entry (right)",14490,-0.018322075781537,0.00805217326669942,-0.0341043353842679,-0.00253981617880612,0.0228952989992393
RTN4IP1,"Reticulon-4-interacting protein 1, mitochondrial",Physical measures,X4124.Heel bone mineral density (BMD) (right),14478,-0.0166186565208181,0.0080582902083797,-0.0324129053292423,-0.000824407712393897,0.039196472954936
RTN4IP1,"Reticulon-4-interacting protein 1, mitochondrial",Physical measures,"X4125.Heel bone mineral density (BMD) T-score, automated (right)",14490,-0.0183217584234518,0.00805219848999636,-0.0341040674638447,-0.00253944938305896,0.0228980891030773
RTN4IP1,"Reticulon-4-interacting protein 1, mitochondrial",Physical measures,X4194.Pulse rate,15078,0.0575876257483629,0.00766793029417842,0.0425584823717732,0.0726167691249526,6.23490940121727e-14
RTN4IP1,"Reticulon-4-interacting protein 1, mitochondrial",Physical measures,X4195.Pulse wave reflection index,15078,-0.0185166725575422,0.00782825579200679,-0.0338600539098756,-0.00317329120520894,0.0180249634601148
RTN4IP1,"Reticulon-4-interacting protein 1, mitochondrial",Physical measures,X4196.Pulse wave peak to peak time,15068,-0.0201658248804074,0.00780034082845231,-0.0354544929041739,-0.00487715685664089,0.0097401763998484
RTN4IP1,"Reticulon-4-interacting protein 1, mitochondrial",Physical measures,X4198.Position of the pulse wave peak,15078,0.0206305286995233,0.00786276982787792,0.00521949983688256,0.036041557562164,0.00870362150721932
RTN4IP1,"Reticulon-4-interacting protein 1, mitochondrial",Physical measures,X4199.Position of pulse wave notch,15078,0.0384895691804259,0.00762956322881559,0.0235356252519474,0.0534435131089045,4.59294712303896e-07
RTN4IP1,"Reticulon-4-interacting protein 1, mitochondrial",Physical measures,X4200.Position of the shoulder on the pulse waveform,15078,0.0261260816508947,0.00789771782186166,0.0106465547200459,0.0416056085817436,0.000941666107929634
RTN4IP1,"Reticulon-4-interacting protein 1, mitochondrial",Physical measures,X4269.Number of triplets attempted (left),14787,-0.0763347319149005,0.0516659555459016,-0.177600004784868,0.0249305409550666,0.139571899922409
RTN4IP1,"Reticulon-4-interacting protein 1, mitochondrial",Physical measures,X4270.Volume level set by participant (left),14629,-0.0104342949998139,0.0164776970906813,-0.0427305812975494,0.0218619912979215,0.526588499222374
RTN4IP1,"Reticulon-4-interacting protein 1, mitochondrial",Physical measures,X4276.Number of triplets attempted (right),14791,-0.152674449151437,0.0501905293686034,-0.2510478867139,-0.0543010115889743,0.00235504539398554
RTN4IP1,"Reticulon-4-interacting protein 1, mitochondrial",Physical measures,X4277.Volume level set by participant (right),14618,0.0197678441940772,0.0163581773384439,-0.0122941833892729,0.0518298717774272,0.226898375430172
RTN4IP1,"Reticulon-4-interacting protein 1, mitochondrial",Cognitive function,X4288.Time to answer,15107,0.0364169187611327,0.00893638900613084,0.0189015963091163,0.0539322412131491,4.62245764836439e-05
RTN4IP1,"Reticulon-4-interacting protein 1, mitochondrial",Cognitive function,X4290.Duration screen displayed,15107,0.0191774854049867,0.00802989788229112,0.00343888555569608,0.0349160852542773,0.0169405703524966
RTN4IP1,"Reticulon-4-interacting protein 1, mitochondrial",Physical measures,X46.Hand grip strength (left),44454,-0.0332175600055472,0.00655532421101131,-0.0460659954591293,-0.020369124551965,4.05188204132943e-07
RTN4IP1,"Reticulon-4-interacting protein 1, mitochondrial",Physical measures,X47.Hand grip strength (right),44455,-0.0304960892735108,0.00650887466824789,-0.0432534836232767,-0.0177386949237449,2.80364471170717e-06
RTN4IP1,"Reticulon-4-interacting protein 1, mitochondrial",Physical measures,X48.Waist circumference,44585,0.07647214,0.01011245,0.05665173,0.09629255,4.039724e-14
RTN4IP1,"Reticulon-4-interacting protein 1, mitochondrial",Health and medical history,X4803.Tinnitus,14820,0.00392099032872031,0.0194310330908446,-0.0341638345293351,0.0420058151867757,0.840083585418738
RTN4IP1,"Reticulon-4-interacting protein 1, mitochondrial",Working and living environment,X4825.Noisy workplace,15025,0.0711290380021285,0.0217141575071392,0.0285692892881357,0.113688786716121,0.00105639932143435
RTN4IP1,"Reticulon-4-interacting protein 1, mitochondrial",Working and living environment,X4836.Loud music exposure frequency,14928,0.0380786474163633,0.0276687622532257,-0.0161521265999592,0.0923094214326857,0.168770356016045
RTN4IP1,"Reticulon-4-interacting protein 1, mitochondrial",Physical measures,X49.Hip circumference,44576,-0.0362163626118104,0.00809714189160247,-0.0520867607193512,-0.0203459645042695,7.74163828589029e-06
RTN4IP1,"Reticulon-4-interacting protein 1, mitochondrial",Physical measures,X50.Standing height,44538,-0.051059258592523,0.00642860786293313,-0.0636593300038719,-0.0384591871811741,2.02751599030147e-15
RTN4IP1,"Reticulon-4-interacting protein 1, mitochondrial",Health and medical history,X5057.Number of older siblings,13286,0.0330732206307679,0.0174688773918495,-0.00116577905725706,0.0673122203187929,0.058344321385424
RTN4IP1,"Reticulon-4-interacting protein 1, mitochondrial",Physical measures,X51.Seated height,44345,-0.041701334527225,0.00597775984038873,-0.0534177438143869,-0.0299849252400631,3.07774051988007e-12
RTN4IP1,"Reticulon-4-interacting protein 1, mitochondrial",Eye measures,X5181.Ever had eye surgery,10210,-0.0186993582789584,0.0404388468028872,-0.0979594980126173,0.0605607814547005,0.643796646744657
RTN4IP1,"Reticulon-4-interacting protein 1, mitochondrial",Eye measures,X5186.Duration visual-acuity screen displayed (right),10186,0.0120029272359718,0.00928695437200019,-0.00619950333314857,0.0302053578050922,0.19623059493146
RTN4IP1,"Reticulon-4-interacting protein 1, mitochondrial",Eye measures,X5188.Duration visual-acuity screen displayed (left),10184,0.0240891673289836,0.00939132825215052,0.00568216395476855,0.0424961707031986,0.0103304948168133
RTN4IP1,"Reticulon-4-interacting protein 1, mitochondrial",Eye measures,X5190.Duration at which refractometer first shown (right),10070,0.0171076346337526,0.00943648057665605,-0.00138786729649324,0.0356031365639985,0.0698731426797817
RTN4IP1,"Reticulon-4-interacting protein 1, mitochondrial",Eye measures,X5193.Duration at which refractometer first shown (left),10067,0.019852442744927,0.00951032826785988,0.0012121993399216,0.0384926861499323,0.0368715682473798
RTN4IP1,"Reticulon-4-interacting protein 1, mitochondrial",Eye measures,"X5199.logMAR, initial (right)",10147,0.0389849789125117,0.0207336520365501,-0.00165297907912652,0.0796229369041499,0.0600991974265597
RTN4IP1,"Reticulon-4-interacting protein 1, mitochondrial",Eye measures,X5200.Final number of letters displayed (right),10147,-0.0402658091120648,0.1408955795072,-0.316421144946177,0.235889526722047,0.775048825543134
RTN4IP1,"Reticulon-4-interacting protein 1, mitochondrial",Eye measures,"X5201.logMAR, final (right)",10047,0.0162902337652499,0.00944925874706485,-0.00223031337899717,0.0348107809094971,0.0847441563037447
RTN4IP1,"Reticulon-4-interacting protein 1, mitochondrial",Eye measures,X5202.Number of rounds to result (right),10147,0.0222582715078211,0.0196198073968375,-0.0161965509899805,0.0607130940056227,0.256620286097175
RTN4IP1,"Reticulon-4-interacting protein 1, mitochondrial",Eye measures,"X5206.logMAR, initial (left)",10142,0.0372262857389537,0.0207047526323827,-0.00335502942051629,0.0778076008984237,0.0722133601380186
RTN4IP1,"Reticulon-4-interacting protein 1, mitochondrial",Eye measures,X5207.Final number of letters displayed (left),10142,0.122338397888265,0.131647720258429,-0.135691133818256,0.380367929594786,0.352762983111952
RTN4IP1,"Reticulon-4-interacting protein 1, mitochondrial",Eye measures,"X5208.logMAR, final (left)",10049,0.0130529861444818,0.00945659689603638,-0.00548194377174951,0.0315879160607131,0.167523562020313
RTN4IP1,"Reticulon-4-interacting protein 1, mitochondrial",Eye measures,X5209.Number of rounds to result (left),10136,0.032011250489315,0.0195748830390794,-0.00635552026728058,0.0703780212459106,0.102012545910982
RTN4IP1,"Reticulon-4-interacting protein 1, mitochondrial",Eye measures,"X5254.Intra-ocular pressure, corneal-compensated (right)",9716,0.00867791359098017,0.00934712462919319,-0.00964245068223848,0.0269982778641988,0.353220824729234
RTN4IP1,"Reticulon-4-interacting protein 1, mitochondrial",Eye measures,"X5255.Intra-ocular pressure, Goldmann-correlated (right)",9716,0.0243072266229248,0.00929941655026927,0.00608037018439707,0.0425340830614526,0.00896681068718392
RTN4IP1,"Reticulon-4-interacting protein 1, mitochondrial",Eye measures,X5256.Corneal hysteresis (right),9716,0.020774558635832,0.00940728055367166,0.00233628875063556,0.0392128285210284,0.0272432503592192
RTN4IP1,"Reticulon-4-interacting protein 1, mitochondrial",Eye measures,X5257.Corneal resistance factor (right),9716,0.0284222411818954,0.00934384820959214,0.0101082986910948,0.046736183672696,0.00235785978793677
RTN4IP1,"Reticulon-4-interacting protein 1, mitochondrial",Eye measures,"X5262.Intra-ocular pressure, corneal-compensated (left)",9685,0.0160476328583814,0.0094020211009027,-0.00238032849938787,0.0344755942161507,0.087886128521906
RTN4IP1,"Reticulon-4-interacting protein 1, mitochondrial",Eye measures,"X5263.Intra-ocular pressure, Goldmann-correlated (left)",9685,0.0182584731204882,0.00931262359795118,5.73086850387539e-06,0.0365112153724725,0.0499525680806093
RTN4IP1,"Reticulon-4-interacting protein 1, mitochondrial",Eye measures,X5264.Corneal hysteresis (left),9685,0.00730598391841181,0.0094816727520722,-0.0112780946756497,0.0258900625124733,0.440999973227626
RTN4IP1,"Reticulon-4-interacting protein 1, mitochondrial",Eye measures,X5265.Corneal resistance factor (left),9685,0.0153269018302499,0.00939338875831169,-0.00308414013604096,0.0337379437965408,0.102781779991617
RTN4IP1,"Reticulon-4-interacting protein 1, mitochondrial",Lifestyle factors,X5364.Average weekly intake of other alcoholic drinks,10091,0.148935936380246,0.0921610308405688,-0.0316996840672687,0.329571556827761,0.106116915426884
RTN4IP1,"Reticulon-4-interacting protein 1, mitochondrial",Diet and food preferences,"X6144#1.Never eat eggs, dairy, wheat, sugar_Eggs or foods containing eggs",44459,0.0168140511375976,0.02599247574225,-0.0341312013172124,0.0677593035924076,0.517711994491425
RTN4IP1,"Reticulon-4-interacting protein 1, mitochondrial",Diet and food preferences,"X6144#2.Never eat eggs, dairy, wheat, sugar_Dairy products",44459,-0.00130838676844472,0.0282373070761426,-0.0566535086376843,0.0540367351007948,0.963043136886014
RTN4IP1,"Reticulon-4-interacting protein 1, mitochondrial",Diet and food preferences,"X6144#3.Never eat eggs, dairy, wheat, sugar_Wheat products",44459,-0.0171006141347401,0.0271097212115432,-0.0702356677093648,0.0360344394398846,0.528179323177912
RTN4IP1,"Reticulon-4-interacting protein 1, mitochondrial",Diet and food preferences,"X6144#4.Never eat eggs, dairy, wheat, sugar_Sugar or foods or drinks containing sugar",44459,-0.0539363028000798,0.0115916474816559,-0.0766559318641254,-0.0312166737360342,3.28031818336088e-06
RTN4IP1,"Reticulon-4-interacting protein 1, mitochondrial",Diet and food preferences,"X6144#5.Never eat eggs, dairy, wheat, sugar_I eat all of the above",44459,0.0359406081811361,0.0106702265145668,0.0150269642125852,0.0568542521496871,0.000756952706699551
RTN4IP1,"Reticulon-4-interacting protein 1, mitochondrial",Mental health,"X6145#3.Illness, injury, bereavement, stress in last 2 years_Death of a close relative",20065,-0.00536964383693279,0.0135645835472782,-0.031956227589598,0.0212169399157324,0.692214274513811
RTN4IP1,"Reticulon-4-interacting protein 1, mitochondrial",Mental health,"X6145#4.Illness, injury, bereavement, stress in last 2 years_Death of a spouse or partner",20065,-0.0105932056388705,0.0364600074071995,-0.0820548201569815,0.0608684088792405,0.771403744589351
RTN4IP1,"Reticulon-4-interacting protein 1, mitochondrial",Mental health,"X6145#5.Illness, injury, bereavement, stress in last 2 years_Marital separation or divorce",20065,-0.0155082120570611,0.0263058004677445,-0.0670675809738403,0.0360511568597181,0.555508522667413
RTN4IP1,"Reticulon-4-interacting protein 1, mitochondrial",Mental health,"X6145#6.Illness, injury, bereavement, stress in last 2 years_Financial difficulties",20065,0.0226335053651566,0.0160574834160457,-0.00883916213029297,0.0541061728606061,0.158694004329737
RTN4IP1,"Reticulon-4-interacting protein 1, mitochondrial",Eye measures,X6147#1.Reason for glasses or contact lenses_For short-sightedness,44589,0.0525027591392709,0.0178390119981528,0.0175382956228913,0.0874672226556505,0.00325065958927718
RTN4IP1,"Reticulon-4-interacting protein 1, mitochondrial",Eye measures,X6147#2.Reason for glasses or contact lenses_For long-sightedness,44589,-0.000961124938737079,0.0227865077629001,-0.0456226801540213,0.0437004302765472,0.966355743376267
RTN4IP1,"Reticulon-4-interacting protein 1, mitochondrial",Eye measures,X6147#3.Reason for glasses or contact lenses_For just reading or near work as you are getting older (called 'presbyopia'),44589,0.0409529031805327,0.0176481317410102,0.00636256496815279,0.0755432413929126,0.0203170689282091
RTN4IP1,"Reticulon-4-interacting protein 1, mitochondrial",Eye measures,X6147#4.Reason for glasses or contact lenses_For 'astigmatism',44589,-0.0418072340585119,0.0287460690768991,-0.0981495294492341,0.0145350613322103,0.145852590790799
RTN4IP1,"Reticulon-4-interacting protein 1, mitochondrial",Eye measures,X6147#5.Reason for glasses or contact lenses_For a 'squint' or 'turn' in an eye since childhood (called 'strabismus'),44589,0.0514433318004104,0.0706612372584389,-0.0870526932261298,0.189939356826951,0.466600508249166
RTN4IP1,"Reticulon-4-interacting protein 1, mitochondrial",Eye measures,X6147#6.Reason for glasses or contact lenses_For a 'lazy' eye or an eye with poor vision since childhood (called 'amblyopia'),44589,0.0640909222448701,0.0488362637912833,-0.0316281547860453,0.159809999275785,0.189404327648523
RTN4IP1,"Reticulon-4-interacting protein 1, mitochondrial",Eye measures,X6147#7.Reason for glasses or contact lenses_Other eye condition,44589,0.230371205311335,0.076323896954943,0.080776367279647,0.379966043343024,0.00254310077172684
RTN4IP1,"Reticulon-4-interacting protein 1, mitochondrial",Health and medical history,X6149#1.Mouth or teeth dental problems_Mouth ulcers,44458,0.00290160876134066,0.0148646789833232,-0.0262331620459728,0.0320363795686541,0.845236037788141
RTN4IP1,"Reticulon-4-interacting protein 1, mitochondrial",Health and medical history,X6149#2.Mouth or teeth dental problems_Painful gums,44458,0.0437802117157085,0.0253400752108127,-0.00588633569748439,0.0934467591289014,0.0840478110334956
RTN4IP1,"Reticulon-4-interacting protein 1, mitochondrial",Health and medical history,X6149#3.Mouth or teeth dental problems_Bleeding gums,44458,0.0314700260637298,0.0133310783782381,0.00534111244238311,0.0575989396850766,0.0182471733903765
RTN4IP1,"Reticulon-4-interacting protein 1, mitochondrial",Health and medical history,X6149#4.Mouth or teeth dental problems_Loose teeth,44458,0.0813449922170662,0.0221906664739019,0.0378512859282185,0.124838698505914,0.000246921065471943
RTN4IP1,"Reticulon-4-interacting protein 1, mitochondrial",Health and medical history,X6149#5.Mouth or teeth dental problems_Toothache,44458,0.0169817836781559,0.0221073462289131,-0.0263486149305138,0.0603121822868255,0.442401466085423
RTN4IP1,"Reticulon-4-interacting protein 1, mitochondrial",Health and medical history,X6149#6.Mouth or teeth dental problems_Dentures,44458,0.0493753529984721,0.0124212263387373,0.0250297493745469,0.0737209566223972,7.04670905160763e-05
RTN4IP1,"Reticulon-4-interacting protein 1, mitochondrial",Health and medical history,X6150#1.Vascular or heart problems diagnosed by doctor_Heart attack,13730,-0.106218384053998,0.0303425224747036,-0.165689728104417,-0.0467470400035794,0.000465608802483744
RTN4IP1,"Reticulon-4-interacting protein 1, mitochondrial",Health and medical history,X6150#2.Vascular or heart problems diagnosed by doctor_Angina,13730,-0.0706181212168137,0.0260771587882993,-0.12172935244188,-0.019506889991747,0.00677647398211067
RTN4IP1,"Reticulon-4-interacting protein 1, mitochondrial",Health and medical history,X6150#3.Vascular or heart problems diagnosed by doctor_Stroke,13730,0.0690866958286678,0.035875761550265,-0.00122979680985162,0.139403188467187,0.0541599077703831
RTN4IP1,"Reticulon-4-interacting protein 1, mitochondrial",Health and medical history,X6150#4.Vascular or heart problems diagnosed by doctor_High blood pressure,13730,0.0449763627211325,0.0285019331791092,-0.0108874263099215,0.100840151752187,0.114586154557071
RTN4IP1,"Reticulon-4-interacting protein 1, mitochondrial",Health and medical history,X6151#1.Fractured bone site(s)_Ankle,44406,0.0271368513797572,0.0375164702584464,-0.0463954303267977,0.100669133086312,0.469479946440831
RTN4IP1,"Reticulon-4-interacting protein 1, mitochondrial",Health and medical history,X6151#2.Fractured bone site(s)_Leg,44406,0.0436416773699389,0.0566388371901648,-0.0673704435227841,0.154653798262662,0.440992240791124
RTN4IP1,"Reticulon-4-interacting protein 1, mitochondrial",Health and medical history,X6151#3.Fractured bone site(s)_Hip,44406,-0.0211966447064551,0.0989878661425533,-0.215212862345859,0.172819572932949,0.830443727364984
RTN4IP1,"Reticulon-4-interacting protein 1, mitochondrial",Health and medical history,X6151#4.Fractured bone site(s)_Spine,44406,-0.025845711491992,0.0949072842983062,-0.211863988716672,0.160172565732688,0.785372710737507
RTN4IP1,"Reticulon-4-interacting protein 1, mitochondrial",Health and medical history,X6151#5.Fractured bone site(s)_Wrist,44406,0.0129793548644412,0.0328114338076764,-0.0513310553986046,0.077289765127487,0.692421114945117
RTN4IP1,"Reticulon-4-interacting protein 1, mitochondrial",Health and medical history,X6151#6.Fractured bone site(s)_Arm,44406,0.0862007033209823,0.0436518377455698,0.000643101339665469,0.171758305302299,0.0483046978024896
RTN4IP1,"Reticulon-4-interacting protein 1, mitochondrial",Health and medical history,X6151#7.Fractured bone site(s)_Other bones,44406,0.041980950601602,0.0201613481187841,0.00246470828878523,0.0814971929144188,0.0373254274844322
RTN4IP1,"Reticulon-4-interacting protein 1, mitochondrial",Health and medical history,"X6152#5.Blood clot, DVT, bronchitis, emphysema, asthma, rhinitis, eczema, allergy diagnosed by doctor_Blood clot in the leg (DVT)",14428,0.0146760802012534,0.0325289986214022,-0.0490807570966948,0.0784329174992016,0.651874439688666
RTN4IP1,"Reticulon-4-interacting protein 1, mitochondrial",Health and medical history,"X6152#6.Blood clot, DVT, bronchitis, emphysema, asthma, rhinitis, eczema, allergy diagnosed by doctor_Emphysema or chronic bronchitis",14428,0.0171673315513757,0.0344714272556998,-0.0503966658697958,0.0847313289725472,0.618480174057948
RTN4IP1,"Reticulon-4-interacting protein 1, mitochondrial",Health and medical history,"X6152#7.Blood clot, DVT, bronchitis, emphysema, asthma, rhinitis, eczema, allergy diagnosed by doctor_Blood clot in the lung",14428,-0.0288440354484906,0.0473033159920205,-0.121558534792851,0.0638704638958696,0.542025295208707
RTN4IP1,"Reticulon-4-interacting protein 1, mitochondrial",Health and medical history,"X6152#8.Blood clot, DVT, bronchitis, emphysema, asthma, rhinitis, eczema, allergy diagnosed by doctor_Asthma",14428,0.0511914856296814,0.0166357611299754,0.0185853938149296,0.0837975774444332,0.00209350273108248
RTN4IP1,"Reticulon-4-interacting protein 1, mitochondrial",Health and medical history,"X6154#1.Medication for pain relief, constipation, heartburn_Aspirin",20186,-0.0334076574280597,0.0155175204465817,-0.0638219975033599,-0.00299331735275953,0.0313384203866421
RTN4IP1,"Reticulon-4-interacting protein 1, mitochondrial",Health and medical history,"X6154#2.Medication for pain relief, constipation, heartburn_Ibuprofen",20186,-0.0233173747954727,0.015088384888802,-0.0528906091775247,0.00625585958657924,0.122268675325544
RTN4IP1,"Reticulon-4-interacting protein 1, mitochondrial",Health and medical history,"X6154#3.Medication for pain relief, constipation, heartburn_Paracetamol",20186,0.0368309919524832,0.0138286166387534,0.00972690334052653,0.0639350805644399,0.00774192564988976
RTN4IP1,"Reticulon-4-interacting protein 1, mitochondrial",Health and medical history,"X6154#4.Medication for pain relief, constipation, heartburn_Ranitidine",20187,0.0234624644213408,0.0326143154952306,-0.0404615939493112,0.0873865227919928,0.471908008013128
RTN4IP1,"Reticulon-4-interacting protein 1, mitochondrial",Health and medical history,"X6154#5.Medication for pain relief, constipation, heartburn_Omeprazole",20187,0.0524061480146139,0.0195035630910549,0.0141791643561461,0.0906331316730816,0.00721552257476265
RTN4IP1,"Reticulon-4-interacting protein 1, mitochondrial",Health and medical history,"X6154#6.Medication for pain relief, constipation, heartburn_Laxatives",20187,-6.5599259386087e-05,0.0266018064865931,-0.0522051399731085,0.0520739414543363,0.998032466907905
RTN4IP1,"Reticulon-4-interacting protein 1, mitochondrial",Health and medical history,X6155#1.Vitamin and mineral supplements_Vitamin A,44458,-0.00398176073415585,0.0309524037947932,-0.0646484721719505,0.0566849507036388,0.897641983555615
RTN4IP1,"Reticulon-4-interacting protein 1, mitochondrial",Health and medical history,X6155#2.Vitamin and mineral supplements_Vitamin B,44458,0.0120366079595017,0.0217114591228761,-0.0305178519213354,0.0545910678403389,0.579315005700464
RTN4IP1,"Reticulon-4-interacting protein 1, mitochondrial",Health and medical history,X6155#3.Vitamin and mineral supplements_Vitamin C,44458,-0.0109692350777213,0.062662717798185,-0.133788161962164,0.111849691806721,0.861039559108591
RTN4IP1,"Reticulon-4-interacting protein 1, mitochondrial",Health and medical history,X6155#4.Vitamin and mineral supplements_Vitamin D,44458,-0.0190455984248116,0.0223269969169076,-0.0628065123819504,0.0247153155323272,0.393647258833024
RTN4IP1,"Reticulon-4-interacting protein 1, mitochondrial",Health and medical history,X6155#5.Vitamin and mineral supplements_Vitamin E,44458,0.0117455595601466,0.0253714895447866,-0.0379825599476352,0.0614736790679283,0.643407319536457
RTN4IP1,"Reticulon-4-interacting protein 1, mitochondrial",Health and medical history,X6155#6.Vitamin and mineral supplements_Folic acid or Folate (Vit B9),44458,-0.00740414406908297,0.0293497416777032,-0.0649296377573813,0.0501213496192153,0.800831310048679
RTN4IP1,"Reticulon-4-interacting protein 1, mitochondrial",Health and medical history,X6155#7.Vitamin and mineral supplements_Multivitamins + or - minerals,44458,-0.000257108441564858,0.00967234514875574,-0.0192149049331261,0.0187006880499964,0.978793400948799
RTN4IP1,"Reticulon-4-interacting protein 1, mitochondrial",Lifestyle factors,X6157#1.Why stopped smoking_Illness or ill health,8678,0.0157042606096681,0.027837224247635,-0.0388566989156965,0.0702652201350328,0.572669330873923
RTN4IP1,"Reticulon-4-interacting protein 1, mitochondrial",Lifestyle factors,X6157#2.Why stopped smoking_Doctor's advice,8678,0.0172499795527238,0.0349952588470015,-0.0513407277873992,0.0858406868928469,0.622079253519264
RTN4IP1,"Reticulon-4-interacting protein 1, mitochondrial",Lifestyle factors,X6157#3.Why stopped smoking_Health precaution,8678,-0.0542673963438237,0.0247805475189762,-0.102837269481017,-0.00569752320663042,0.0285566671182834
RTN4IP1,"Reticulon-4-interacting protein 1, mitochondrial",Lifestyle factors,X6157#4.Why stopped smoking_Financial reasons,8678,0.0179681734174448,0.0221763190667942,-0.0254974119534718,0.0614337587883614,0.417823659439933
RTN4IP1,"Reticulon-4-interacting protein 1, mitochondrial",Health and medical history,X6159#1.Pain type(s) experienced in last month_Headache,44653,0.034172616724737,0.0113099416181509,0.0120051311531612,0.0563401022963128,0.00251695399382272
RTN4IP1,"Reticulon-4-interacting protein 1, mitochondrial",Health and medical history,X6159#2.Pain type(s) experienced in last month_Facial pain,44653,0.114202852472924,0.0327168984553018,0.0500777315005329,0.178327973445316,0.000482333460186794
RTN4IP1,"Reticulon-4-interacting protein 1, mitochondrial",Health and medical history,X6159#3.Pain type(s) experienced in last month_Neck or shoulder pain,44653,0.00920552477416912,0.0105980681549569,-0.0115666888095464,0.0299777383578846,0.385068415949022
RTN4IP1,"Reticulon-4-interacting protein 1, mitochondrial",Health and medical history,X6159#4.Pain type(s) experienced in last month_Back pain,44653,-0.00586278191758896,0.0102619765950768,-0.0259762560439395,0.0142506922087616,0.567791603497578
RTN4IP1,"Reticulon-4-interacting protein 1, mitochondrial",Health and medical history,X6159#5.Pain type(s) experienced in last month_Stomach or abdominal pain,44653,0.0465473464420713,0.0158985751209068,0.015386139205094,0.0777085536790486,0.0034157655542233
RTN4IP1,"Reticulon-4-interacting protein 1, mitochondrial",Health and medical history,X6159#6.Pain type(s) experienced in last month_Hip pain,44653,-0.0030666159442581,0.0141218872802313,-0.0307455150135115,0.0246122831249953,0.828089786053385
RTN4IP1,"Reticulon-4-interacting protein 1, mitochondrial",Health and medical history,X6159#7.Pain type(s) experienced in last month_Knee pain,44653,-0.00181368488000692,0.0110236716248807,-0.023420081264773,0.0197927115047592,0.869317519746075
RTN4IP1,"Reticulon-4-interacting protein 1, mitochondrial",Health and medical history,X6159#8.Pain type(s) experienced in last month_Pain all over the body,44653,0.0840921561264302,0.0322858179783382,0.0208119528888873,0.147372359363973,0.00920077760248383
RTN4IP1,"Reticulon-4-interacting protein 1, mitochondrial",Lifestyle factors,X6160#1.Leisure or social activities_Sports club or gym,30917,-0.0702313777622728,0.0111311963258978,-0.0920485225610325,-0.0484142329635131,2.83877049209371e-10
RTN4IP1,"Reticulon-4-interacting protein 1, mitochondrial",Lifestyle factors,X6160#2.Leisure or social activities_Pub or social club,30917,0.00442276942069911,0.011639066613538,-0.0183898011418354,0.0272353399832336,0.703952866776869
RTN4IP1,"Reticulon-4-interacting protein 1, mitochondrial",Lifestyle factors,X6160#3.Leisure or social activities_Religious group,30917,0.022715407540062,0.0131093494037324,-0.00297891729125354,0.0484097323713776,0.0831476160662011
RTN4IP1,"Reticulon-4-interacting protein 1, mitochondrial",Lifestyle factors,X6160#4.Leisure or social activities_Adult education class,30918,-0.0352355259759484,0.0178767718752424,-0.0702739988514235,-0.000197053100473306,0.048730170241922
RTN4IP1,"Reticulon-4-interacting protein 1, mitochondrial",Lifestyle factors,X6160#5.Leisure or social activities_Other group activity,30918,0.0133505715362261,0.0117733584009901,-0.00972521092971454,0.0364263540021667,0.256818197585325
RTN4IP1,"Reticulon-4-interacting protein 1, mitochondrial",Physical activities,X6162#1.Types of transport used (excluding work)_Car or motor vehicle,44255,0.00238489905953855,0.0113867152861858,-0.0199330629013856,0.0247028610204627,0.834101250043796
RTN4IP1,"Reticulon-4-interacting protein 1, mitochondrial",Physical activities,X6162#2.Types of transport used (excluding work)_Walk,44255,-0.0116673270755755,0.00908936839063028,-0.0294824891212108,0.00614783497005988,0.199280438091318
RTN4IP1,"Reticulon-4-interacting protein 1, mitochondrial",Physical activities,X6162#3.Types of transport used (excluding work)_Public transport,44255,0.00896130708877599,0.0100716072078915,-0.0107790430386913,0.0287016572162433,0.373599934531042
RTN4IP1,"Reticulon-4-interacting protein 1, mitochondrial",Physical activities,X6162#4.Types of transport used (excluding work)_Cycle,44255,-0.0256580261217067,0.0182828913651179,-0.0614924931973378,0.0101764409539244,0.160507604709955
RTN4IP1,"Reticulon-4-interacting protein 1, mitochondrial",Physical activities,X6164#1.Types of physical activity in last 4 weeks_Walking for pleasure (not as a means of transport),44285,-0.013941647811455,0.0100329496138487,-0.0336062290545985,0.00572293343168856,0.164661572312767
RTN4IP1,"Reticulon-4-interacting protein 1, mitochondrial",Physical activities,X6164#3.Types of physical activity in last 4 weeks_Strenuous sports,44285,-0.0592602377350495,0.015739620944692,-0.0901098947866458,-0.0284105806834533,0.000166740288482702
RTN4IP1,"Reticulon-4-interacting protein 1, mitochondrial",Health and medical history,X6179#1.Mineral and other dietary supplements_Fish oil (including cod liver oil),44458,-0.0189613091898261,0.00988491853023038,-0.0383357495090777,0.000413131129425402,0.0550913064187402
RTN4IP1,"Reticulon-4-interacting protein 1, mitochondrial",Health and medical history,X6179#2.Mineral and other dietary supplements_Glucosamine,44458,-0.0247906962554727,0.0117010658086689,-0.0477247852404637,-0.00185660727048172,0.0341239035631337
RTN4IP1,"Reticulon-4-interacting protein 1, mitochondrial",Health and medical history,X6179#3.Mineral and other dietary supplements_Calcium,44458,-0.0126045008861692,0.0175717607846208,-0.0470451520240259,0.0218361502516875,0.473183056789038
RTN4IP1,"Reticulon-4-interacting protein 1, mitochondrial",Health and medical history,X6179#4.Mineral and other dietary supplements_Zinc,44458,0.0108635229672609,0.0225932952111657,-0.0334193356466239,0.0551463815811458,0.630640044933074
RTN4IP1,"Reticulon-4-interacting protein 1, mitochondrial",Health and medical history,X6179#5.Mineral and other dietary supplements_Iron,44458,0.00315287810097627,0.0243788722397916,-0.0446297114890153,0.0509354676909679,0.897098464600177
RTN4IP1,"Reticulon-4-interacting protein 1, mitochondrial",Health and medical history,X6179#6.Mineral and other dietary supplements_Selenium,44458,0.0162701610294373,0.0290299472558338,-0.040628535591997,0.0731688576508716,0.575167676892375
RTN4IP1,"Reticulon-4-interacting protein 1, mitochondrial",Physical measures,"X78.Heel bone mineral density (BMD) T-score, automated",25149,-0.0289290783660905,0.00636734038208056,-0.0414090655149684,-0.0164490912172126,5.56237268712966e-06
RTN4IP1,"Reticulon-4-interacting protein 1, mitochondrial",Physical activities,X864.Number of days or week walked 10+ minutes,43704,-0.0170230057152644,0.00930619299430622,-0.0352631439841046,0.00121713255357579,0.0673745748371805
RTN4IP1,"Reticulon-4-interacting protein 1, mitochondrial",Physical activities,X874.Duration of walks,37834,-0.00539748614767753,0.00486134588229588,-0.0149257240769775,0.00413075178162239,0.266882696962017
RTN4IP1,"Reticulon-4-interacting protein 1, mitochondrial",Physical activities,X884.Number of days or week of moderate physical activity 10+ minutes,42221,-0.01473068828215,0.00899702015229561,-0.0323648477806494,0.00290347121634941,0.101578339878384
RTN4IP1,"Reticulon-4-interacting protein 1, mitochondrial",Physical activities,X894.Duration of moderate activity,32714,0.00452428503626374,0.0109149149424742,-0.0168689482509858,0.0259175183235132,0.67850714465219
RTN4IP1,"Reticulon-4-interacting protein 1, mitochondrial",Physical activities,X90087.No-wear time bias adjusted average acceleration,9123,-0.0172067471748238,0.0106452208685988,-0.0380713800772774,0.00365788572762972,0.106046299972893
RTN4IP1,"Reticulon-4-interacting protein 1, mitochondrial",Physical activities,X904.Number of days or week of vigorous physical activity 10+ minutes,42178,-0.0399878842438549,0.00924941082905392,-0.0581167294688006,-0.0218590390189092,1.54071737294579e-05
RTN4IP1,"Reticulon-4-interacting protein 1, mitochondrial",Physical activities,X914.Duration of vigorous activity,23585,-0.00766416604430187,0.00616245898123863,-0.0197425856475296,0.00441425355892585,0.21362739468854
