Protein,Protein_definition,Trait_category,Trait,sample_size,Estimated_effect,se,lowerCI,upperCI,Pvalue
FABP1,"Fatty acid-binding protein, liver",Lifestyle factors,X1050.Time spend outdoors in summer,50252,-0.00653290856805559,0.0128212477375587,-0.0316625541336707,0.0185967369975595,0.610380601261756
FABP1,"Fatty acid-binding protein, liver",Lifestyle factors,X1060.Time spent outdoors in winter,48052,-0.0080900213566197,0.0142612112458378,-0.0360419953984617,0.0198619526852223,0.570534251501984
FABP1,"Fatty acid-binding protein, liver",Physical activities,X1070.Time spent watching television (TV),51055,0.0631584674664557,0.0126836040143915,0.0382986035982482,0.0880183313346631,6.42091415641799e-07
FABP1,"Fatty acid-binding protein, liver",Physical activities,X1080.Time spent using computer,48087,-0.0128820736654283,0.0126596258824367,-0.0376949403950042,0.0119307930641475,0.308894302195529
FABP1,"Fatty acid-binding protein, liver",Physical activities,X1090.Time spent driving,45370,-0.0628167514120809,0.0138616808963635,-0.0899856459689533,-0.0356478568552085,5.89196441325039e-06
FABP1,"Fatty acid-binding protein, liver",Lifestyle factors,X1160.Sleep duration,52125,0.00513812059193044,0.0116287027112251,-0.0176541367220707,0.0279303779059316,0.65860316631174
FABP1,"Fatty acid-binding protein, liver",Health and medical history,X120039#0.Location of pain during the past week_None of the given areas,36016,0.00607211655646709,0.0387125256819514,-0.0698044337801576,0.0819486668930918,0.875366177504532
FABP1,"Fatty acid-binding protein, liver",Health and medical history,X120039#1.Location of pain during the past week_Left shoulder,36016,-0.0428204804391304,0.0427983295031663,-0.126705206265336,0.0410642453870756,0.317092745295747
FABP1,"Fatty acid-binding protein, liver",Health and medical history,X120039#10.Location of pain during the past week_Upper right leg,36016,0.0534001930141758,0.0453941373530736,-0.0355723161978485,0.1423727022262,0.239485766563701
FABP1,"Fatty acid-binding protein, liver",Health and medical history,X120039#11.Location of pain during the past week_Lower left leg,36016,-0.00606792072599495,0.0468444803819721,-0.0978831022746602,0.0857472608226703,0.896939180168604
FABP1,"Fatty acid-binding protein, liver",Health and medical history,X120039#12.Location of pain during the past week_Lower right leg,36016,0.0693629935042339,0.0477171594904251,-0.0241626390969993,0.162888626105467,0.146091817361746
FABP1,"Fatty acid-binding protein, liver",Health and medical history,X120039#13.Location of pain during the past week_Left jaw pain,36016,0.0979606504615734,0.127167146790726,-0.15128695724825,0.347208258171397,0.441128786024136
FABP1,"Fatty acid-binding protein, liver",Health and medical history,X120039#14.Location of pain during the past week_Right jaw pain,36016,-0.0388072253681363,0.14946284186402,-0.331754395421615,0.254139944685342,0.795145108571141
FABP1,"Fatty acid-binding protein, liver",Health and medical history,X120039#15.Location of pain during the past week_Chest pain,36016,0.159058374728497,0.076071973124364,0.00995730740474376,0.308159442052251,0.0365715875262339
FABP1,"Fatty acid-binding protein, liver",Health and medical history,X120039#16.Location of pain during the past week_Abdomen,36016,0.0839178083779907,0.0579806903147411,-0.0297243446389019,0.197559961394883,0.147843816109013
FABP1,"Fatty acid-binding protein, liver",Health and medical history,X120039#17.Location of pain during the past week_Neck pain,36016,0.010227119767596,0.0391760224680991,-0.0665578842698784,0.0870121238050703,0.794056885179332
FABP1,"Fatty acid-binding protein, liver",Health and medical history,X120039#18.Location of pain during the past week_Upper back,36016,-0.0555334889141257,0.0611400241887501,-0.175367936324076,0.0643009584958245,0.363749214808342
FABP1,"Fatty acid-binding protein, liver",Health and medical history,X120039#19.Location of pain during the past week_Lower back,36016,0.00393489354838867,0.0291554258557035,-0.0532097411287902,0.0610795282255675,0.892645067407144
FABP1,"Fatty acid-binding protein, liver",Health and medical history,X120039#2.Location of pain during the past week_Right shoulder,36016,-0.0627967127531007,0.0398996069025708,-0.140999942282139,0.0154065167759379,0.115560636954214
FABP1,"Fatty acid-binding protein, liver",Health and medical history,X120039#3.Location of pain during the past week_Upper left arm,36016,-0.0302910166392536,0.0631715188335483,-0.154107193553008,0.0935251602745011,0.631594030381461
FABP1,"Fatty acid-binding protein, liver",Health and medical history,X120039#4.Location of pain during the past week_Upper right arm,36016,-0.121004865136867,0.0581571656784911,-0.234992909866709,-0.00701682040702409,0.0374999455807967
FABP1,"Fatty acid-binding protein, liver",Health and medical history,X120039#5.Location of pain during the past week_Lower left arm,36016,0.0345149001215102,0.0721203326342294,-0.106840951841579,0.1758707520846,0.632255984387281
FABP1,"Fatty acid-binding protein, liver",Health and medical history,X120039#6.Location of pain during the past week_Lower right arm,36016,0.0494006939509504,0.0699287368231932,-0.0876596302225082,0.186461018124409,0.479934638643538
FABP1,"Fatty acid-binding protein, liver",Health and medical history,X120039#7.Location of pain during the past week_Left hip,36016,-0.0531152055502215,0.0448045256092389,-0.14093207574433,0.0347016646438867,0.235862733669711
FABP1,"Fatty acid-binding protein, liver",Health and medical history,X120039#8.Location of pain during the past week_Right hip,36016,0.00777440070663647,0.0437175208531031,-0.0779119401654455,0.0934607415787185,0.858859295773302
FABP1,"Fatty acid-binding protein, liver",Health and medical history,X120039#9.Location of pain during the past week_Upper left leg,36016,-0.0488018484415004,0.0483882067134123,-0.143642733599788,0.0460390367167877,0.313224169587143
FABP1,"Fatty acid-binding protein, liver",Health and medical history,X120040.Fatigue severity over the past week,36022,0.0450652827306006,0.0219057632635003,0.00212998673414003,0.0880005787270611,0.0396985861475725
FABP1,"Fatty acid-binding protein, liver",Health and medical history,X120041.Waking unrefreshed severity over the past week,36025,0.0275550547408627,0.0215716716489614,-0.0147254216911016,0.0698355311728271,0.201510807512571
FABP1,"Fatty acid-binding protein, liver",Health and medical history,X120042.Cognitive symptoms severity over the past week,36026,0.0390948631950979,0.0237810955462551,-0.00751608407556223,0.085705810465758,0.100229470884305
FABP1,"Fatty acid-binding protein, liver",Health and medical history,X120098.Mobility problems today,36027,0.0850918009620898,0.0252774010039228,0.0355480949944011,0.134635506929778,0.000765651932037226
FABP1,"Fatty acid-binding protein, liver",Health and medical history,X120099.Self-care problems today,36027,0.0447069458837689,0.0379901298522974,-0.0297537086267341,0.119167600394272,0.239311378895186
FABP1,"Fatty acid-binding protein, liver",Health and medical history,X120100.Problems doing usual activities,36027,0.0356146187644359,0.0243471072612247,-0.0121057114675646,0.0833349489964363,0.143568151685202
FABP1,"Fatty acid-binding protein, liver",Health and medical history,X120101.Pain or discomfort today,36027,0.0202320412819721,0.0217421974030334,-0.0223826656279734,0.0628467481919176,0.352120466095477
FABP1,"Fatty acid-binding protein, liver",Health and medical history,X120102.Anxiety or depression today,36027,0.0654050075037472,0.0276929705931059,0.0111267851412596,0.119683229866235,0.0182125640278072
FABP1,"Fatty acid-binding protein, liver",Health and medical history,X120103.Scale to indicate how health is today,36010,-0.0487117501138966,0.0127264401253342,-0.0736555727595515,-0.0237679274682416,0.000130462836755993
FABP1,"Fatty acid-binding protein, liver",Health and medical history,X120104.Little interest or pleasure in doing things over the last two weeks,36012,0.0618499806128246,0.027067992781366,0.00879671476134722,0.114903246464302,0.0223417851255219
FABP1,"Fatty acid-binding protein, liver",Health and medical history,"X120105.Feeling down, depressed, or hopeless over the last two weeks",36011,0.0577647985049633,0.028858026802666,0.00120306597173795,0.114326531038189,0.045354571711159
FABP1,"Fatty acid-binding protein, liver",Health and medical history,"X120106.Trouble falling or staying asleep, or sleeping too much over the last two weeks",36017,0.0415324110527392,0.0220388159563913,-0.00166366822178772,0.0847284903272662,0.0595348456707648
FABP1,"Fatty acid-binding protein, liver",Health and medical history,X120107.Feeling tired or having little energy over the last two weeks,36021,0.0666059651128401,0.0222655676622143,0.0229654524949,0.11024647773078,0.0027858380643909
FABP1,"Fatty acid-binding protein, liver",Health and medical history,X120108.Poor appetite or overeating over the last two weeks,36021,0.0899503617815608,0.0317120033118219,0.0277948352903898,0.152105888272732,0.00457378747279436
FABP1,"Fatty acid-binding protein, liver",Health and medical history,X120109.Feeling bad about self over the last two weeks,36005,0.0485048328936545,0.0304483575945721,-0.0111739479917068,0.108183613779016,0.111198468458284
FABP1,"Fatty acid-binding protein, liver",Health and medical history,X120110.Trouble concentrating over the last two weeks,36023,0.0657720009292238,0.0289538649536902,0.00902242561999105,0.122521576238457,0.0231383464667842
FABP1,"Fatty acid-binding protein, liver",Health and medical history,X120111.Moving or speaking slower or faster than usual over the last two weeks,36014,0.0721092204563043,0.0419689330931247,-0.0101498884062201,0.154368329318829,0.0858097273518352
FABP1,"Fatty acid-binding protein, liver",Health and medical history,X120112.Thoughts of being better off dead or of hurting self over the last two weeks,35980,0.119576737978964,0.0579935089174608,0.00590946050074051,0.233244015457187,0.0392523269147511
FABP1,"Fatty acid-binding protein, liver",Health and medical history,"X120113.Level of difficultly depression has made to do work, take care of things at home, or get along with other people",33219,0.0326428012468117,0.0307292046919108,-0.0275864399493334,0.0928720424429568,0.288167374591128
FABP1,"Fatty acid-binding protein, liver",Lifestyle factors,X1269.Exposure to tobacco smoke at home,49616,0.0649825070410819,0.0277518854159395,0.0105888116258404,0.119376202456323,0.0192129967361408
FABP1,"Fatty acid-binding protein, liver",Lifestyle factors,X1279.Exposure to tobacco smoke outside home,48387,0.0213765183511815,0.0161502836291872,-0.0102780375620255,0.0530310742643884,0.185651157412672
FABP1,"Fatty acid-binding protein, liver",Diet and food preferences,X1289.Cooked vegetable intake,51186,-0.0292731699937435,0.0120997974476724,-0.0529887729911813,-0.00555756699630565,0.0155577968794707
FABP1,"Fatty acid-binding protein, liver",Diet and food preferences,X1299.Salad  or  raw vegetable intake,50352,-0.0171351448347329,0.0124604310391798,-0.0415575896715253,0.00728730000205938,0.169094554779809
FABP1,"Fatty acid-binding protein, liver",Diet and food preferences,X1309.Fresh fruit intake,51053,-0.0234970234874312,0.0128097250037972,-0.0486040844948737,0.00161003752001118,0.0666210215909187
FABP1,"Fatty acid-binding protein, liver",Diet and food preferences,X1319.Dried fruit intake,50057,-0.078182853623589,0.0137044287847958,-0.105043534041789,-0.0513221732053892,1.17920742962773e-08
FABP1,"Fatty acid-binding protein, liver",Health and medical history,X134.Number of self-reported cancers,52276,0.0453650539708707,0.0247989081908912,-0.00324080608327613,0.0939709140250174,0.0673647674508344
FABP1,"Fatty acid-binding protein, liver",Health and medical history,X135.Number of self-reported non-cancer illnesses,52277,0.242064317266759,0.0124868366729606,0.217590117387756,0.266538517145762,4.50477762654111e-83
FABP1,"Fatty acid-binding protein, liver",Health and medical history,"X136.Number of operations, self-reported",52277,0.0501222393535281,0.0115796835364476,0.0274260596220909,0.0728184190849654,1.50768900509938e-05
FABP1,"Fatty acid-binding protein, liver",Health and medical history,X137.Number of treatments or medications taken,52277,0.292044610224816,0.0122026518781985,0.268127412543547,0.315961807906085,4.26439056249929e-125
FABP1,"Fatty acid-binding protein, liver",Diet and food preferences,X1438.Bread intake,51731,0.0147965366021292,0.00707477442292737,0.000929978733191532,0.0286630944710668,0.0364986284690703
FABP1,"Fatty acid-binding protein, liver",Diet and food preferences,X1458.Cereal intake,51072,-0.0766568053874297,0.012099964466502,-0.100372735741774,-0.0529408750330857,2.41384286292456e-10
FABP1,"Fatty acid-binding protein, liver",Diet and food preferences,X1488.Tea intake,51401,0.0246885396530884,0.00694409852590738,0.0110781065423099,0.0382989727638669,0.0003782735607857
FABP1,"Fatty acid-binding protein, liver",Diet and food preferences,X1498.Coffee intake,50430,-0.0556416124033821,0.0120588003176826,-0.07927686102604,-0.0320063637807241,3.96871491580253e-06
FABP1,"Fatty acid-binding protein, liver",Diet and food preferences,X1528.Water intake,50130,0.0178065050550474,0.0121619436309447,-0.00603090446160415,0.041643914571699,0.143176659509839
FABP1,"Fatty acid-binding protein, liver",Lifestyle factors,X1568.Average weekly red wine intake,46638,-0.0608961351088119,0.0133293811317847,-0.0870217221271099,-0.0347705480905139,4.94329006473953e-06
FABP1,"Fatty acid-binding protein, liver",Lifestyle factors,X1578.Average weekly champagne plus white wine intake,46628,-0.0492890385686252,0.0140328221341518,-0.0767933699515627,-0.0217847071856877,0.000445147179578648
FABP1,"Fatty acid-binding protein, liver",Lifestyle factors,X1588.Average weekly beer plus cider intake,46703,0.00863627198044735,0.0139580470242633,-0.0187215001871087,0.0359940441480034,0.536101578214157
FABP1,"Fatty acid-binding protein, liver",Lifestyle factors,X1598.Average weekly spirits intake,46631,0.0261001621948799,0.0144032838197454,-0.00213027409182108,0.0543305984815809,0.0699876792196311
FABP1,"Fatty acid-binding protein, liver",Lifestyle factors,X1608.Average weekly fortified wine intake,46670,0.00245355329024787,0.0257879316095679,-0.0480907926645051,0.0529978992450009,0.924201925858553
FABP1,"Fatty acid-binding protein, liver",Lifestyle factors,X1737.Childhood sunburn occasions,46020,-0.00128813996498826,0.0141760703236294,-0.0290732377993019,0.0264969578693254,0.927599149484789
FABP1,"Fatty acid-binding protein, liver",Health and medical history,X1807.Father's age at death,46236,-0.0167017623977002,0.00807878221832376,-0.0325361755456148,-0.000867349249785647,0.0387146674969955
FABP1,"Fatty acid-binding protein, liver",Health and medical history,X1845.Mother's age,37332,-0.0170827513827935,0.0181418658442675,-0.0526408084375579,0.0184753056719709,0.346413058809189
FABP1,"Fatty acid-binding protein, liver",Health and medical history,X1873.Number of full brothers,51865,-0.00351311990616291,0.0116064076513203,-0.0262616789027507,0.0192354390904249,0.762130377019996
FABP1,"Fatty acid-binding protein, liver",Health and medical history,X1883.Number of full sisters,51868,0.0130440534443608,0.0115998141447584,-0.00969158227936569,0.0357796891680873,0.260810289026505
FABP1,"Fatty acid-binding protein, liver",Physical measures,X20015.Sitting height,52064,-0.0472957439744778,0.00912777310973173,-0.065186179269552,-0.0294053086794037,2.21904842520475e-07
FABP1,"Fatty acid-binding protein, liver",Cognitive function,X20016.Fluid intelligence score,36160,-0.0508645583407169,0.0195014730522711,-0.0890874455231682,-0.0126416711582656,0.00911879323591675
FABP1,"Fatty acid-binding protein, liver",Cognitive function,X20018.Prospective memory result,36506,0.037572487372092,0.0256003404917957,-0.0126041799918275,0.0877491547360116,0.142237536148829
FABP1,"Fatty acid-binding protein, liver",Physical measures,X20019.Speech-reception-threshold (SRT) estimate (left),36069,0.0269880115166785,0.0123145273777354,0.00285153785631705,0.05112448517704,0.0284421461906121
FABP1,"Fatty acid-binding protein, liver",Physical measures,X20021.Speech-reception-threshold (SRT) estimate (right),36073,0.00885646113114151,0.0123220757919495,-0.0152948074210795,0.0330077296833625,0.472318984603001
FABP1,"Fatty acid-binding protein, liver",Cognitive function,X20023.Mean time to correctly identify matches,51968,0.0258139824327327,0.0071710003949013,0.0117588216587261,0.0398691432067392,0.000319152439401178
FABP1,"Fatty acid-binding protein, liver",Health and medical history,X20107#1.Illnesses of father_Heart disease,48817,0.0463880785069492,0.0159632395015092,0.0151001290839912,0.0776760279299073,0.00366558990111425
FABP1,"Fatty acid-binding protein, liver",Health and medical history,X20107#10.Illnesses of father_Alzheimer's disease or dementia,48374,-0.0888429916781067,0.0359462001592713,-0.159297543990279,-0.0183884393659349,0.0134610640289172
FABP1,"Fatty acid-binding protein, liver",Health and medical history,X20107#11.Illnesses of father_Parkinson's disease,48335,-0.0564811888139532,0.0472646956228967,-0.149119992234831,0.0361576146069243,0.232102402743328
FABP1,"Fatty acid-binding protein, liver",Health and medical history,X20107#12.Illnesses of father_Severe depression,48360,0.0230336054160705,0.042270714324601,-0.0598169946601474,0.105884205492288,0.585823675461039
FABP1,"Fatty acid-binding protein, liver",Health and medical history,X20107#13.Illnesses of father_Prostate cancer,48380,-0.0116464754280352,0.0283634097859313,-0.0672387586084605,0.0439458077523901,0.681358433751804
FABP1,"Fatty acid-binding protein, liver",Health and medical history,X20107#2.Illnesses of father_Stroke,48558,0.0142072333980782,0.0203521954275891,-0.0256830696399963,0.0540975364361528,0.485142278336897
FABP1,"Fatty acid-binding protein, liver",Health and medical history,X20107#3.Illnesses of father_Lung cancer,48503,0.0178011884848859,0.0257164853729861,-0.0326031228461669,0.0682054998159387,0.488814019798212
FABP1,"Fatty acid-binding protein, liver",Health and medical history,X20107#4.Illnesses of father_Bowel cancer,48396,0.0166814898433367,0.0312900935304493,-0.0446470934763438,0.0780100731630173,0.593953952089004
FABP1,"Fatty acid-binding protein, liver",Health and medical history,X20107#6.Illnesses of father_Chronic bronchitis or emphysema,48523,0.0551343621469807,0.0241932695291992,0.00771555386975015,0.102553170424211,0.0226827545442788
FABP1,"Fatty acid-binding protein, liver",Health and medical history,X20107#8.Illnesses of father_High blood pressure,48610,0.0638936311809155,0.0180676078318214,0.0284811198305456,0.0993061425312853,0.000406592978279201
FABP1,"Fatty acid-binding protein, liver",Health and medical history,X20107#9.Illnesses of father_Diabetes,48465,0.0574751224675414,0.0248239719193825,0.00882013750555165,0.106130107429531,0.0206062590170274
FABP1,"Fatty acid-binding protein, liver",Health and medical history,X20110#1.Illnesses of mother_Heart disease,49620,0.0648544674379828,0.018994369544276,0.0276255031312018,0.102083431744764,0.000640422007167613
FABP1,"Fatty acid-binding protein, liver",Health and medical history,X20110#10.Illnesses of mother_Alzheimer's disease or dementia,49460,-0.0148251283105983,0.0266505101956549,-0.0670601282940819,0.0374098716728853,0.578025873012171
FABP1,"Fatty acid-binding protein, liver",Health and medical history,X20110#11.Illnesses of mother_Parkinson's disease,49381,-0.0411684974587469,0.059256940381194,-0.157312100605887,0.0749751056883935,0.48722252485383
FABP1,"Fatty acid-binding protein, liver",Health and medical history,X20110#12.Illnesses of mother_Severe depression,49415,0.0162555233047764,0.0315679357701081,-0.0456176308046354,0.0781286774141882,0.60660195542578
FABP1,"Fatty acid-binding protein, liver",Health and medical history,X20110#2.Illnesses of mother_Stroke,49558,0.0251538440553033,0.0213521038394176,-0.0166962794699552,0.0670039675805619,0.23879008461468
FABP1,"Fatty acid-binding protein, liver",Health and medical history,X20110#3.Illnesses of mother_Lung cancer,49456,0.0336971472506023,0.0356746093376287,-0.0362250870511501,0.103619381552355,0.344889655949935
FABP1,"Fatty acid-binding protein, liver",Health and medical history,X20110#4.Illnesses of mother_Bowel cancer,49422,-0.0246311586433278,0.032490507050214,-0.0883125524617472,0.0390502351750917,0.448397760589647
FABP1,"Fatty acid-binding protein, liver",Health and medical history,X20110#5.Illnesses of mother_Breast cancer,49432,-0.03228009955711,0.0271760974546778,-0.0855452505682785,0.0209850514540585,0.234920957190204
FABP1,"Fatty acid-binding protein, liver",Health and medical history,X20110#6.Illnesses of mother_Chronic bronchitis or emphysema,49469,0.0542420654500658,0.0323801767330933,-0.00922308094679709,0.117707211846929,0.0939172886741685
FABP1,"Fatty acid-binding protein, liver",Health and medical history,X20110#8.Illnesses of mother_High blood pressure,49665,0.0147027234042981,0.016362268668424,-0.017367323185813,0.0467727699944092,0.368889421045838
FABP1,"Fatty acid-binding protein, liver",Health and medical history,X20110#9.Illnesses of mother_Diabetes,49517,0.0873277459685419,0.0245540258640816,0.0392018552749419,0.135453636662142,0.00037657975646327
FABP1,"Fatty acid-binding protein, liver",Health and medical history,X20111#1.Illnesses of siblings_Heart disease,46555,0.0703601885938552,0.02624013055129,0.0189295327133267,0.121790844474384,0.00733826496241631
FABP1,"Fatty acid-binding protein, liver",Health and medical history,X20111#10.Illnesses of siblings_Alzheimer's disease or dementia,46409,-0.0284028479100125,0.10692330686553,-0.237972529366451,0.181166833546426,0.79052141932194
FABP1,"Fatty acid-binding protein, liver",Health and medical history,X20111#11.Illnesses of siblings_Parkinson's disease,46401,0.0354845392188476,0.104712677681237,-0.169752309036377,0.240721387474072,0.734707675595673
FABP1,"Fatty acid-binding protein, liver",Health and medical history,X20111#12.Illnesses of siblings_Severe depression,46456,0.0134754923394452,0.0343786738276576,-0.0539067083627636,0.0808576930416541,0.695083262307532
FABP1,"Fatty acid-binding protein, liver",Health and medical history,X20111#13.Illnesses of siblings_Prostate cancer,46418,-0.05296777093148,0.060934554780742,-0.172399498301734,0.0664639564387743,0.384718441209485
FABP1,"Fatty acid-binding protein, liver",Health and medical history,X20111#2.Illnesses of siblings_Stroke,46450,0.114765096073127,0.0439117453197003,0.0286980752465148,0.20083211689974,0.00896848134691619
FABP1,"Fatty acid-binding protein, liver",Health and medical history,X20111#3.Illnesses of siblings_Lung cancer,46424,0.103828573659642,0.0505815470790776,0.00468874138464946,0.202968405934634,0.0401165719531104
FABP1,"Fatty acid-binding protein, liver",Health and medical history,X20111#4.Illnesses of siblings_Bowel cancer,46428,0.0347933602782284,0.0488504918524226,-0.0609536037525199,0.130540324308977,0.47632440231361
FABP1,"Fatty acid-binding protein, liver",Health and medical history,X20111#5.Illnesses of siblings_Breast cancer,46433,-0.0121115379445888,0.0389081694851698,-0.0883715501355216,0.0641484742463439,0.755587443876289
FABP1,"Fatty acid-binding protein, liver",Health and medical history,X20111#6.Illnesses of siblings_Chronic bronchitis or emphysema,46452,0.0673304397119967,0.0489761955000776,-0.0286629034681555,0.163323782892149,0.169223591236587
FABP1,"Fatty acid-binding protein, liver",Health and medical history,X20111#8.Illnesses of siblings_High blood pressure,46621,0.0672114566829368,0.0199586921345111,0.0280924200992951,0.106330493266579,0.000760039715200996
FABP1,"Fatty acid-binding protein, liver",Health and medical history,X20111#9.Illnesses of siblings_Diabetes,46517,0.147309406938593,0.0278100375250546,0.0928017333894858,0.2018170804877,1.19119943936725e-07
FABP1,"Fatty acid-binding protein, liver",Mental health,X20127.Neuroticism score,47679,0.0375608508296501,0.0120899644219315,0.0138645205626643,0.0612571810966359,0.00189415265061272
FABP1,"Fatty acid-binding protein, liver",Cognitive function,X20128.Number of fluid intelligence questions attempted within time limit,36160,-0.0077709065180992,0.0197426326807682,-0.046466466572405,0.0309246535362066,0.693879781749517
FABP1,"Fatty acid-binding protein, liver",Lifestyle factors,X20161.Pack years of smoking,36851,0.1019587016364,0.0123480808528665,0.0777564631647812,0.126160940108018,1.72473310672681e-16
FABP1,"Fatty acid-binding protein, liver",Lifestyle factors,X20162.Pack years adult smoking as proportion of life span exposed to smoking,36851,0.101045201398374,0.0121724990527725,0.0771871032549404,0.124903299541808,1.19505375787652e-16
FABP1,"Fatty acid-binding protein, liver",Cognitive function,X20191.Fluid intelligence score,34244,0.01123370610615,0.0227000005919518,-0.0332582950540755,0.0557257072663754,0.620706316310262
FABP1,"Fatty acid-binding protein, liver",Cognitive function,X20192.Number of fluid intelligence questions attempted within time limit,34245,0.00275150438166813,0.0230117976434304,-0.0423516189994554,0.0478546277627917,0.90482860950875
FABP1,"Fatty acid-binding protein, liver",Cognitive function,X20240.Maximum digits remembered correctly,33707,-0.01587285904066,0.024174198073411,-0.0632542872645456,0.0315085691832257,0.511465635646701
FABP1,"Fatty acid-binding protein, liver",Physical measures,X20255.Spirometry QC measure,45512,-0.00425991711548187,0.0148166308838137,-0.0333005136477567,0.024780679416793,0.773726010679187
FABP1,"Fatty acid-binding protein, liver",Eye measures,X20261.avMSE,33795,-0.00758104894715796,0.015154204103983,-0.0372832889909646,0.0221211910966487,0.616912889560917
FABP1,"Fatty acid-binding protein, liver",Eye measures,X20262.Myopia diagnosis,33795,0.034972164123141,0.0294984187535226,-0.0228447366337633,0.0927890648800454,0.235850090370772
FABP1,"Fatty acid-binding protein, liver",NMR metabolomics,X20280.Glucose-lactate,42096,0.0942118981188702,0.00898876351880135,0.0765939216220196,0.111829874615721,1.32349108892889e-25
FABP1,"Fatty acid-binding protein, liver",NMR metabolomics,X20281.Spectrometer-corrected alanine,42120,-0.013176654932233,0.00954966468265453,-0.0318939977102359,0.00554068784576986,0.167670160058978
FABP1,"Fatty acid-binding protein, liver",Mental health,X20544#11.Mental health problems ever diagnosed by a professional_Depression,35912,-0.0393139129787062,0.0579900763176896,-0.152974462561378,0.0743466366039654,0.497829869233536
FABP1,"Fatty acid-binding protein, liver",Mental health,X20544#6.Mental health problems ever diagnosed by a professional_Panic attacks,35912,-0.0394660518346551,0.127659167901563,-0.289678020921719,0.210745917252409,0.75721492329849
FABP1,"Fatty acid-binding protein, liver",Mental health,X20546#1.Substances taken for depression_Unprescribed medication (more than once),35912,-0.134834836857296,0.155060966572083,-0.438754331338578,0.169084657623986,0.384569367789263
FABP1,"Fatty acid-binding protein, liver",Mental health,X20546#3.Substances taken for depression_Medication prescribed to you (for at least two weeks),35912,0.000431791358207012,0.0561748174619357,-0.109670850867187,0.110534433583601,0.993867278936777
FABP1,"Fatty acid-binding protein, liver",Mental health,X20546#4.Substances taken for depression_Drugs or alcohol (more than once),35912,0.109664620226453,0.079956885515666,-0.0470508753842521,0.266380115837159,0.170246611175061
FABP1,"Fatty acid-binding protein, liver",Mental health,X20548#1.Manifestations of mania or irritability_I was more talkative than usual,35915,0.141181466587525,0.10875354028664,-0.0719754723742892,0.354338405549339,0.194267062556132
FABP1,"Fatty acid-binding protein, liver",Mental health,X20548#2.Manifestations of mania or irritability_I was more restless than usual,35915,0.0845859631972682,0.0681295521493822,-0.0489479590155209,0.218119885410057,0.214443977181126
FABP1,"Fatty acid-binding protein, liver",Mental health,X20548#3.Manifestations of mania or irritability_My thoughts were racing,35915,0.0832144244901804,0.0783784989251928,-0.0704074334031975,0.236836282383558,0.288407110853862
FABP1,"Fatty acid-binding protein, liver",Mental health,X20548#5.Manifestations of mania or irritability_I needed less sleep than usual,35915,0.0568858273077722,0.114411703166262,-0.167361110898101,0.281132765513646,0.619060940335996
FABP1,"Fatty acid-binding protein, liver",Mental health,X20548#6.Manifestations of mania or irritability_I was more creative or had more ideas than usual,35915,0.169539021490785,0.1267772356801,-0.078944360442211,0.418022403423781,0.181166763939623
FABP1,"Fatty acid-binding protein, liver",Mental health,X20548#7.Manifestations of mania or irritability_I was easily distracted,35915,0.138911120889133,0.0821931845759914,-0.0221875208798104,0.300009762658076,0.0910597661731509
FABP1,"Fatty acid-binding protein, liver",Mental health,X20548#8.Manifestations of mania or irritability_I was more confident than usual,35915,0.120491923058364,0.124184537532871,-0.122909770506064,0.363893616622792,0.331946447286199
FABP1,"Fatty acid-binding protein, liver",Mental health,X20548#9.Manifestations of mania or irritability_I was more active than usual,35915,0.223454285991613,0.100308722344384,0.0268491901966196,0.420059381786607,0.0259331238375212
FABP1,"Fatty acid-binding protein, liver",Mental health,X20549#1.Substances taken for anxiety_Unprescribed medication (more than once),35918,0.0667910588539532,0.168101937642387,-0.262688738925126,0.396270856633032,0.69113959287832
FABP1,"Fatty acid-binding protein, liver",Mental health,X20549#3.Substances taken for anxiety_Medication prescribed to you (for at least two weeks),35918,-0.052326903151668,0.0742862852128683,-0.19792802216889,0.0932742158655538,0.481209105510984
FABP1,"Fatty acid-binding protein, liver",Mental health,X20549#4.Substances taken for anxiety_Drugs or alcohol (more than once),35918,0.0657366860954286,0.0979540791313873,-0.126253309002091,0.257726681192948,0.502179935441201
FABP1,"Fatty acid-binding protein, liver",Mental health,X20553#4.Methods of self-harm used_Ingesting a medication in excess of the normal dose,35918,0.322057718595992,0.205963187531388,-0.0816301289655293,0.725745566157513,0.117939169003112
FABP1,"Fatty acid-binding protein, liver",Diet and food preferences,X20600.Liking for adding salt to foods,36624,0.0225534411072928,0.019297784254491,-0.0152702160315095,0.0603770982460951,0.242556760862094
FABP1,"Fatty acid-binding protein, liver",Diet and food preferences,X20601.Liking for aniseed,36624,0.0227318831521758,0.0194234564897729,-0.0153380915677792,0.0608018578721307,0.24190238307203
FABP1,"Fatty acid-binding protein, liver",Diet and food preferences,X20602.Liking for apple juice,36624,-0.00914236507657917,0.0195152025309706,-0.0473921620372816,0.0291074318841232,0.639458396689979
FABP1,"Fatty acid-binding protein, liver",Diet and food preferences,X20603.Liking for apples,36624,0.0173606792047717,0.0197774179855026,-0.0214030600468133,0.0561244184563567,0.380076882797048
FABP1,"Fatty acid-binding protein, liver",Diet and food preferences,X20604.Liking for asparagus,36624,-0.0566335698002056,0.0194450911431693,-0.0947459484408174,-0.0185211911595939,0.00359553141830522
FABP1,"Fatty acid-binding protein, liver",Diet and food preferences,X20605.Liking for aubergine,36624,-0.0483983616105656,0.01923715619334,-0.086103187749512,-0.0106935354716192,0.0118929693331811
FABP1,"Fatty acid-binding protein, liver",Diet and food preferences,X20606.Liking for avocados,36624,-0.0307393697188776,0.0194198216190502,-0.0688022200922161,0.00732348065446089,0.113486835449746
FABP1,"Fatty acid-binding protein, liver",Diet and food preferences,X20607.Liking for bacon,36624,0.0443015696573317,0.0197337714913341,0.00562337753431678,0.0829797617803466,0.0247977212576907
FABP1,"Fatty acid-binding protein, liver",Diet and food preferences,X20608.Liking for baked or steamed fish,36624,-0.0427168850826139,0.0194843050957337,-0.080906123070252,-0.0045276470949758,0.0283811592488766
FABP1,"Fatty acid-binding protein, liver",Diet and food preferences,X20609.Liking for bananas,36624,-0.0342571388483691,0.0197908376525274,-0.0730471806473227,0.00453290295058457,0.0834974695635814
FABP1,"Fatty acid-binding protein, liver",Diet and food preferences,X20610.Liking for barbequed or grilled meat,36624,-0.0195683332427234,0.0195020320585268,-0.0577923160774358,0.0186556495919891,0.31569833693871
FABP1,"Fatty acid-binding protein, liver",Diet and food preferences,X20611.Liking for beef steak,36624,-0.0264218478927939,0.019571171658828,-0.0647813443440967,0.011937648558509,0.17704154901012
FABP1,"Fatty acid-binding protein, liver",Diet and food preferences,X20612.Liking for beetroot,36624,-0.0331850848914705,0.0195703885668305,-0.0715430464824583,0.00517287669951733,0.0899856420318409
FABP1,"Fatty acid-binding protein, liver",Diet and food preferences,X20613.Liking for bell pepper,36624,0.0270300750879245,0.0194391131811656,-0.0110705867471601,0.0651307369230091,0.16441589043302
FABP1,"Fatty acid-binding protein, liver",Diet and food preferences,X20614.Liking for bicycling,36624,-0.0415137199822451,0.0194139452438537,-0.0795650526601985,-0.00346238730429177,0.0325188694400603
FABP1,"Fatty acid-binding protein, liver",Diet and food preferences,X20615.Liking for biscuits,36624,-0.00183888387146158,0.0194193145571429,-0.0399007404034617,0.0362229726605386,0.924560606896282
FABP1,"Fatty acid-binding protein, liver",Diet and food preferences,X20616.Liking for bitter foods,36624,0.0134497341091734,0.0193096738084096,-0.0243972265553094,0.0512966947736562,0.486118244733385
FABP1,"Fatty acid-binding protein, liver",Diet and food preferences,X20617.Liking for bitter or ale,36624,-0.0394068699429511,0.0193956629577074,-0.0774223693400577,-0.00139137054584459,0.0422132911186439
FABP1,"Fatty acid-binding protein, liver",Diet and food preferences,X20618.Liking for black olives,36624,-0.0460526803906654,0.0192820921421397,-0.0838455809892591,-0.00825977979207165,0.0169465163615245
FABP1,"Fatty acid-binding protein, liver",Diet and food preferences,X20619.Liking for black pepper,36624,-0.00475020459021473,0.0194102408684799,-0.0427942766924353,0.0332938675120058,0.806674301932126
FABP1,"Fatty acid-binding protein, liver",Diet and food preferences,X20620.Liking for blue cheese,36624,0.00770861636784056,0.0193448241756029,-0.0302072390163412,0.0456244717520223,0.690283552206936
FABP1,"Fatty acid-binding protein, liver",Diet and food preferences,X20621.Liking for bolognese sauce,36624,-0.0159201512729574,0.0195320055065887,-0.0542028820658711,0.0223625795199564,0.415050613731205
FABP1,"Fatty acid-binding protein, liver",Diet and food preferences,X20622.Liking for broad beans,36624,-0.0385093976472718,0.0193304266338512,-0.0763970338496202,-0.000621761444923409,0.0463868336721719
FABP1,"Fatty acid-binding protein, liver",Diet and food preferences,X20623.Liking for broccoli,36624,-0.0633511111380775,0.0195557371817022,-0.101680356014214,-0.0250218662619413,0.00120221239644161
FABP1,"Fatty acid-binding protein, liver",Diet and food preferences,X20624.Liking for brown rice,36624,-0.024502142390951,0.0193770011418459,-0.062481064628969,0.013476779847067,0.206088787313804
FABP1,"Fatty acid-binding protein, liver",Diet and food preferences,X20625.Liking for brussel sprouts,36624,-0.0335580110766,0.0194299690960459,-0.0716407505048499,0.00452472835164997,0.0841835060326236
FABP1,"Fatty acid-binding protein, liver",Diet and food preferences,X20626.Liking for burgers (meat),36624,-0.000889394745322541,0.0193823123070193,-0.0388787268670803,0.0370999373764352,0.963401517314899
FABP1,"Fatty acid-binding protein, liver",Diet and food preferences,X20627.Liking for burn of spicy foods,36624,0.0171015432996062,0.0193536980733593,-0.020831704924178,0.0550347915233904,0.376921503841975
FABP1,"Fatty acid-binding protein, liver",Diet and food preferences,X20628.Liking for butter on bread,36624,0.0279978164538096,0.0195358962197378,-0.0102925401368765,0.0662881730444958,0.151854757410487
FABP1,"Fatty acid-binding protein, liver",Diet and food preferences,X20629.Liking for butternut squash,36624,-0.054976859612499,0.0192371828301026,-0.0926817379595,-0.0172719812654979,0.00427629666728931
FABP1,"Fatty acid-binding protein, liver",Diet and food preferences,X20630.Liking for cabbage,36624,-0.0109335547241495,0.0195261424264985,-0.0492047938800865,0.0273376844317875,0.575532989411468
FABP1,"Fatty acid-binding protein, liver",Diet and food preferences,X20631.Liking for cake,36624,-0.00966623631130512,0.019353384714295,-0.0475988703513233,0.0282663977287131,0.617469258717296
FABP1,"Fatty acid-binding protein, liver",Diet and food preferences,X20632.Liking for cake icing,36624,-0.0234685657870485,0.019124762883549,-0.0609531010388046,0.0140159694647075,0.219809864723207
FABP1,"Fatty acid-binding protein, liver",Diet and food preferences,X20633.Liking for capers,36624,-0.0229175278200535,0.0193021943336068,-0.0607498287139228,0.0149147730738159,0.235143830792965
FABP1,"Fatty acid-binding protein, liver",Diet and food preferences,X20634.Liking for cauliflower,36624,-0.0398749962909283,0.0195898075542258,-0.0782710190972108,-0.00147897348464568,0.0418337071097377
FABP1,"Fatty acid-binding protein, liver",Diet and food preferences,X20635.Liking for cereal or granola bar,36624,-0.0367174713247127,0.0194229020531141,-0.0747863593488164,0.00135141669939105,0.0587376534005032
FABP1,"Fatty acid-binding protein, liver",Diet and food preferences,X20636.Liking for cheesecake,36624,-0.0156173180222106,0.0192877481056854,-0.0534213043093541,0.0221866682649329,0.41813580935282
FABP1,"Fatty acid-binding protein, liver",Diet and food preferences,X20637.Liking for cherries,36624,0.0221011732551328,0.0198335355802074,-0.0167725564820738,0.0609749029923393,0.26516955104761
FABP1,"Fatty acid-binding protein, liver",Diet and food preferences,X20638.Liking for chicken,36624,-0.0119583782390878,0.0199433963242357,-0.0510474350345898,0.0271306785564142,0.548779174225607
FABP1,"Fatty acid-binding protein, liver",Diet and food preferences,X20639.Liking for chilli pepper,36624,0.0149672060457864,0.0192879959165734,-0.0228372659506976,0.0527716780422703,0.437780416502867
FABP1,"Fatty acid-binding protein, liver",Diet and food preferences,X20640.Liking for chips or french fries,36624,0.0490378155998355,0.0195692159457009,0.0106821523462618,0.0873934788534092,0.0122348822972481
FABP1,"Fatty acid-binding protein, liver",Diet and food preferences,X20641.Liking for cigarette smoking,36624,0.0451249409835919,0.0300413977689293,-0.0137561986435096,0.104006080610693,0.133112765029604
FABP1,"Fatty acid-binding protein, liver",Diet and food preferences,X20642.Liking for cod,36624,-0.0216551836838451,0.0200227942429533,-0.0608998604000337,0.0175894930323434,0.279495493621729
FABP1,"Fatty acid-binding protein, liver",Diet and food preferences,X20643.Liking for coffee with sugar,36624,-0.0128609134869191,0.0202476350027564,-0.0525462780923217,0.0268244511184834,0.525328491787245
FABP1,"Fatty acid-binding protein, liver",Diet and food preferences,X20644.Liking for coffee without sugar,36624,-0.0188263636931754,0.0195198518511443,-0.0570852733214182,0.0194325459350674,0.334838100635071
FABP1,"Fatty acid-binding protein, liver",Diet and food preferences,X20645.Liking for coriander,36624,-0.0460415992362394,0.0193391197405717,-0.0839462739277599,-0.00813692454471884,0.0173006847419024
FABP1,"Fatty acid-binding protein, liver",Diet and food preferences,X20646.Liking for corn flakes,36624,0.00395445691386317,0.0192821279157814,-0.0338385138010683,0.0417474276287946,0.837511664569248
FABP1,"Fatty acid-binding protein, liver",Diet and food preferences,X20647.Liking for cream,36624,0.0574934224280163,0.0193068720084308,0.019651953291492,0.0953348915645407,0.00291124396068315
FABP1,"Fatty acid-binding protein, liver",Diet and food preferences,X20648.Liking for croissant,36624,-0.0263026952366345,0.0195310641796983,-0.0645835810288431,0.0119781905555741,0.178111468230527
FABP1,"Fatty acid-binding protein, liver",Diet and food preferences,X20649.Liking for cucumber,36624,0.0097569541172116,0.0193858516925709,-0.0282393152002274,0.0477532234346506,0.614765204405255
FABP1,"Fatty acid-binding protein, liver",Diet and food preferences,X20650.Liking for curry,36624,0.030668964586404,0.0197433610748659,-0.00802802312033324,0.0693659522931413,0.120371590321528
FABP1,"Fatty acid-binding protein, liver",Diet and food preferences,X20651.Liking for dairy products,36624,0.0299112334443068,0.0196785451977474,-0.00865871514327806,0.0684811820318916,0.128552403659663
FABP1,"Fatty acid-binding protein, liver",Diet and food preferences,X20652.Liking for dark chocolate,36624,-0.0303925486805726,0.0196034637515632,-0.0688153376336365,0.00803024027249122,0.121093115424906
FABP1,"Fatty acid-binding protein, liver",Diet and food preferences,X20653.Liking for diet fizzy drinks,36624,0.0744642072849508,0.0197263025202165,0.0358006543453266,0.113127760224575,0.000161247721270305
FABP1,"Fatty acid-binding protein, liver",Diet and food preferences,X20654.Liking for dried fruit,36624,-0.0411329913600849,0.0194312396889354,-0.0792182211503984,-0.00304776156977144,0.0343034316566656
FABP1,"Fatty acid-binding protein, liver",Diet and food preferences,X20655.Liking for eggs,36624,-0.0189228547334187,0.0199123604402603,-0.057951081196329,0.0201053717294916,0.341984956849143
FABP1,"Fatty acid-binding protein, liver",Diet and food preferences,X20656.Liking for exercising alone,36624,-0.0359255538299978,0.0194306576518335,-0.0740096428275914,0.00215853516759575,0.0645074873865006
FABP1,"Fatty acid-binding protein, liver",Diet and food preferences,X20657.Liking for exercising with others,36624,-0.0660392883663772,0.019205684327449,-0.103682429648177,-0.0283961470845773,0.000587861316371953
FABP1,"Fatty acid-binding protein, liver",Diet and food preferences,X20658.Liking for extra virgin olive oil,36624,-0.0121761011174706,0.0195696166482398,-0.0505325497480205,0.0261803475130794,0.53383190704264
FABP1,"Fatty acid-binding protein, liver",Diet and food preferences,X20659.Liking for fatty foods,36624,0.0342355260707562,0.0193047450553991,-0.00360177423782615,0.0720728263793385,0.0761962010477881
FABP1,"Fatty acid-binding protein, liver",Diet and food preferences,X20660.Liking for fresh tomatoes,36624,-0.00294007943191471,0.0201015064330716,-0.042339032040735,0.0364588731769056,0.883718520010627
FABP1,"Fatty acid-binding protein, liver",Diet and food preferences,X20661.Liking for fried chicken,36624,0.0257351979512191,0.0192997379063485,-0.012092288345224,0.0635626842476621,0.18242270634927
FABP1,"Fatty acid-binding protein, liver",Diet and food preferences,X20662.Liking for fried or battered fish,36624,0.0208087008519217,0.0195586095791949,-0.0175261739233004,0.0591435756271438,0.287399195107881
FABP1,"Fatty acid-binding protein, liver",Diet and food preferences,X20663.Liking for fruit,36624,-0.013250759059681,0.0205042492824618,-0.0534390876533062,0.0269375695339441,0.518139504242
FABP1,"Fatty acid-binding protein, liver",Diet and food preferences,X20664.Liking for garlic,36624,0.00358169299540618,0.0196556512881567,-0.0349433835293809,0.0421067695201933,0.855413080698396
FABP1,"Fatty acid-binding protein, liver",Diet and food preferences,X20665.Liking for gherkins,36624,0.0158106561239731,0.0191965801602031,-0.021814640990025,0.0534359532379711,0.410180938838504
FABP1,"Fatty acid-binding protein, liver",Diet and food preferences,X20666.Liking for globe artichoke,36624,-0.00538792614869123,0.0192254693044176,-0.0430698459853497,0.0322939936879672,0.77929340490518
FABP1,"Fatty acid-binding protein, liver",Diet and food preferences,X20667.Liking for goat's cheese,36624,-0.0632041690326815,0.0191566384839197,-0.100751180461164,-0.0256571576041989,0.000973370333538876
FABP1,"Fatty acid-binding protein, liver",Diet and food preferences,X20668.Liking for going to a cafe,36624,-0.0105550929011146,0.0193967096669247,-0.0485726438482871,0.0274624580460578,0.586340149089811
FABP1,"Fatty acid-binding protein, liver",Diet and food preferences,X20669.Liking for going to the gym,36624,-0.043561637723226,0.0191224530151691,-0.0810416456329575,-0.00608162981349451,0.0227506338556694
FABP1,"Fatty acid-binding protein, liver",Diet and food preferences,X20670.Liking for going to the pub,36624,-0.0680978252811802,0.0192477978522081,-0.105823509071508,-0.0303721414908523,0.00040552229721256
FABP1,"Fatty acid-binding protein, liver",Diet and food preferences,X20671.Liking for grapefruit,36624,-0.0725252396833847,0.0193241927612516,-0.110400657495438,-0.0346498218713317,0.000175909129939929
FABP1,"Fatty acid-binding protein, liver",Diet and food preferences,X20672.Liking for green olives,36624,-0.0517010435685597,0.019278964749433,-0.0894878144774483,-0.013914272659671,0.00733918783596002
FABP1,"Fatty acid-binding protein, liver",Diet and food preferences,X20673.Liking for haddock,36624,-0.0490818258242028,0.0199460858689253,-0.0881761541272965,-0.00998749752110912,0.0138866039484973
FABP1,"Fatty acid-binding protein, liver",Diet and food preferences,X20674.Liking for ham,36624,0.0280516622989902,0.019487015574235,-0.0101428882265104,0.0662462128244908,0.150046461157188
FABP1,"Fatty acid-binding protein, liver",Diet and food preferences,X20675.Liking for hard cheese,36624,0.0127383469303844,0.019869984365784,-0.0262068224265522,0.0516835162873209,0.521485854489319
FABP1,"Fatty acid-binding protein, liver",Diet and food preferences,X20676.Liking for herring,36624,-0.0445895845318255,0.0193117427591493,-0.0824406003397581,-0.00673856872389294,0.0209724249479034
FABP1,"Fatty acid-binding protein, liver",Diet and food preferences,X20677.Liking for honey,36624,-0.0390996516814766,0.0194363885595066,-0.0771949732581095,-0.00100433010484365,0.0442878591537544
FABP1,"Fatty acid-binding protein, liver",Diet and food preferences,X20678.Liking for horseradish or wasabi,36624,-0.0101275230077048,0.0193350972016311,-0.0480243135229017,0.0277692675074922,0.600439363659523
FABP1,"Fatty acid-binding protein, liver",Diet and food preferences,X20679.Liking for ice cream,36624,0.00380420822716509,0.0195977068726818,-0.0346072972432913,0.0422157136976214,0.84609078176009
FABP1,"Fatty acid-binding protein, liver",Diet and food preferences,X20680.Liking for jam,36624,-0.0139925788319883,0.019321001307047,-0.0518617413938005,0.0238765837298238,0.468954257924016
FABP1,"Fatty acid-binding protein, liver",Diet and food preferences,X20681.Liking for kiwi fruit,36624,-0.03762055242909,0.0193784281222403,-0.0756022715486811,0.000361166690501041,0.0522493350335169
FABP1,"Fatty acid-binding protein, liver",Diet and food preferences,X20682.Liking for lager,36624,-0.0587559745287257,0.0193082623627261,-0.0966001687596687,-0.0209117802977826,0.00234953344718441
FABP1,"Fatty acid-binding protein, liver",Diet and food preferences,X20683.Liking for lamb,36624,-0.0375096259009253,0.0196185254510776,-0.0759619357850374,0.000942683983186747,0.0559183141561742
FABP1,"Fatty acid-binding protein, liver",Diet and food preferences,X20684.Liking for lemons,36624,0.0213475010980966,0.0194491595380956,-0.0167728515965707,0.0594678537927639,0.272409839229368
FABP1,"Fatty acid-binding protein, liver",Diet and food preferences,X20685.Liking for lentils or beans,36624,0.00513708940574571,0.019539804440039,-0.0331609272967307,0.0434351061082221,0.79263146242388
FABP1,"Fatty acid-binding protein, liver",Diet and food preferences,X20686.Liking for liver,36624,-0.0244479149424028,0.0194499448293578,-0.0625698068079442,0.0136739769231385,0.208802657685637
FABP1,"Fatty acid-binding protein, liver",Diet and food preferences,X20687.Liking for mackerel,36624,-0.0792427382246766,0.0194038127103739,-0.11727421113701,-0.0412112653123437,4.47218693682135e-05
FABP1,"Fatty acid-binding protein, liver",Diet and food preferences,X20688.Liking for marzipan,36624,-0.0360871096846525,0.0193170211046559,-0.073948471049778,0.001774251680473,0.0617775042163435
FABP1,"Fatty acid-binding protein, liver",Diet and food preferences,X20689.Liking for mayonnaise,36624,0.00424147731304747,0.0192230699703985,-0.0334357398289336,0.0419186944550285,0.825374356414848
FABP1,"Fatty acid-binding protein, liver",Diet and food preferences,X20690.Liking for melon,36624,0.0147659735231133,0.0196553249307623,-0.0237584633411808,0.0532904103874073,0.452527005310834
FABP1,"Fatty acid-binding protein, liver",Diet and food preferences,X20691.Liking for milk chocolate,36624,0.0111349378471615,0.019347910798147,-0.0267869673172065,0.0490568430115296,0.564961827568609
FABP1,"Fatty acid-binding protein, liver",Diet and food preferences,X20692.Liking for mushrooms,36624,-0.0138290020519259,0.0198709126284541,-0.0527759908036959,0.0251179866998441,0.486485351876436
FABP1,"Fatty acid-binding protein, liver",Diet and food preferences,X20694.Liking for orange juice,36624,-0.00326781164409951,0.019519936664103,-0.0415268875057414,0.0349912642175424,0.867052525330494
FABP1,"Fatty acid-binding protein, liver",Diet and food preferences,X20695.Liking for oranges,36624,-0.0353823327978388,0.0198513355427727,-0.0742909504616733,0.0035262848659958,0.074727513613417
FABP1,"Fatty acid-binding protein, liver",Diet and food preferences,X20696.Liking for pasta,36624,-0.0397556229646224,0.019600183418712,-0.0781719824652979,-0.00133926346394678,0.0425596703359147
FABP1,"Fatty acid-binding protein, liver",Diet and food preferences,X20697.Liking for pears,36624,-0.00683426326092089,0.0195715894130466,-0.0451945785104922,0.0315260519886504,0.726953546798855
FABP1,"Fatty acid-binding protein, liver",Diet and food preferences,X20698.Liking for pizza,36624,-0.00869535555427679,0.0194907228601859,-0.0468971723602412,0.0295064612516877,0.655516900860928
FABP1,"Fatty acid-binding protein, liver",Diet and food preferences,X20699.Liking for plain yogurt,36624,-0.0241245021949623,0.0192607060941535,-0.0618754861395032,0.0136264817495786,0.210415427732764
FABP1,"Fatty acid-binding protein, liver",Diet and food preferences,X20700.Liking for plums,36624,-0.00253401586297972,0.0196981872248349,-0.0411424628236561,0.0360744310976966,0.897644092099513
FABP1,"Fatty acid-binding protein, liver",Diet and food preferences,X20701.Liking for pollock,36624,-0.0110814115855633,0.0192350512273369,-0.0487821119911437,0.026619288820017,0.564560303720166
FABP1,"Fatty acid-binding protein, liver",Diet and food preferences,X20702.Liking for pork chop,36624,0.00184112179442669,0.0193926074226788,-0.0361683887540238,0.0398506323428772,0.924365363923429
FABP1,"Fatty acid-binding protein, liver",Diet and food preferences,X20703.Liking for porridge,36624,-0.0329102651533959,0.0194245124094222,-0.0709823094758634,0.00516177916907168,0.0902538510544315
FABP1,"Fatty acid-binding protein, liver",Diet and food preferences,X20704.Liking for potato crisps,36624,0.0362462582776574,0.0194963432830725,-0.00196657455716483,0.0744590911124796,0.0630451785127567
FABP1,"Fatty acid-binding protein, liver",Diet and food preferences,X20705.Liking for potatoes,36624,0.0427599637996644,0.019851975524243,0.00385009177214822,0.0816698358271807,0.0312745954297043
FABP1,"Fatty acid-binding protein, liver",Diet and food preferences,X20706.Liking for prawns,36624,-0.0436468482505847,0.0197989132378057,-0.0824527181966838,-0.00484097830448565,0.0275169982929526
FABP1,"Fatty acid-binding protein, liver",Diet and food preferences,X20707.Liking for raw carrots,36624,0.0106367380966455,0.0194039499535446,-0.0273950038123019,0.048668480005593,0.583587797425049
FABP1,"Fatty acid-binding protein, liver",Diet and food preferences,X20708.Liking for red meat,36624,-0.00116663246437132,0.0195991054502795,-0.039580879146919,0.0372476142181764,0.952535611896976
FABP1,"Fatty acid-binding protein, liver",Diet and food preferences,X20709.Liking for red wine,36624,-0.0737495043216356,0.019602889371486,-0.112171167489748,-0.035327841153523,0.000169642846362635
FABP1,"Fatty acid-binding protein, liver",Diet and food preferences,X20710.Liking for regular (non-diet) fizzy drinks,36624,0.0358934523450897,0.0194675108182943,-0.00226286885876715,0.0740497735489466,0.0652547552114436
FABP1,"Fatty acid-binding protein, liver",Diet and food preferences,X20711.Liking for roast chicken,36624,-0.0174005139011992,0.0200272759676559,-0.0566539747978049,0.0218529469954064,0.384960244622753
FABP1,"Fatty acid-binding protein, liver",Diet and food preferences,X20712.Liking for salad dressing,36624,-0.00927783976736346,0.0193785883025734,-0.0472598728404073,0.0287041933056804,0.632117045137054
FABP1,"Fatty acid-binding protein, liver",Diet and food preferences,X20713.Liking for salad leaves,36624,-0.0223600165217519,0.019489859008952,-0.0605601401792978,0.015840107135794,0.251306710573881
FABP1,"Fatty acid-binding protein, liver",Diet and food preferences,X20714.Liking for salami,36624,-0.00236598044305258,0.0191633089610868,-0.0399260660067828,0.0351941051206776,0.901742706945657
FABP1,"Fatty acid-binding protein, liver",Diet and food preferences,X20715.Liking for salmon,36624,-0.0683126036212185,0.0199098717890249,-0.107335952327707,-0.0292892549147297,0.000604190520469482
FABP1,"Fatty acid-binding protein, liver",Diet and food preferences,X20716.Liking for salty foods,36624,0.0373329022709058,0.0192711951265565,-0.000438640177145018,0.0751044447189566,0.0527512806753454
FABP1,"Fatty acid-binding protein, liver",Diet and food preferences,X20717.Liking for salty pretzels,36624,0.0294865613809379,0.0192355587816279,-0.00821513383105279,0.0671882565929286,0.125335181592017
FABP1,"Fatty acid-binding protein, liver",Diet and food preferences,X20718.Liking for sardines,36624,-0.00737014141068775,0.0194977786975717,-0.0455857876579282,0.0308455048365527,0.705441325496821
FABP1,"Fatty acid-binding protein, liver",Diet and food preferences,X20719.Liking for sausages (meat),36624,0.0142557479118568,0.0195388728076752,-0.0240404427911866,0.0525519386149002,0.465650213323805
FABP1,"Fatty acid-binding protein, liver",Diet and food preferences,X20720.Liking for savoury biscuits,36624,-0.0215891280239926,0.0194728503723176,-0.059755914753735,0.0165776587057498,0.267602221861888
FABP1,"Fatty acid-binding protein, liver",Diet and food preferences,X20721.Liking for shellfish (other than prawns),36624,-0.0319510527394053,0.0194517680026794,-0.070076518024657,0.00617441254584632,0.100509433746568
FABP1,"Fatty acid-binding protein, liver",Diet and food preferences,X20722.Liking for skimmed milk,36624,-0.00710424916648571,0.0192406487057908,-0.0448159206298356,0.0306074222968642,0.711965103270375
FABP1,"Fatty acid-binding protein, liver",Diet and food preferences,X20723.Liking for smoked fish,36624,-0.0487134196111726,0.0195160060138459,-0.0869647913983105,-0.0104620478240348,0.0125775307932282
FABP1,"Fatty acid-binding protein, liver",Diet and food preferences,X20724.Liking for soft cheese,36624,-0.0112991417412431,0.0192726889850763,-0.0490736121519926,0.0264753286695065,0.557705634217998
FABP1,"Fatty acid-binding protein, liver",Diet and food preferences,X20725.Liking for soy sauce,36624,0.029607023109077,0.0196277693612396,-0.0088634048389525,0.0680774510571066,0.13148513701027
FABP1,"Fatty acid-binding protein, liver",Diet and food preferences,X20726.Liking for soya milk,36624,-0.0142717250419055,0.0193055689443875,-0.0521106401729051,0.023567190089094,0.459774237117712
FABP1,"Fatty acid-binding protein, liver",Diet and food preferences,X20727.Liking for spicy foods,36624,0.023971982821147,0.0195421125991985,-0.014330557873282,0.062274523515576,0.219977687100352
FABP1,"Fatty acid-binding protein, liver",Diet and food preferences,X20728.Liking for spinach,36624,-0.0686838100572426,0.0194103656662415,-0.106728126763076,-0.0306394933514093,0.000404667803187883
FABP1,"Fatty acid-binding protein, liver",Diet and food preferences,X20729.Liking for spirits,36624,0.00125916901293181,0.0192747489576017,-0.0365193389439676,0.0390376769698312,0.947914965315323
FABP1,"Fatty acid-binding protein, liver",Diet and food preferences,X20730.Liking for strawberries,36624,-0.0225625536758973,0.0202270159474597,-0.0622075049329183,0.0170823975811237,0.264684115294919
FABP1,"Fatty acid-binding protein, liver",Diet and food preferences,X20731.Liking for sweet coffee house drinks,36624,0.0179037250935989,0.0194564541637018,-0.0202309250672565,0.0560383752544544,0.357498741641359
FABP1,"Fatty acid-binding protein, liver",Diet and food preferences,X20732.Liking for sweet foods,36624,-0.00506012770668644,0.0192820754014958,-0.0428529954936182,0.0327327400802453,0.792999382943702
FABP1,"Fatty acid-binding protein, liver",Diet and food preferences,X20733.Liking for taking the stairs,36624,-0.0852675836327872,0.0197727088925514,-0.124022093062188,-0.0465130742033865,1.63435622135864e-05
FABP1,"Fatty acid-binding protein, liver",Diet and food preferences,X20734.Liking for tea with sugar,36624,-0.00602075584187374,0.0212800612238483,-0.0477296758406164,0.035688164156869,0.777238231531286
FABP1,"Fatty acid-binding protein, liver",Diet and food preferences,X20735.Liking for tea without sugar,36624,-0.0179556132906189,0.0198845942694049,-0.0569294180586525,0.0210181914774148,0.366557711502656
FABP1,"Fatty acid-binding protein, liver",Diet and food preferences,X20736.Liking for tomato ketchup,36624,-0.0246138098046571,0.0192766727781841,-0.062396088449898,0.0131684688405838,0.201685053030778
FABP1,"Fatty acid-binding protein, liver",Diet and food preferences,X20737.Liking for tinned tuna,36624,-0.0205287809711795,0.019528363686532,-0.0588043737967822,0.0177468118544232,0.29318514961725
FABP1,"Fatty acid-binding protein, liver",Diet and food preferences,X20738.Liking for turnip (white),36624,-0.0391834607102048,0.0191874805931603,-0.0767909226727991,-0.00157599874761055,0.0411706224039716
FABP1,"Fatty acid-binding protein, liver",Diet and food preferences,X20739.Liking for vegetables,36624,-0.025156396652983,0.0202182908085061,-0.0647842466376549,0.014471453331689,0.213447803473553
FABP1,"Fatty acid-binding protein, liver",Diet and food preferences,X20740.Liking for vinegar,36624,0.0105535933059442,0.019299007410433,-0.0272724612185046,0.0483796478303929,0.584499465455386
FABP1,"Fatty acid-binding protein, liver",Diet and food preferences,X20741.Liking for watching television,36624,0.0368451211587634,0.0194511800559696,-0.00127919175093698,0.0749694340684637,0.0582296885890785
FABP1,"Fatty acid-binding protein, liver",Diet and food preferences,X20742.Liking for whisky,36624,-0.0185331922823938,0.0193423224113835,-0.0564441442087054,0.0193777596439177,0.338007006257901
FABP1,"Fatty acid-binding protein, liver",Diet and food preferences,X20743.Liking for white bread,36624,-0.00100415962201265,0.0193261514316665,-0.038883416428079,0.0368750971840537,0.958562982243942
FABP1,"Fatty acid-binding protein, liver",Diet and food preferences,X20744.Liking for white rice,36624,-0.024161774377609,0.0195948997859869,-0.0625677779581434,0.0142442292029253,0.217587881525334
FABP1,"Fatty acid-binding protein, liver",Diet and food preferences,X20745.Liking for white wine,36624,-0.0343920307854038,0.0193942116505696,-0.0724046856205201,0.0036206240497126,0.0762146250925926
FABP1,"Fatty acid-binding protein, liver",Diet and food preferences,X20746.Liking for whole grain breakfast cereal,36624,-0.0800404199784807,0.0195897081474387,-0.118436247947461,-0.0416445920095008,4.43456557952835e-05
FABP1,"Fatty acid-binding protein, liver",Diet and food preferences,X20747.Liking for whole milk,36624,0.0179687180980009,0.0192060458942337,-0.0196751318546972,0.055612568050699,0.349519655791781
FABP1,"Fatty acid-binding protein, liver",Diet and food preferences,X20748.Liking for wholemeal bread,36624,-0.0287591958875065,0.0199330214110783,-0.0678279178532199,0.010309526078207,0.14911826318958
FABP1,"Fatty acid-binding protein, liver",Diet and food preferences,X20749.Liking for working up a sweat,36624,-0.0820315983183849,0.0194687602694919,-0.120190368446589,-0.0438728281901808,2.54201089090009e-05
FABP1,"Fatty acid-binding protein, liver",Physical measures,X21001.Body mass index (BMI),52136,-0.074062669287892,0.0363893076905828,-0.145385712361434,-0.0027396262143496,0.0418332264980921
FABP1,"Fatty acid-binding protein, liver",Physical measures,X21002.Weight,52168,-0.0794022196941618,0.0176199179972425,-0.113937258968757,-0.0448671804195665,6.62568375435624e-06
FABP1,"Fatty acid-binding protein, liver",Physical measures,X21021.Pulse wave Arterial Stiffness index,36489,0.0130503468876338,0.0131516294667273,-0.0127268468671517,0.0388275406424193,0.321082194568024
FABP1,"Fatty acid-binding protein, liver",Health and medical history,X21025.Frequency of discomfort or pain in abdomen in last 3 months,36381,0.060962425582595,0.0213396709523948,0.0191366705159013,0.102788180649289,0.0042911773642446
FABP1,"Fatty acid-binding protein, liver",Health and medical history,X21033.Frequency of hard or lumpy stools in the last 3 months,36383,-0.00280079064048553,0.0218278352031075,-0.0455833476385761,0.0399817663576051,0.897904752854717
FABP1,"Fatty acid-binding protein, liver",Health and medical history,X21034.Frequency of loose or mushy or watery stools in the last 3 months,36384,-0.0289270271244939,0.0211083405361749,-0.0702993745753966,0.0124453203264089,0.17059928156193
FABP1,"Fatty acid-binding protein, liver",Health and medical history,X21040.Satisfaction with bowel habits,36358,0.041030268515798,0.0195534956768617,0.0027054169891491,0.0793551200424469,0.0359056676287472
FABP1,"Fatty acid-binding protein, liver",Health and medical history,X21041.Degree to which abdominal pain or discomfort or altered bowel habits affect or interfere with life in general,36356,0.0311923485638608,0.0213450347076467,-0.0106439194631268,0.0730286165908485,0.143962772686669
FABP1,"Fatty acid-binding protein, liver",Health and medical history,X21042.Greatest number of times bowels opened per day,36352,0.0359462236435856,0.0213664923292444,-0.00593210132173342,0.0778245486089046,0.0925385006749393
FABP1,"Fatty acid-binding protein, liver",Health and medical history,X21043.Least number of times bowels opened per week,36320,0.0230434691984079,0.0212635440325485,-0.0186330771053871,0.064720015502203,0.278528210429055
FABP1,"Fatty acid-binding protein, liver",Health and medical history,X21044.Average number of times bowels opened per day,36328,0.0757053408235674,0.0230153781655397,0.0305951996191097,0.120815482028025,0.00100873478535688
FABP1,"Fatty acid-binding protein, liver",Health and medical history,X21048.Degree bothered by back pain in the past 3 months,36390,-0.0295606108990752,0.0212888581699744,-0.071286772912225,0.0121655511140746,0.165009809468989
FABP1,"Fatty acid-binding protein, liver",Health and medical history,X21049.Degree bothered by pain in arms or legs or joints in the past 3 months,36386,-0.0600346549825373,0.0212200521724026,-0.101625957240446,-0.0184433527246282,0.00467915784879401
FABP1,"Fatty acid-binding protein, liver",Health and medical history,X21051.Degree bothered by headaches in the last 3 months,36388,0.0319182859817599,0.0247401853685639,-0.0165724773406253,0.0804090493041451,0.197040598807196
FABP1,"Fatty acid-binding protein, liver",Health and medical history,X21052.Degree bothered by chest pain in the last 3 months,36388,-0.137044781155094,0.0303067138711058,-0.196445940342461,-0.0776436219677269,6.21856012676584e-06
FABP1,"Fatty acid-binding protein, liver",Health and medical history,X21053.Degree bothered by dizziness in the last 3 months,36388,-0.0495627320852957,0.0258339054137952,-0.100197186696334,0.0010717225257429,0.0550822780037239
FABP1,"Fatty acid-binding protein, liver",Health and medical history,X21054.Degree bothered by fainting spells in the last 3 months,36387,-0.174348806313355,0.0598917219454076,-0.291736581326354,-0.0569610313003562,0.0036121860189163
FABP1,"Fatty acid-binding protein, liver",Health and medical history,X21055.Degree bothered by feeling heart pound or race in the last 3 months,36390,-0.0386528891050642,0.0262901261412605,-0.0901815363419347,0.0128757581318064,0.141536188317098
FABP1,"Fatty acid-binding protein, liver",Health and medical history,X21056.Degree bothered by shortness of breath in the last 3 months,36388,-0.0806865844515072,0.0240972544608234,-0.127917203194721,-0.0334559657082933,0.000816733031448221
FABP1,"Fatty acid-binding protein, liver",Health and medical history,X21057.Degree bothered by pain or problems during intercourse in the last 3 months,36246,0.046145778197106,0.024126521003307,-0.00114220296937571,0.0934337593635877,0.0558292067709694
FABP1,"Fatty acid-binding protein, liver",Health and medical history,X21058.Degree bothered by urinary frequency or bladder irritability in the last 3 months,36384,0.0586857769489609,0.0219304808608867,0.015702034461623,0.101669519436299,0.00746645900022214
FABP1,"Fatty acid-binding protein, liver",Health and medical history,X21059.Degree bothered by nausea in the last 3 months,36389,-0.0750521811923304,0.0366454475735238,-0.146877258436437,-0.00322710394822369,0.0405872989618603
FABP1,"Fatty acid-binding protein, liver",Health and medical history,X21060.Degree bothered by feeling tired all the time in the last 3 months,36391,-0.0811180393235906,0.0214075624841121,-0.12307686179245,-0.0391592168547309,0.000152257832574244
FABP1,"Fatty acid-binding protein, liver",Health and medical history,X21061.Degree bothered by trouble sleeping in the last 3 months,36390,-0.0141038476088879,0.0213408236524821,-0.0559318619677528,0.027724166749977,0.508705090345936
FABP1,"Fatty acid-binding protein, liver",Working and living environment,X21100.Water hardness (USGS classification),51999,0.00158242478474489,0.0116876089792504,-0.0213252888145859,0.0244901383840757,0.892302029361227
FABP1,"Fatty acid-binding protein, liver",Lifestyle factors,X2139.Age first had sexual intercourse,49175,-0.00378438219698476,0.00721521935328997,-0.0179262121294331,0.0103574477354636,0.599936504442444
FABP1,"Fatty acid-binding protein, liver",Health and medical history,X2149.Lifetime number of sexual partners,47498,-0.00565540477143851,0.0133933310565596,-0.0319063336422952,0.0205955240994182,0.672843498999698
FABP1,"Fatty acid-binding protein, liver",Physical activities,X22032.IPAQ activity group,48376,-0.0927025645109253,0.012724712438966,-0.117643000891299,-0.0677621281305519,3.33164396156131e-13
FABP1,"Fatty acid-binding protein, liver",Physical activities,X22033.Summed days activity,48783,-0.0466215497928921,0.00715949060855275,-0.0606541513856555,-0.0325889482001287,7.59777579094494e-11
FABP1,"Fatty acid-binding protein, liver",Physical activities,X22034.Summed minutes activity,48376,-0.0547640578999586,0.0072356795669526,-0.0689459898511856,-0.0405821259487315,3.93741185296231e-14
FABP1,"Fatty acid-binding protein, liver",Physical activities,X22037.MET minutes per week for walking,47663,-0.0277826812679509,0.00739101876407672,-0.0422690780455413,-0.0132962844903606,0.00017111748752494
FABP1,"Fatty acid-binding protein, liver",Physical activities,X22038.MET minutes per week for moderate activity,48376,-0.0435197119362845,0.00735024532801215,-0.0579261927791883,-0.0291132310933807,3.25572308694459e-09
FABP1,"Fatty acid-binding protein, liver",Physical activities,X22039.MET minutes per week for vigorous activity,48376,-0.113857759727113,0.0127819352785644,-0.138910352873099,-0.0888051665811267,5.65146059297778e-19
FABP1,"Fatty acid-binding protein, liver",Physical activities,X22040.Summed MET minutes per week for all activity,47663,-0.05607643807781,0.00732270553407659,-0.0704289409246002,-0.0417239352310199,1.98023245141162e-14
FABP1,"Fatty acid-binding protein, liver",Eye measures,X2217.Age started wearing glasses or contact lenses,48454,-0.00749522526316078,0.00748900814529439,-0.0221736812279378,0.00718323070161622,0.316921120484633
FABP1,"Fatty acid-binding protein, liver",Working and living environment,X22501.Year ended full time education,34175,-0.00419650234146788,0.0325128465995964,-0.0679216816766769,0.0595286769937411,0.897305231104845
FABP1,"Fatty acid-binding protein, liver",Lifestyle factors,X22506.Tobacco smoking,34137,-0.00473049448240266,0.0473745712616365,-0.0975846541552102,0.0881236651904048,0.920464622827236
FABP1,"Fatty acid-binding protein, liver",Lifestyle factors,X2277.Frequency of solarium or sunlamp use,50791,-0.0729913518861731,0.036846209196516,-0.145209921911345,-0.000772781861001701,0.047606607964798
FABP1,"Fatty acid-binding protein, liver",Physical measures,X23098.Weight,51723,-0.0759401860867756,0.0177543833551371,-0.110738777462844,-0.0411415947107069,1.89963561339408e-05
FABP1,"Fatty acid-binding protein, liver",Physical measures,X23099.Body fat percentage,51693,0.13722079248411,0.0157864156135402,0.106279417881571,0.168162167086649,3.7826857883425e-18
FABP1,"Fatty acid-binding protein, liver",Physical measures,X23100.Whole body fat mass,51649,0.101874194206507,0.0157661355785728,0.0709725684725041,0.13277581994051,1.05683244627353e-10
FABP1,"Fatty acid-binding protein, liver",Physical measures,X23101.Whole body fat-free mass,51717,-0.117694921644136,0.0153315771021984,-0.147744812764445,-0.0876450305238273,1.69776013950439e-14
FABP1,"Fatty acid-binding protein, liver",Physical measures,X23102.Whole body water mass,51723,-0.116711918474854,0.0152912647354847,-0.146682797356404,-0.0867410395933042,2.38970836906011e-14
FABP1,"Fatty acid-binding protein, liver",Physical measures,X23104.Body mass index (BMI),51723,-0.0516120326315496,0.0359625086222678,-0.122098549531194,0.0188744842680953,0.151254410718458
FABP1,"Fatty acid-binding protein, liver",Physical measures,X23105.Basal metabolic rate,51723,-0.117762448168522,0.0159273439154823,-0.148980042242867,-0.0865448540941764,1.47621971638841e-13
FABP1,"Fatty acid-binding protein, liver",Physical measures,X23106.Impedance of whole body,51723,0.12632077832671,0.012519571209133,0.10178241875681,0.150859137896611,6.86446781107122e-24
FABP1,"Fatty acid-binding protein, liver",Physical measures,X23107.Impedance of leg (right),51723,0.0520914372570908,0.0101329438768362,0.0322308672584919,0.0719520072556896,2.7579845940813e-07
FABP1,"Fatty acid-binding protein, liver",Physical measures,X23108.Impedance of leg (left),51723,0.0552339318287304,0.0100967884483485,0.0354442264699674,0.0750236371874935,4.53558714502415e-08
FABP1,"Fatty acid-binding protein, liver",Physical measures,X23109.Impedance of arm (right),51723,0.140658729802547,0.0123898030574407,0.116374715809963,0.164942743795131,8.6154940692828e-30
FABP1,"Fatty acid-binding protein, liver",Physical measures,X23110.Impedance of arm (left),51723,0.133896145067892,0.0123819082628069,0.10962760487279,0.158164685262993,3.43820700805159e-27
FABP1,"Fatty acid-binding protein, liver",Physical measures,X23111.Leg fat percentage (right),51723,0.0384245588207101,0.0161216708679262,0.00682608391957482,0.0700230337218455,0.01716108047766
FABP1,"Fatty acid-binding protein, liver",Physical measures,X23112.Leg fat mass (right),51723,0.033158070670919,0.0173728691748712,-0.000892752911828547,0.0672088942536666,0.0563245008048866
FABP1,"Fatty acid-binding protein, liver",Physical measures,X23113.Leg fat-free mass (right),51722,-0.0891837382593701,0.0168541874616804,-0.122217945684264,-0.0561495308344765,1.22429857994009e-07
FABP1,"Fatty acid-binding protein, liver",Physical measures,X23114.Leg predicted mass (right),51722,-0.0881404951076077,0.0169794173370797,-0.121420153088284,-0.0548608371269314,2.10913368417144e-07
FABP1,"Fatty acid-binding protein, liver",Physical measures,X23115.Leg fat percentage (left),51722,0.03426471135629,0.0168732215569144,0.00119319710473788,0.0673362256078422,0.0422952894152407
FABP1,"Fatty acid-binding protein, liver",Physical measures,X23116.Leg fat mass (left),51722,0.0300380572087711,0.0183856039647619,-0.00599772656216213,0.0660738409797044,0.102318380388909
FABP1,"Fatty acid-binding protein, liver",Physical measures,X23117.Leg fat-free mass (left),51721,-0.0933805773529545,0.0183343801483596,-0.129315962443739,-0.0574451922621696,3.54843956599373e-07
FABP1,"Fatty acid-binding protein, liver",Physical measures,X23118.Leg predicted mass (left),51721,-0.0922284483833584,0.0184813974481994,-0.128451987381829,-0.0560049093848876,6.07106763877915e-07
FABP1,"Fatty acid-binding protein, liver",Physical measures,X23119.Arm fat percentage (right),51721,0.167472975259182,0.0177574012075065,0.132668468892469,0.202277481625895,4.42528872516217e-21
FABP1,"Fatty acid-binding protein, liver",Physical measures,X23120.Arm fat mass (right),51720,0.082563005630809,0.0194169321530293,0.0445058186108716,0.120620192650746,2.12593156788411e-05
FABP1,"Fatty acid-binding protein, liver",Physical measures,X23121.Arm fat-free mass (right),51719,-0.148862011278791,0.0168214453746099,-0.181832044213026,-0.115891978344555,9.40528166870587e-19
FABP1,"Fatty acid-binding protein, liver",Physical measures,X23122.Arm predicted mass (right),51719,-0.146845874081172,0.0168987079568751,-0.179967341676647,-0.113724406485697,3.8684911755903e-18
FABP1,"Fatty acid-binding protein, liver",Physical measures,X23123.Arm fat percentage (left),51717,0.151840666339711,0.0167218374606861,0.119065864916767,0.184615467762656,1.16635351931773e-19
FABP1,"Fatty acid-binding protein, liver",Physical measures,X23124.Arm fat mass (left),51717,0.0830218663207404,0.0186564329483017,0.0464552577420691,0.119588474899412,8.62553691533498e-06
FABP1,"Fatty acid-binding protein, liver",Physical measures,X23125.Arm fat-free mass (left),51713,-0.133655482590889,0.0153212946199899,-0.163685220046069,-0.103625745135709,2.87570478289779e-18
FABP1,"Fatty acid-binding protein, liver",Physical measures,X23126.Arm predicted mass (left),51712,-0.136321030262556,0.0154066245525746,-0.166518014385602,-0.10612404613951,9.51772596446508e-19
FABP1,"Fatty acid-binding protein, liver",Physical measures,X23127.Trunk fat percentage,51710,0.132311416994997,0.0133836378433095,0.10607948682211,0.158543347167884,5.31551470802018e-23
FABP1,"Fatty acid-binding protein, liver",Physical measures,X23128.Trunk fat mass,51710,0.09530415947848,0.0141160714948443,0.0676366593485853,0.122971659608375,1.49828604712786e-11
FABP1,"Fatty acid-binding protein, liver",Physical measures,X23129.Trunk fat-free mass,51709,-0.108087088197638,0.0132882903620886,-0.134132137307332,-0.0820420390879448,4.36038317756544e-16
FABP1,"Fatty acid-binding protein, liver",Physical measures,X23130.Trunk predicted mass,51707,-0.107117695236865,0.0132792513648703,-0.13314502791201,-0.0810903625617187,7.58036592704476e-16
FABP1,"Fatty acid-binding protein, liver",NMR metabolomics,X23400.Total Cholesterol,42123,-0.152789836498522,0.00947040570084392,-0.171351831672176,-0.134227841324868,5.16709737753287e-58
FABP1,"Fatty acid-binding protein, liver",NMR metabolomics,X23401.Total Cholesterol Minus HDL-C,42123,-0.133725733706944,0.00926921364093788,-0.151893392443182,-0.115558074970705,7.80638249356198e-47
FABP1,"Fatty acid-binding protein, liver",NMR metabolomics,"X23402.Remnant Cholesterol (Non-HDL, Non-LDL -Cholesterol)",42123,-0.135177622248441,0.00932529663852389,-0.153455203659948,-0.116900040836935,2.91148422093875e-47
FABP1,"Fatty acid-binding protein, liver",NMR metabolomics,X23403.VLDL Cholesterol,42123,-0.0809884259546727,0.00966719977466296,-0.0999361375130121,-0.0620407143963333,5.92760503123087e-17
FABP1,"Fatty acid-binding protein, liver",NMR metabolomics,X23404.Clinical LDL Cholesterol,42123,-0.139630301054306,0.00923834111765712,-0.157737449644914,-0.121523152463698,3.41664010346865e-51
FABP1,"Fatty acid-binding protein, liver",NMR metabolomics,X23405.LDL Cholesterol,42123,-0.126870441362323,0.00921024949469572,-0.144922530371927,-0.10881835235272,7.02532081709298e-43
FABP1,"Fatty acid-binding protein, liver",NMR metabolomics,X23406.HDL Cholesterol,42123,-0.139513392514617,0.0105055994633669,-0.160104367462816,-0.118922417566418,5.38854311106952e-40
FABP1,"Fatty acid-binding protein, liver",NMR metabolomics,X23407.Total Triglycerides,42123,0.0186521967742738,0.00986233941257635,-0.000677988474375873,0.0379823820229234,0.0586116905286629
FABP1,"Fatty acid-binding protein, liver",NMR metabolomics,X23408.Triglycerides in VLDL,42123,0.0109165881885008,0.010013168002417,-0.00870922109623657,0.0305423974732382,0.275634256330101
FABP1,"Fatty acid-binding protein, liver",NMR metabolomics,X23409.Triglycerides in LDL,42123,0.0597625155464498,0.00926708856870353,0.0415990219517908,0.0779260091411087,1.16495827698823e-10
FABP1,"Fatty acid-binding protein, liver",NMR metabolomics,X23410.Triglycerides in HDL,42123,0.0371600768660395,0.00963778409580526,0.0182700200382612,0.0560501336938179,0.000115949434048341
FABP1,"Fatty acid-binding protein, liver",NMR metabolomics,X23411.Total Phospholipids in Lipoprotein Particles,42123,-0.112730282627986,0.00956581674122771,-0.131479283440792,-0.0939812818151796,6.70403963697902e-32
FABP1,"Fatty acid-binding protein, liver",NMR metabolomics,X23412.Phospholipids in VLDL,42123,-0.0322506522008271,0.00979605823091928,-0.0514509263334288,-0.0130503780682253,0.000996592790835725
FABP1,"Fatty acid-binding protein, liver",NMR metabolomics,X23413.Phospholipids in LDL,42123,-0.119343375892966,0.00924815679390412,-0.137469763209018,-0.101216988576913,7.09747350429664e-38
FABP1,"Fatty acid-binding protein, liver",NMR metabolomics,X23414.Phospholipids in HDL,42123,-0.0857163561446607,0.0101037604115189,-0.105519726551238,-0.0659129857380837,2.40806580032241e-17
FABP1,"Fatty acid-binding protein, liver",NMR metabolomics,X23415.Total Esterified Cholesterol,42123,-0.155173448322187,0.00951894109480265,-0.173830572868,-0.136516323776374,3.52516116220315e-59
FABP1,"Fatty acid-binding protein, liver",NMR metabolomics,X23416.Cholesteryl Esters in VLDL,42123,-0.101599387037568,0.00959746628138105,-0.120410420949075,-0.0827883531260609,4.37446486283594e-26
FABP1,"Fatty acid-binding protein, liver",NMR metabolomics,X23417.Cholesteryl Esters in LDL,42123,-0.118620079843184,0.00921804711494008,-0.136687452188467,-0.100552707497902,1.12996247192475e-37
FABP1,"Fatty acid-binding protein, liver",NMR metabolomics,X23418.Cholesteryl Esters in HDL,42123,-0.136696148177568,0.0105161780784896,-0.157307857211407,-0.116084439143728,2.1146717500813e-38
FABP1,"Fatty acid-binding protein, liver",NMR metabolomics,X23419.Total Free Cholesterol,42123,-0.144773111132651,0.00936235464355424,-0.163123326234017,-0.126422896031285,1.759255180974e-53
FABP1,"Fatty acid-binding protein, liver",NMR metabolomics,X23420.Free Cholesterol in VLDL,42123,-0.0519303933680227,0.00975012163253999,-0.0710406317678011,-0.0328201549682443,1.01935490624579e-07
FABP1,"Fatty acid-binding protein, liver",NMR metabolomics,X23421.Free Cholesterol in LDL,42123,-0.144866958426832,0.00923609213021806,-0.162969699002059,-0.126764217851605,5.8504062533284e-55
FABP1,"Fatty acid-binding protein, liver",NMR metabolomics,X23422.Free Cholesterol in HDL,42123,-0.140160063001628,0.0104469745311894,-0.160636133082759,-0.119683992920497,8.84258394525654e-41
FABP1,"Fatty acid-binding protein, liver",NMR metabolomics,X23423.Total Lipids in Lipoprotein Particles,42123,-0.102179134613464,0.00919907407070716,-0.120209319792051,-0.0841489494348784,1.53183832048022e-28
FABP1,"Fatty acid-binding protein, liver",NMR metabolomics,X23424.Total Lipids in VLDL,42123,-0.0226941062516824,0.00981170373088559,-0.0419250455642182,-0.00346316693914666,0.0207396126483785
FABP1,"Fatty acid-binding protein, liver",NMR metabolomics,X23425.Total Lipids in LDL,42123,-0.116060135144538,0.00922198486639591,-0.134135225482674,-0.0979850448064024,4.06096913964976e-36
FABP1,"Fatty acid-binding protein, liver",NMR metabolomics,X23426.Total Lipids in HDL,42123,-0.104441161047761,0.0102563849555197,-0.12454367556058,-0.0843386465349423,2.88794364955672e-24
FABP1,"Fatty acid-binding protein, liver",NMR metabolomics,X23427.Total Concentration of Lipoprotein Particles,42123,-0.0904170700310594,0.00974814869583016,-0.109523441474887,-0.0713106985872323,2.036023686708e-20
FABP1,"Fatty acid-binding protein, liver",NMR metabolomics,X23428.Concentration of VLDL Particles,42123,-0.0491894115863831,0.00966218643732373,-0.0681272970035376,-0.0302515261692286,3.61118912060361e-07
FABP1,"Fatty acid-binding protein, liver",NMR metabolomics,X23429.Concentration of LDL Particles,42123,-0.114842652076081,0.00927293761980848,-0.133017609810906,-0.0966676943412565,4.89667594343959e-35
FABP1,"Fatty acid-binding protein, liver",NMR metabolomics,X23430.Concentration of HDL Particles,42123,-0.0767637977400358,0.00976354490112502,-0.0959003457462408,-0.0576272497338308,4.05619793727853e-15
FABP1,"Fatty acid-binding protein, liver",NMR metabolomics,X23431.Average Diameter for VLDL Particles,42123,0.0287024777835355,0.0101662206357684,0.0087766853374294,0.0486282702296415,0.0047598791455274
FABP1,"Fatty acid-binding protein, liver",NMR metabolomics,X23432.Average Diameter for LDL Particles,42123,-0.0731077685060829,0.00960162949343459,-0.0919269623132147,-0.0542885746989511,2.83107754242964e-14
FABP1,"Fatty acid-binding protein, liver",NMR metabolomics,X23433.Average Diameter for HDL Particles,42123,-0.149948308377541,0.0105178307796035,-0.170563256705564,-0.129333360049518,8.75455444199043e-46
FABP1,"Fatty acid-binding protein, liver",NMR metabolomics,X23434.Phosphoglycerides,42115,-0.0847874435845537,0.00961006649516478,-0.103623173915077,-0.0659517132540307,1.25205606061677e-18
FABP1,"Fatty acid-binding protein, liver",NMR metabolomics,X23435.Triglycerides to Phosphoglycerides ratio,42115,0.0786435470773898,0.0103783024453862,0.0583020742844329,0.0989850198703467,3.7461004371831e-14
FABP1,"Fatty acid-binding protein, liver",NMR metabolomics,X23436.Total Cholines,42115,-0.105245746209692,0.00975770466061589,-0.1243708473445,-0.0861206450748853,5.16853010202679e-27
FABP1,"Fatty acid-binding protein, liver",NMR metabolomics,X23437.Phosphatidylcholines,42115,-0.105813608933648,0.00979751064118135,-0.125016729790364,-0.0866104880769329,4.43719361886961e-27
FABP1,"Fatty acid-binding protein, liver",NMR metabolomics,X23438.Sphingomyelins,42115,-0.133354475593167,0.0098156239314356,-0.152593098498781,-0.114115852687554,9.12312321640891e-42
FABP1,"Fatty acid-binding protein, liver",NMR metabolomics,X23439.Apolipoprotein B,42123,-0.11708219332706,0.00930437186244778,-0.135318762177457,-0.0988456244766621,4.14260222341114e-36
FABP1,"Fatty acid-binding protein, liver",NMR metabolomics,X23440.Apolipoprotein A1,42123,-0.0820096790663933,0.0100520526350531,-0.101711702231097,-0.0623076559016893,3.68960855682422e-16
FABP1,"Fatty acid-binding protein, liver",NMR metabolomics,X23441.Apolipoprotein B to Apolipoprotein A1 ratio,42123,-0.0652566571074867,0.00953476434073387,-0.0839447952153251,-0.0465685189996483,8.02870138816092e-12
FABP1,"Fatty acid-binding protein, liver",NMR metabolomics,X23442.Total Fatty Acids,42115,-0.0322146432866604,0.00900541150043647,-0.0498652498275159,-0.0145640367458049,0.000348436569061961
FABP1,"Fatty acid-binding protein, liver",NMR metabolomics,X23443.Degree of Unsaturation,42115,-0.144124194506311,0.0096814769456732,-0.16309988931983,-0.125148499692791,9.97413996744982e-50
FABP1,"Fatty acid-binding protein, liver",NMR metabolomics,X23444.Omega-3 Fatty Acids,42115,-0.078101516860879,0.00945137811082424,-0.0966262179580945,-0.0595768157636635,1.54540028337211e-16
FABP1,"Fatty acid-binding protein, liver",NMR metabolomics,X23445.Omega-6 Fatty Acids,42115,-0.108518521797876,0.00926592053627716,-0.126679726048979,-0.0903573175467728,1.57903393679612e-31
FABP1,"Fatty acid-binding protein, liver",NMR metabolomics,X23446.Polyunsaturated Fatty Acids,42115,-0.11223370596285,0.00930855878092302,-0.13047848117346,-0.0939889307522414,2.63903880492081e-33
FABP1,"Fatty acid-binding protein, liver",NMR metabolomics,X23447.Monounsaturated Fatty Acids,42115,0.0244609321447895,0.00917844730421659,0.006471175428525,0.042450688861054,0.0077070550433945
FABP1,"Fatty acid-binding protein, liver",NMR metabolomics,X23448.Saturated Fatty Acids,42115,-0.0183665071970793,0.00889083869324925,-0.0357925510358479,-0.000940463358310804,0.038868374333688
FABP1,"Fatty acid-binding protein, liver",NMR metabolomics,X23449.Linoleic Acid,42115,-0.115969283849257,0.00924339735156694,-0.134086342658328,-0.0978522250401855,6.61214538973627e-36
FABP1,"Fatty acid-binding protein, liver",NMR metabolomics,X23450.Docosahexaenoic Acid,42115,-0.102437950050388,0.00936551354591785,-0.120794356600387,-0.0840815435003886,9.93659727901227e-28
FABP1,"Fatty acid-binding protein, liver",NMR metabolomics,X23451.Omega-3 Fatty Acids to Total Fatty Acids percentage,42115,-0.0770775187924039,0.00948217708823119,-0.095662585885337,-0.0584924516994708,4.71537796550592e-16
FABP1,"Fatty acid-binding protein, liver",NMR metabolomics,X23452.Omega-6 Fatty Acids to Total Fatty Acids percentage,42115,-0.08621829364443,0.00930718096649335,-0.104460368338757,-0.0679762189501031,2.27015056714918e-20
FABP1,"Fatty acid-binding protein, liver",NMR metabolomics,X23453.Polyunsaturated Fatty Acids to Total Fatty Acids percentage,42115,-0.117785839205516,0.00950148126192497,-0.136408742478889,-0.0991629359321429,4.23129654805707e-35
FABP1,"Fatty acid-binding protein, liver",NMR metabolomics,X23454.Monounsaturated Fatty Acids to Total Fatty Acids percentage,42115,0.148187920210295,0.00995086055378568,0.128684233524875,0.167691606895715,9.21518019015875e-50
FABP1,"Fatty acid-binding protein, liver",NMR metabolomics,X23455.Saturated Fatty Acids to Total Fatty Acids percentage,42115,0.040357126177751,0.0086861647152754,0.0233322433358112,0.0573820090196908,3.41398080712414e-06
FABP1,"Fatty acid-binding protein, liver",NMR metabolomics,X23456.Linoleic Acid to Total Fatty Acids percentage,42115,-0.14221085889304,0.00947924626727542,-0.1607901815769,-0.12363153620918,1.80542254143229e-50
FABP1,"Fatty acid-binding protein, liver",NMR metabolomics,X23457.Docosahexaenoic Acid to Total Fatty Acids percentage,42115,-0.0803282636641095,0.00929061474273718,-0.0985378685598744,-0.0621186587683446,5.9194868418017e-18
FABP1,"Fatty acid-binding protein, liver",NMR metabolomics,X23458.Polyunsaturated Fatty Acids to Monounsaturated Fatty Acids ratio,42115,-0.140752578691355,0.0098629490686524,-0.160083958865914,-0.121421198516797,7.16110172530156e-46
FABP1,"Fatty acid-binding protein, liver",NMR metabolomics,X23459.Omega-6 Fatty Acids to Omega-3 Fatty Acids ratio,42115,0.0401078521607751,0.00938062999186835,0.0217218173767131,0.0584938869448371,1.91928605105846e-05
FABP1,"Fatty acid-binding protein, liver",NMR metabolomics,X23460.Alanine,42120,-0.00621203839654536,0.00937434524912042,-0.0245857550848214,0.0121616782917307,0.507557253414719
FABP1,"Fatty acid-binding protein, liver",NMR metabolomics,X23461.Glutamine,42082,-0.0572258117499694,0.00919272668386661,-0.075243556050348,-0.0392080674495909,4.95457175604831e-10
FABP1,"Fatty acid-binding protein, liver",NMR metabolomics,X23462.Glycine,42109,-0.0206431286158563,0.0111374863021771,-0.0424726017681235,0.00118634453641079,0.0638351134908553
FABP1,"Fatty acid-binding protein, liver",NMR metabolomics,X23463.Histidine,42107,-0.0644198423717565,0.00925927123260213,-0.0825680139876567,-0.0462716707558564,3.62746368110007e-12
FABP1,"Fatty acid-binding protein, liver",NMR metabolomics,X23464.Total Concentration of Branched-Chain Amino Acids (Leucine + Isoleucine + Valine),42112,-0.0676929578555187,0.0103895046738736,-0.0880563870163111,-0.0473295286947264,7.50087764780823e-11
FABP1,"Fatty acid-binding protein, liver",NMR metabolomics,X23465.Isoleucine,42121,-0.0490088004507899,0.0100286795825698,-0.0686650124326267,-0.0293525884689531,1.03629237648325e-06
FABP1,"Fatty acid-binding protein, liver",NMR metabolomics,X23466.Leucine,42121,-0.0588646982890737,0.0103140120103284,-0.0790801618293173,-0.03864923474883,1.17222683249224e-08
FABP1,"Fatty acid-binding protein, liver",NMR metabolomics,X23467.Valine,42112,-0.0731781776613592,0.010317616439451,-0.0934007058826832,-0.0529556494400353,1.38215617517366e-12
FABP1,"Fatty acid-binding protein, liver",NMR metabolomics,X23468.Phenylalanine,42116,-0.0605919936218914,0.009540975628999,-0.0792923058547294,-0.0418916813890533,2.21178798665258e-10
FABP1,"Fatty acid-binding protein, liver",NMR metabolomics,X23469.Tyrosine,42110,-0.0851428859600368,0.00987036465605677,-0.104488800685908,-0.0657969712341655,7.04858561405758e-18
FABP1,"Fatty acid-binding protein, liver",NMR metabolomics,X23470.Glucose,42102,0.0793205124990153,0.00899607737901086,0.061688200836154,0.0969528241618765,1.31533938942822e-18
FABP1,"Fatty acid-binding protein, liver",NMR metabolomics,X23471.Lactate,42102,0.0383483441351643,0.00947063898475684,0.0197858917250408,0.0569107965452877,5.16838633440533e-05
FABP1,"Fatty acid-binding protein, liver",NMR metabolomics,X23472.Pyruvate,42080,-0.00640461888995513,0.00912284456850834,-0.0242853942442315,0.0114761564643212,0.482665171445795
FABP1,"Fatty acid-binding protein, liver",NMR metabolomics,X23473.Citrate,42120,0.0758929076021819,0.00942105682392091,0.0574276362272969,0.0943581789770668,8.56292430070073e-16
FABP1,"Fatty acid-binding protein, liver",NMR metabolomics,X23474.3-Hydroxybutyrate,41844,0.189333281445388,0.0102554273469407,0.169232643845384,0.209433919045392,3.66840298250302e-75
FABP1,"Fatty acid-binding protein, liver",NMR metabolomics,X23475.Acetate,42111,-0.0037924483006149,0.00900409633189956,-0.021440477111138,0.0138555805099082,0.673621994388201
FABP1,"Fatty acid-binding protein, liver",NMR metabolomics,X23476.Acetoacetate,42122,0.103188894342603,0.00941931865410683,0.084727029780554,0.121650758904653,8.22713991349753e-28
FABP1,"Fatty acid-binding protein, liver",NMR metabolomics,X23477.Acetone,42122,0.077568267945133,0.00937396368514844,0.0591952991222421,0.095941236768024,1.40559794056393e-16
FABP1,"Fatty acid-binding protein, liver",NMR metabolomics,X23478.Creatinine,41868,0.210901168232392,0.0111846537484529,0.188979246885425,0.23282308957936,2.74504605240768e-78
FABP1,"Fatty acid-binding protein, liver",NMR metabolomics,X23479.Albumin,42121,-0.0134121678471443,0.00935278649355158,-0.0317436293745054,0.00491929368021677,0.151587088666841
FABP1,"Fatty acid-binding protein, liver",NMR metabolomics,X23480.Glycoprotein Acetyls,42123,0.100212166481939,0.00969176792189957,0.0812163013550157,0.119208031608862,5.75904648951216e-25
FABP1,"Fatty acid-binding protein, liver",NMR metabolomics,X23481.Concentration of Chylomicrons and Extremely Large VLDL Particles,42123,0.0344928602351963,0.0099177887267577,0.0150539943307513,0.0539317261396414,0.000506988781539843
FABP1,"Fatty acid-binding protein, liver",NMR metabolomics,X23482.Total Lipids in Chylomicrons and Extremely Large VLDL,42123,0.025847865480399,0.00986326696034011,0.00651586223813241,0.0451798687226656,0.00878684190442256
FABP1,"Fatty acid-binding protein, liver",NMR metabolomics,X23483.Phospholipids in Chylomicrons and Extremely Large VLDL,42123,0.0466694585126634,0.0101812305663143,0.0267142466026873,0.0666246704226395,4.60531643377723e-06
FABP1,"Fatty acid-binding protein, liver",NMR metabolomics,X23484.Cholesterol in Chylomicrons and Extremely Large VLDL,42123,0.0273083567178143,0.0100182121181822,0.00767266096617729,0.0469440524694514,0.00642145687374534
FABP1,"Fatty acid-binding protein, liver",NMR metabolomics,X23485.Cholesteryl Esters in Chylomicrons and Extremely Large VLDL,42123,0.0183386972558359,0.0100189560264267,-0.00129845655596039,0.0379758510676321,0.0672121424172669
FABP1,"Fatty acid-binding protein, liver",NMR metabolomics,X23486.Free Cholesterol in Chylomicrons and Extremely Large VLDL,42123,0.037987604940974,0.00994578409834862,0.0184938681082107,0.0574813417737373,0.000134337426289953
FABP1,"Fatty acid-binding protein, liver",NMR metabolomics,X23487.Triglycerides in Chylomicrons and Extremely Large VLDL,42123,0.0206209207103209,0.0096753087519189,0.00165731555655988,0.039584525864082,0.0330829673451213
FABP1,"Fatty acid-binding protein, liver",NMR metabolomics,X23488.Concentration of Very Large VLDL Particles,42123,0.0234249130767652,0.0103322102180472,0.00317378104939275,0.0436760451041376,0.0233953461876258
FABP1,"Fatty acid-binding protein, liver",NMR metabolomics,X23489.Total Lipids in Very Large VLDL,42123,0.0156298395336769,0.0102612642938305,-0.00448223848223093,0.0357419175495848,0.127734941197864
FABP1,"Fatty acid-binding protein, liver",NMR metabolomics,X23490.Phospholipids in Very Large VLDL,42123,0.0124623515575724,0.0102575461784158,-0.00764243895212256,0.0325671420672673,0.224408388915644
FABP1,"Fatty acid-binding protein, liver",NMR metabolomics,X23491.Cholesterol in Very Large VLDL,42123,-0.0167924902339335,0.0101893360414092,-0.0367635888750955,0.00317860840722846,0.0993665493140049
FABP1,"Fatty acid-binding protein, liver",NMR metabolomics,X23492.Cholesteryl Esters in Very Large VLDL,42123,-0.0378134952712018,0.0101682215602382,-0.0577432095292687,-0.0178837810131349,0.000200987159562474
FABP1,"Fatty acid-binding protein, liver",NMR metabolomics,X23493.Free Cholesterol in Very Large VLDL,42123,0.00270014388142453,0.0101692534969001,-0.0172315929724998,0.0226318807353488,0.790612672550604
FABP1,"Fatty acid-binding protein, liver",NMR metabolomics,X23494.Triglycerides in Very Large VLDL,42123,0.0273450024553896,0.0102886492327829,0.00717924995913503,0.0475107549516441,0.00787488865859145
FABP1,"Fatty acid-binding protein, liver",NMR metabolomics,X23495.Concentration of Large VLDL Particles,42123,0.00410674156015074,0.0101833784101411,-0.0158526801237258,0.0240661632440273,0.686749444053317
FABP1,"Fatty acid-binding protein, liver",NMR metabolomics,X23496.Total Lipids in Large VLDL,42123,-0.00723528572975879,0.0101550687143507,-0.0271392204098862,0.0126686489503687,0.476179739745811
FABP1,"Fatty acid-binding protein, liver",NMR metabolomics,X23497.Phospholipids in Large VLDL,42123,0.0142848925623948,0.0103501895513918,-0.00600147895833313,0.0345712640831227,0.167560946758123
FABP1,"Fatty acid-binding protein, liver",NMR metabolomics,X23498.Cholesterol in Large VLDL,42123,-0.021065177496615,0.0102224228758184,-0.041101126333219,-0.00102922866001095,0.0393523320006733
FABP1,"Fatty acid-binding protein, liver",NMR metabolomics,X23499.Cholesteryl Esters in Large VLDL,42123,-0.0481130845145,0.0101380488584121,-0.0679836602769878,-0.0282425087520122,2.09817035220485e-06
FABP1,"Fatty acid-binding protein, liver",NMR metabolomics,X23500.Free Cholesterol in Large VLDL,42123,0.00416862635870329,0.0103188966248732,-0.0160564110260482,0.0243936637434548,0.686233921448933
FABP1,"Fatty acid-binding protein, liver",NMR metabolomics,X23501.Triglycerides in Large VLDL,42123,-0.010870302204846,0.0100187133233027,-0.0305069803185193,0.00876637590882734,0.277941074630445
FABP1,"Fatty acid-binding protein, liver",NMR metabolomics,X23502.Concentration of Medium VLDL Particles,42123,-0.0902140482098692,0.00955015160809392,-0.108932345361733,-0.0714957510580051,4.07574241374498e-21
FABP1,"Fatty acid-binding protein, liver",NMR metabolomics,X23503.Total Lipids in Medium VLDL,42123,-0.0747164321408809,0.00959144964862031,-0.0935156734521767,-0.0559171908295851,7.1931763084964e-15
FABP1,"Fatty acid-binding protein, liver",NMR metabolomics,X23504.Phospholipids in Medium VLDL,42123,-0.0956371161279798,0.00952075668020749,-0.114297799221186,-0.0769764330347731,1.16848940302269e-23
FABP1,"Fatty acid-binding protein, liver",NMR metabolomics,X23505.Cholesterol in Medium VLDL,42123,-0.142108999316731,0.0093014235802541,-0.160339789534029,-0.123878209099433,2.91734855891199e-52
FABP1,"Fatty acid-binding protein, liver",NMR metabolomics,X23506.Cholesteryl Esters in Medium VLDL,42123,-0.157405303652326,0.00925578380465434,-0.175546639909449,-0.139263967395203,3.43197286444983e-64
FABP1,"Fatty acid-binding protein, liver",NMR metabolomics,X23507.Free Cholesterol in Medium VLDL,42123,-0.111832466731476,0.00945475508075552,-0.130363786689757,-0.0933011467731953,4.0193077331248e-32
FABP1,"Fatty acid-binding protein, liver",NMR metabolomics,X23508.Triglycerides in Medium VLDL,42123,-0.0181535786571303,0.00988370145108227,-0.0375256335012515,0.00121847618699097,0.0662733772924047
FABP1,"Fatty acid-binding protein, liver",NMR metabolomics,X23509.Concentration of Small VLDL Particles,42123,-0.0137387958823476,0.00989390211616652,-0.033130844030034,0.00565325226533879,0.164973492991706
FABP1,"Fatty acid-binding protein, liver",NMR metabolomics,X23510.Total Lipids in Small VLDL,42123,-0.0249462537534674,0.00989911063348044,-0.0443485105950891,-0.00554399691184579,0.0117452347196367
FABP1,"Fatty acid-binding protein, liver",NMR metabolomics,X23511.Phospholipids in Small VLDL,42123,-0.0666286420851871,0.00968383948524985,-0.0856089674762767,-0.0476483166940974,6.23133667878244e-12
FABP1,"Fatty acid-binding protein, liver",NMR metabolomics,X23512.Cholesterol in Small VLDL,42123,-0.0685577611061366,0.00976481322376368,-0.0876967950247134,-0.0494187271875597,2.30965398178297e-12
FABP1,"Fatty acid-binding protein, liver",NMR metabolomics,X23513.Cholesteryl Esters in Small VLDL,42123,-0.0498556550575441,0.0099482862368699,-0.0693542960818091,-0.0303570140332791,5.46951914651978e-07
FABP1,"Fatty acid-binding protein, liver",NMR metabolomics,X23514.Free Cholesterol in Small VLDL,42123,-0.0972360672266332,0.00947734683213127,-0.11581166701761,-0.0786604674356559,1.31549799036545e-24
FABP1,"Fatty acid-binding protein, liver",NMR metabolomics,X23515.Triglycerides in Small VLDL,42123,0.032823437416221,0.00999492383457325,0.0132333867004574,0.0524134881319846,0.00102601022493308
FABP1,"Fatty acid-binding protein, liver",NMR metabolomics,X23516.Concentration of Very Small VLDL Particles,42123,-0.0768210262065071,0.00944275679801802,-0.0953288295306225,-0.0583132228823918,4.46012304609544e-16
FABP1,"Fatty acid-binding protein, liver",NMR metabolomics,X23517.Total Lipids in Very Small VLDL,42123,-0.0750393094798645,0.00951258891459581,-0.0936839837524723,-0.0563946352072567,3.29421836554367e-15
FABP1,"Fatty acid-binding protein, liver",NMR metabolomics,X23518.Phospholipids in Very Small VLDL,42123,-0.0505641045524097,0.00949393759629605,-0.06917222224115,-0.0319559868636694,1.02042840142883e-07
FABP1,"Fatty acid-binding protein, liver",NMR metabolomics,X23519.Cholesterol in Very Small VLDL,42123,-0.143263462371206,0.00950722975486435,-0.161897632690741,-0.124629292051672,6.71420696896766e-51
FABP1,"Fatty acid-binding protein, liver",NMR metabolomics,X23520.Cholesteryl Esters in Very Small VLDL,42123,-0.165585916138904,0.00954636463355489,-0.184296790820671,-0.146875041457136,1.12301776876101e-66
FABP1,"Fatty acid-binding protein, liver",NMR metabolomics,X23521.Free Cholesterol in Very Small VLDL,42123,-0.086706692779942,0.00948111905769167,-0.105289686133018,-0.0681236994268663,6.79104365199572e-20
FABP1,"Fatty acid-binding protein, liver",NMR metabolomics,X23522.Triglycerides in Very Small VLDL,42123,0.0673709874638433,0.00968762889770173,0.0483832348243479,0.0863587401033387,3.70506684124434e-12
FABP1,"Fatty acid-binding protein, liver",NMR metabolomics,X23523.Concentration of IDL Particles,42123,-0.147415822919725,0.00928659254769441,-0.165617544313206,-0.129214101526244,3.08435346080523e-56
FABP1,"Fatty acid-binding protein, liver",NMR metabolomics,X23524.Total Lipids in IDL,42123,-0.16362376221111,0.00947017430244456,-0.182185303843901,-0.145062220578319,3.54469363148346e-66
FABP1,"Fatty acid-binding protein, liver",NMR metabolomics,X23525.Phospholipids in IDL,42123,-0.158599376066013,0.00947033088612458,-0.177161224602817,-0.140037527529209,2.52637958939817e-62
FABP1,"Fatty acid-binding protein, liver",NMR metabolomics,X23526.Cholesterol in IDL,42123,-0.180184857446552,0.00949587748360837,-0.198796777314424,-0.161572937578679,2.92737442741251e-79
FABP1,"Fatty acid-binding protein, liver",NMR metabolomics,X23527.Cholesteryl Esters in IDL,42123,-0.184718821011831,0.00950273963629281,-0.203344190698965,-0.166093451324697,4.93666558213727e-83
FABP1,"Fatty acid-binding protein, liver",NMR metabolomics,X23528.Free Cholesterol in IDL,42123,-0.163016796754159,0.00944966156554239,-0.181538133422622,-0.144495460085696,5.57567189330138e-66
FABP1,"Fatty acid-binding protein, liver",NMR metabolomics,X23529.Triglycerides in IDL,42123,0.0527765966356277,0.00936457727374592,0.0344220251790857,0.0711311680921697,1.7776001019895e-08
FABP1,"Fatty acid-binding protein, liver",NMR metabolomics,X23530.Concentration of Large LDL Particles,42123,-0.118344771121716,0.00922776958036283,-0.136431199499227,-0.100258342744205,1.96641043783305e-37
FABP1,"Fatty acid-binding protein, liver",NMR metabolomics,X23531.Total Lipids in Large LDL,42123,-0.130017332533869,0.00925261106751615,-0.148152450226201,-0.111882214841537,1.54106003432952e-44
FABP1,"Fatty acid-binding protein, liver",NMR metabolomics,X23532.Phospholipids in Large LDL,42123,-0.136109756975444,0.00927446817980198,-0.154287714607856,-0.117931799343032,2.1709603034289e-48
FABP1,"Fatty acid-binding protein, liver",NMR metabolomics,X23533.Cholesterol in Large LDL,42123,-0.139818136071874,0.00924678266345222,-0.157941830092241,-0.121694442051508,3.0999195105036e-51
FABP1,"Fatty acid-binding protein, liver",NMR metabolomics,X23534.Cholesteryl Esters in Large LDL,42123,-0.132898864730708,0.00924094160891839,-0.151011110284188,-0.114786619177228,1.48982199420948e-46
FABP1,"Fatty acid-binding protein, liver",NMR metabolomics,X23535.Free Cholesterol in Large LDL,42123,-0.15573996143619,0.00930709526380984,-0.173981868153257,-0.137498054719123,3.1553320253423e-62
FABP1,"Fatty acid-binding protein, liver",NMR metabolomics,X23536.Triglycerides in Large LDL,42123,0.0621602121937126,0.00924982102904486,0.0440305629767846,0.0802898614106405,1.88804784990516e-11
FABP1,"Fatty acid-binding protein, liver",NMR metabolomics,X23537.Concentration of Medium LDL Particles,42123,-0.104099403247693,0.00934482980554105,-0.122415269666553,-0.0857835368288323,1.07064670749366e-28
FABP1,"Fatty acid-binding protein, liver",NMR metabolomics,X23538.Total Lipids in Medium LDL,42123,-0.0897163572999047,0.00929042350715324,-0.107925587373925,-0.0715071272258844,5.41355392352898e-22
FABP1,"Fatty acid-binding protein, liver",NMR metabolomics,X23539.Phospholipids in Medium LDL,42123,-0.0906313707861311,0.00932363155824504,-0.108905688640291,-0.0723570529319708,2.91293632762005e-22
FABP1,"Fatty acid-binding protein, liver",NMR metabolomics,X23540.Cholesterol in Medium LDL,42123,-0.100265125085792,0.0092694632507285,-0.11843327305722,-0.0820969771143641,3.70548657779274e-27
FABP1,"Fatty acid-binding protein, liver",NMR metabolomics,X23541.Cholesteryl Esters in Medium LDL,42123,-0.0896751438911529,0.00931553238007678,-0.107933587356103,-0.0714167004262024,7.26879708683612e-22
FABP1,"Fatty acid-binding protein, liver",NMR metabolomics,X23542.Free Cholesterol in Medium LDL,42123,-0.123078571229919,0.00919991087715079,-0.141110396549135,-0.105046745910703,1.46734999011877e-40
FABP1,"Fatty acid-binding protein, liver",NMR metabolomics,X23543.Triglycerides in Medium LDL,42123,0.0642013182461403,0.00931484109724284,0.0459442296955444,0.0824584067967363,5.73024992274303e-12
FABP1,"Fatty acid-binding protein, liver",NMR metabolomics,X23544.Concentration of Small LDL Particles,42123,-0.0996773524314727,0.00935737694258979,-0.118017811238949,-0.0813368936239967,2.16497704749883e-26
FABP1,"Fatty acid-binding protein, liver",NMR metabolomics,X23545.Total Lipids in Small LDL,42123,-0.0952414622915642,0.00922097261034293,-0.113314568607836,-0.077168355975292,6.4626388507928e-25
FABP1,"Fatty acid-binding protein, liver",NMR metabolomics,X23546.Phospholipids in Small LDL,42123,-0.0959999457290806,0.00918559899537929,-0.114003719760024,-0.0779961716981371,1.81018467864674e-25
FABP1,"Fatty acid-binding protein, liver",NMR metabolomics,X23547.Cholesterol in Small LDL,42123,-0.106242563736614,0.0092391773664624,-0.124351351374881,-0.0881337760983481,1.84594312741366e-30
FABP1,"Fatty acid-binding protein, liver",NMR metabolomics,X23548.Cholesteryl Esters in Small LDL,42123,-0.093402785483038,0.009257711409628,-0.111547899845909,-0.0752576711201671,7.49077542475797e-24
FABP1,"Fatty acid-binding protein, liver",NMR metabolomics,X23549.Free Cholesterol in Small LDL,42123,-0.128926683184126,0.00920727335844231,-0.146972938966673,-0.110880427401579,3.055662663813e-44
FABP1,"Fatty acid-binding protein, liver",NMR metabolomics,X23550.Triglycerides in Small LDL,42123,0.0349857810668156,0.0094530384749996,0.0164578256558163,0.0535137364778148,0.000215596077040059
FABP1,"Fatty acid-binding protein, liver",NMR metabolomics,X23551.Concentration of Very Large HDL Particles,42123,-0.187727579068703,0.0106707288374191,-0.208642207590044,-0.166812950547361,1.61988407882772e-68
FABP1,"Fatty acid-binding protein, liver",NMR metabolomics,X23552.Total Lipids in Very Large HDL,42123,-0.185596869006031,0.0107121582768856,-0.206592699228727,-0.164601038783335,1.56827830518625e-66
FABP1,"Fatty acid-binding protein, liver",NMR metabolomics,X23553.Phospholipids in Very Large HDL,42123,-0.171756854843843,0.0106753125919407,-0.192680467524047,-0.15083324216364,1.04254421926766e-57
FABP1,"Fatty acid-binding protein, liver",NMR metabolomics,X23554.Cholesterol in Very Large HDL,42123,-0.204470088273808,0.0108103230975809,-0.225658321545067,-0.18328185500255,9.00591954153702e-79
FABP1,"Fatty acid-binding protein, liver",NMR metabolomics,X23555.Cholesteryl Esters in Very Large HDL,42123,-0.208632866151041,0.0108581771905421,-0.229914893444503,-0.187350838857578,3.37998939513397e-81
FABP1,"Fatty acid-binding protein, liver",NMR metabolomics,X23556.Free Cholesterol in Very Large HDL,42123,-0.172384382637454,0.0105538595384161,-0.19306994733275,-0.151698817942159,2.10059369342275e-59
FABP1,"Fatty acid-binding protein, liver",NMR metabolomics,X23557.Triglycerides in Very Large HDL,42123,-0.0138629468652602,0.00902757873153201,-0.0315570011790629,0.00383110744854256,0.124654554798192
FABP1,"Fatty acid-binding protein, liver",NMR metabolomics,X23558.Concentration of Large HDL Particles,42123,-0.181341226682462,0.0107678919783825,-0.202446294960092,-0.160236158404832,5.35695191297662e-63
FABP1,"Fatty acid-binding protein, liver",NMR metabolomics,X23559.Total Lipids in Large HDL,42123,-0.166125909123968,0.0106924833803601,-0.187083176549474,-0.145168641698462,5.72798503305441e-54
FABP1,"Fatty acid-binding protein, liver",NMR metabolomics,X23560.Phospholipids in Large HDL,42123,-0.143247285503428,0.0106118524013875,-0.164046516210148,-0.122448054796709,2.94000348853442e-41
FABP1,"Fatty acid-binding protein, liver",NMR metabolomics,X23561.Cholesterol in Large HDL,42123,-0.191380537689845,0.0108255272684297,-0.212598571135967,-0.170162504243723,3.66862907416794e-69
FABP1,"Fatty acid-binding protein, liver",NMR metabolomics,X23562.Cholesteryl Esters in Large HDL,42123,-0.191759130151372,0.0108635785085257,-0.213051744028083,-0.170466516274662,5.86353980923393e-69
FABP1,"Fatty acid-binding protein, liver",NMR metabolomics,X23563.Free Cholesterol in Large HDL,42123,-0.183872143169817,0.0107076703406072,-0.204859177037407,-0.162885109302227,2.12130917559599e-65
FABP1,"Fatty acid-binding protein, liver",NMR metabolomics,X23564.Triglycerides in Large HDL,42123,-0.0187500200782401,0.009494493803723,-0.0373592279335372,-0.000140812222943064,0.0483076456464827
FABP1,"Fatty acid-binding protein, liver",NMR metabolomics,X23565.Concentration of Medium HDL Particles,42123,-0.0693390514963279,0.00995041925705757,-0.0888418732401608,-0.0498362297524951,3.35277794953747e-12
FABP1,"Fatty acid-binding protein, liver",NMR metabolomics,X23566.Total Lipids in Medium HDL,42123,-0.0552932544693865,0.00979135789367367,-0.0744843159409869,-0.0361021929977861,1.66415253336614e-08
FABP1,"Fatty acid-binding protein, liver",NMR metabolomics,X23567.Phospholipids in Medium HDL,42123,-0.0442317264151689,0.00963049232243796,-0.0631074913671473,-0.0253559614631906,4.41108870392002e-06
FABP1,"Fatty acid-binding protein, liver",NMR metabolomics,X23568.Cholesterol in Medium HDL,42123,-0.0775928319233118,0.010059725541781,-0.0973098939852026,-0.0578757698614209,1.31243589345494e-14
FABP1,"Fatty acid-binding protein, liver",NMR metabolomics,X23569.Cholesteryl Esters in Medium HDL,42123,-0.0735416140907027,0.0100484068042463,-0.0932364914270254,-0.05384673675438,2.6443844728836e-13
FABP1,"Fatty acid-binding protein, liver",NMR metabolomics,X23570.Free Cholesterol in Medium HDL,42123,-0.0908982819227435,0.0100988896800384,-0.110692105695619,-0.0711044581498683,2.53571576576564e-19
FABP1,"Fatty acid-binding protein, liver",NMR metabolomics,X23571.Triglycerides in Medium HDL,42123,0.03539214682831,0.00974244944501392,0.0162969459160827,0.0544873477405373,0.000281424945786123
FABP1,"Fatty acid-binding protein, liver",NMR metabolomics,X23572.Concentration of Small HDL Particles,42123,-0.0243223222250906,0.00933797676462798,-0.0426247566837614,-0.00601988776641974,0.00920641463870988
FABP1,"Fatty acid-binding protein, liver",NMR metabolomics,X23573.Total Lipids in Small HDL,42123,-0.00436720375548372,0.00933122469987315,-0.0226564041672351,0.0139219966562677,0.639777525599211
FABP1,"Fatty acid-binding protein, liver",NMR metabolomics,X23574.Phospholipids in Small HDL,42123,-0.0032517964787626,0.00928186593453667,-0.0214442537104545,0.0149406607529293,0.726090011055495
FABP1,"Fatty acid-binding protein, liver",NMR metabolomics,X23575.Cholesterol in Small HDL,42123,-0.0301453430379725,0.00929025530326218,-0.0483542434323663,-0.0119364426435786,0.00117804414241747
FABP1,"Fatty acid-binding protein, liver",NMR metabolomics,X23576.Cholesteryl Esters in Small HDL,42123,-0.0290553749412713,0.00934664669249393,-0.0473748024585594,-0.0107359474239832,0.00188339575406758
FABP1,"Fatty acid-binding protein, liver",NMR metabolomics,X23577.Free Cholesterol in Small HDL,42123,-0.0293130364423089,0.00925641907546921,-0.0474556178302286,-0.0111704550543893,0.00154479661156964
FABP1,"Fatty acid-binding protein, liver",NMR metabolomics,X23578.Triglycerides in Small HDL,42123,0.0921558909615521,0.0104598354543457,0.0716546134710345,0.11265716845207,1.39665594669968e-18
FABP1,"Fatty acid-binding protein, liver",NMR metabolomics,X23579.Phospholipids to Total Lipids in Chylomicrons and Extremely Large VLDL percentage,41744,0.128939240016987,0.0104714947339732,0.1084151103384,0.149463369695575,1.19146461523024e-34
FABP1,"Fatty acid-binding protein, liver",NMR metabolomics,X23580.Cholesterol to Total Lipids in Chylomicrons and Extremely Large VLDL percentage,41744,-0.0248531333697255,0.0101094541045927,-0.0446676634147272,-0.00503860332472385,0.0139683687006619
FABP1,"Fatty acid-binding protein, liver",NMR metabolomics,X23581.Cholesteryl Esters to Total Lipids in Chylomicrons and Extremely Large VLDL percentage,41744,-0.0444881835050858,0.0102275218341271,-0.064534126299975,-0.0244422407101966,1.37257618681556e-05
FABP1,"Fatty acid-binding protein, liver",NMR metabolomics,X23582.Free Cholesterol to Total Lipids in Chylomicrons and Extremely Large VLDL percentage,41744,0.020710780916488,0.010107874000507,0.000899347875494168,0.0405222139574818,0.0404843733363258
FABP1,"Fatty acid-binding protein, liver",NMR metabolomics,X23583.Triglycerides to Total Lipids in Chylomicrons and Extremely Large VLDL percentage,41744,-0.0116029037331922,0.0102386578725343,-0.0316706731633594,0.008464865696975,0.257132219910027
FABP1,"Fatty acid-binding protein, liver",NMR metabolomics,X23584.Phospholipids to Total Lipids in Very Large VLDL percentage,42050,-0.0408514354831325,0.0103144870424535,-0.0610678300863414,-0.0206350408799236,7.51507099271504e-05
FABP1,"Fatty acid-binding protein, liver",NMR metabolomics,X23585.Cholesterol to Total Lipids in Very Large VLDL percentage,42050,-0.0972419271301198,0.0103966423518305,-0.117619346139708,-0.076864508120532,9.82860091084628e-21
FABP1,"Fatty acid-binding protein, liver",NMR metabolomics,X23586.Cholesteryl Esters to Total Lipids in Very Large VLDL percentage,42050,-0.0949802592283318,0.0103340074158526,-0.115234913763403,-0.0747256046932607,4.45391199234399e-20
FABP1,"Fatty acid-binding protein, liver",NMR metabolomics,X23587.Free Cholesterol to Total Lipids in Very Large VLDL percentage,42050,-0.0871864078418897,0.0104238365197491,-0.107617127420598,-0.0667556882631815,6.64734160365383e-17
FABP1,"Fatty acid-binding protein, liver",NMR metabolomics,X23588.Triglycerides to Total Lipids in Very Large VLDL percentage,42050,0.0981338472091394,0.010356639678784,0.0778348334387227,0.118432860979556,3.09358374649706e-21
FABP1,"Fatty acid-binding protein, liver",NMR metabolomics,X23589.Phospholipids to Total Lipids in Large VLDL percentage,42123,0.131642984782061,0.0107119658783494,0.110647531660496,0.152638437903625,1.57936488053977e-34
FABP1,"Fatty acid-binding protein, liver",NMR metabolomics,X23590.Cholesterol to Total Lipids in Large VLDL percentage,42123,-0.0493757077246762,0.0100723576093789,-0.0691175286390589,-0.0296338868102935,9.5917617094381e-07
FABP1,"Fatty acid-binding protein, liver",NMR metabolomics,X23591.Cholesteryl Esters to Total Lipids in Large VLDL percentage,42123,-0.0883652102105318,0.0102194144875987,-0.108395262606225,-0.0683351578148383,5.8869994253111e-18
FABP1,"Fatty acid-binding protein, liver",NMR metabolomics,X23592.Free Cholesterol to Total Lipids in Large VLDL percentage,42123,0.0748015531142805,0.0101993766435855,0.0548107748928529,0.0947923313357082,2.36203238881096e-13
FABP1,"Fatty acid-binding protein, liver",NMR metabolomics,X23593.Triglycerides to Total Lipids in Large VLDL percentage,42123,-0.00330902441557509,0.0102742505975606,-0.0234465555867938,0.0168285067556436,0.747404899481189
FABP1,"Fatty acid-binding protein, liver",NMR metabolomics,X23594.Phospholipids to Total Lipids in Medium VLDL percentage,42123,-0.120088698106077,0.00983025457040246,-0.139355997064066,-0.100821399148088,3.85259495983803e-34
FABP1,"Fatty acid-binding protein, liver",NMR metabolomics,X23595.Cholesterol to Total Lipids in Medium VLDL percentage,42123,-0.139596653444049,0.0101593747274398,-0.159509027909831,-0.119684278978267,1.12075427169295e-42
FABP1,"Fatty acid-binding protein, liver",NMR metabolomics,X23596.Cholesteryl Esters to Total Lipids in Medium VLDL percentage,42123,-0.14199906086928,0.0102257540466728,-0.162041538800759,-0.121956582937802,1.52364364659209e-43
FABP1,"Fatty acid-binding protein, liver",NMR metabolomics,X23597.Free Cholesterol to Total Lipids in Medium VLDL percentage,42123,-0.13000222359946,0.00994083562692793,-0.149486261428239,-0.110518185770681,7.60718379632002e-39
FABP1,"Fatty acid-binding protein, liver",NMR metabolomics,X23598.Triglycerides to Total Lipids in Medium VLDL percentage,42123,0.136661467653578,0.0100755141418017,0.116913459935647,0.156409475371509,1.22999388336205e-41
FABP1,"Fatty acid-binding protein, liver",NMR metabolomics,X23599.Phospholipids to Total Lipids in Small VLDL percentage,42123,-0.150511239296955,0.00988424964363325,-0.169884368598477,-0.131138109995434,6.27090877350099e-52
FABP1,"Fatty acid-binding protein, liver",NMR metabolomics,X23600.Cholesterol to Total Lipids in Small VLDL percentage,42123,-0.101881007687796,0.00958631447706261,-0.120670184062839,-0.0830918313127533,2.81053969970482e-26
FABP1,"Fatty acid-binding protein, liver",NMR metabolomics,X23601.Cholesteryl Esters to Total Lipids in Small VLDL percentage,42123,-0.0580607243088707,0.00947191755663147,-0.0766256827198683,-0.039495765897873,9.0450204205017e-10
FABP1,"Fatty acid-binding protein, liver",NMR metabolomics,X23602.Free Cholesterol to Total Lipids in Small VLDL percentage,42123,-0.156412985229865,0.0099625654159355,-0.175939613445098,-0.136886357014631,4.62456147846422e-55
FABP1,"Fatty acid-binding protein, liver",NMR metabolomics,X23603.Triglycerides to Total Lipids in Small VLDL percentage,42123,0.117251321653275,0.00967074451012184,0.0982966624134359,0.136205980893114,1.17338458359577e-33
FABP1,"Fatty acid-binding protein, liver",NMR metabolomics,X23604.Phospholipids to Total Lipids in Very Small VLDL percentage,42123,0.181394649314018,0.00931494027788163,0.16313736636937,0.199651932258666,2.5391774548272e-83
FABP1,"Fatty acid-binding protein, liver",NMR metabolomics,X23605.Cholesterol to Total Lipids in Very Small VLDL percentage,42123,-0.211117727322448,0.00977381772074168,-0.230274410055101,-0.191961044589794,9.27208408358095e-102
FABP1,"Fatty acid-binding protein, liver",NMR metabolomics,X23606.Cholesteryl Esters to Total Lipids in Very Small VLDL percentage,42123,-0.226775913535465,0.00988749008807397,-0.24615539410809,-0.20739643296284,3.06009086910892e-114
FABP1,"Fatty acid-binding protein, liver",NMR metabolomics,X23607.Free Cholesterol to Total Lipids in Very Small VLDL percentage,42123,-0.0751539679687126,0.00875242797896052,-0.0923087268074752,-0.05799920912995,9.9246907607232e-18
FABP1,"Fatty acid-binding protein, liver",NMR metabolomics,X23608.Triglycerides to Total Lipids in Very Small VLDL percentage,42123,0.191544755801873,0.00967702948230265,0.17257777801656,0.210511733587186,5.5325367908172e-86
FABP1,"Fatty acid-binding protein, liver",NMR metabolomics,X23609.Phospholipids to Total Lipids in IDL percentage,42123,0.0958289633789598,0.00917732387256427,0.0778414085887339,0.113816518169186,1.99312065640083e-25
FABP1,"Fatty acid-binding protein, liver",NMR metabolomics,X23610.Cholesterol to Total Lipids in IDL percentage,42123,-0.198776356475801,0.00950566201939841,-0.217407454033822,-0.18014525891778,1.36506687329141e-95
FABP1,"Fatty acid-binding protein, liver",NMR metabolomics,X23611.Cholesteryl Esters to Total Lipids in IDL percentage,42123,-0.213301078969663,0.00935130632762709,-0.231629639371812,-0.194972518567514,4.91874316309793e-113
FABP1,"Fatty acid-binding protein, liver",NMR metabolomics,X23612.Free Cholesterol to Total Lipids in IDL percentage,42123,-0.0579590963095088,0.00885906086770862,-0.0753228556102177,-0.0405953370087999,6.27384820870274e-11
FABP1,"Fatty acid-binding protein, liver",NMR metabolomics,X23613.Triglycerides to Total Lipids in IDL percentage,42123,0.206718216297355,0.00956398862740799,0.187972798587635,0.225463634007074,6.93255514115373e-102
FABP1,"Fatty acid-binding protein, liver",NMR metabolomics,X23614.Phospholipids to Total Lipids in Large LDL percentage,42123,-0.0125695306775205,0.00943944110305033,-0.0310708352394992,0.00593177388445812,0.183015122860029
FABP1,"Fatty acid-binding protein, liver",NMR metabolomics,X23615.Cholesterol to Total Lipids in Large LDL percentage,42123,-0.209987490317018,0.00945563891464969,-0.228520542589731,-0.191454438044304,2.37873324680877e-107
FABP1,"Fatty acid-binding protein, liver",NMR metabolomics,X23616.Cholesteryl Esters to Total Lipids in Large LDL percentage,42123,-0.115688539520189,0.00916766872706884,-0.133657170225244,-0.0977199088151341,2.65091210664303e-36
FABP1,"Fatty acid-binding protein, liver",NMR metabolomics,X23617.Free Cholesterol to Total Lipids in Large LDL percentage,42123,-0.177872311850104,0.0101972427025251,-0.197858907547053,-0.157885716153155,2.1176695322352e-67
FABP1,"Fatty acid-binding protein, liver",NMR metabolomics,X23618.Triglycerides to Total Lipids in Large LDL percentage,42123,0.199383784382959,0.00931360774680637,0.181129113199218,0.217638455566699,5.12418956102194e-100
FABP1,"Fatty acid-binding protein, liver",NMR metabolomics,X23619.Phospholipids to Total Lipids in Medium LDL percentage,42123,0.0330022754131854,0.00971739316225352,0.0139561848151685,0.0520483660112023,0.000685233842561755
FABP1,"Fatty acid-binding protein, liver",NMR metabolomics,X23620.Cholesterol to Total Lipids in Medium LDL percentage,42123,-0.194020103461049,0.00943978864311683,-0.212522089201558,-0.17551811772054,1.8444107071318e-92
FABP1,"Fatty acid-binding protein, liver",NMR metabolomics,X23621.Cholesteryl Esters to Total Lipids in Medium LDL percentage,42123,-0.0579162542226524,0.00969314273434448,-0.0769148139819676,-0.0389176944633373,2.35914197299444e-09
FABP1,"Fatty acid-binding protein, liver",NMR metabolomics,X23622.Free Cholesterol to Total Lipids in Medium LDL percentage,42123,-0.110067501179389,0.00992022720600695,-0.129511146503162,-0.090623855855615,1.75540969979648e-28
FABP1,"Fatty acid-binding protein, liver",NMR metabolomics,X23623.Triglycerides to Total Lipids in Medium LDL percentage,42123,0.17820352606575,0.00931380093090345,0.159948476241179,0.19645857589032,1.54159469595373e-80
FABP1,"Fatty acid-binding protein, liver",NMR metabolomics,X23624.Phospholipids to Total Lipids in Small LDL percentage,42123,0.0269837524604029,0.00963215518041778,0.00810472830678404,0.0458627766140217,0.00509498733333085
FABP1,"Fatty acid-binding protein, liver",NMR metabolomics,X23625.Cholesterol to Total Lipids in Small LDL percentage,42123,-0.136053304385089,0.00932399127000691,-0.154328327274302,-0.117778281495875,7.32197420373409e-48
FABP1,"Fatty acid-binding protein, liver",NMR metabolomics,X23626.Cholesteryl Esters to Total Lipids in Small LDL percentage,42123,-0.0424432548584623,0.00954672325557151,-0.0611548324393825,-0.0237316772775421,8.82441675548538e-06
FABP1,"Fatty acid-binding protein, liver",NMR metabolomics,X23627.Free Cholesterol to Total Lipids in Small LDL percentage,42123,-0.0947555918201944,0.00943955825635127,-0.113257126002643,-0.0762540576377459,1.25351069548186e-23
FABP1,"Fatty acid-binding protein, liver",NMR metabolomics,X23628.Triglycerides to Total Lipids in Small LDL percentage,42123,0.126149997788147,0.00958121696084541,0.10737081254489,0.144929183031404,2.39175651763889e-39
FABP1,"Fatty acid-binding protein, liver",NMR metabolomics,X23629.Phospholipids to Total Lipids in Very Large HDL percentage,42111,-0.107012900566884,0.0102260232760978,-0.127055906188035,-0.0869698949457321,1.56988373691371e-25
FABP1,"Fatty acid-binding protein, liver",NMR metabolomics,X23630.Cholesterol to Total Lipids in Very Large HDL percentage,42111,0.0211178640609264,0.00892209595765075,0.00363055598393098,0.0386051721379219,0.0179509514279667
FABP1,"Fatty acid-binding protein, liver",NMR metabolomics,X23631.Cholesteryl Esters to Total Lipids in Very Large HDL percentage,42111,-0.0579654258077179,0.00830827825488156,-0.0742496511872858,-0.0416812004281501,3.15980166359712e-12
FABP1,"Fatty acid-binding protein, liver",NMR metabolomics,X23632.Free Cholesterol to Total Lipids in Very Large HDL percentage,42111,0.144595380222223,0.0105648161292136,0.123888340608964,0.165302419835481,2.34227791504185e-42
FABP1,"Fatty acid-binding protein, liver",NMR metabolomics,X23633.Triglycerides to Total Lipids in Very Large HDL percentage,42111,0.124763466391369,0.00997969903179998,0.105203256289041,0.144323676493697,1.15051700629226e-35
FABP1,"Fatty acid-binding protein, liver",NMR metabolomics,X23634.Phospholipids to Total Lipids in Large HDL percentage,42123,0.162911653858346,0.00936816283605205,0.144550054699684,0.181273253017008,5.26141910904129e-67
FABP1,"Fatty acid-binding protein, liver",NMR metabolomics,X23635.Cholesterol to Total Lipids in Large HDL percentage,42123,-0.168077215914059,0.00990173607614422,-0.187484618623301,-0.148669813204816,5.81953530635112e-64
FABP1,"Fatty acid-binding protein, liver",NMR metabolomics,X23636.Cholesteryl Esters to Total Lipids in Large HDL percentage,42123,-0.138482566049657,0.00955959821156066,-0.157219378544316,-0.119745753554998,3.33944479787589e-47
FABP1,"Fatty acid-binding protein, liver",NMR metabolomics,X23637.Free Cholesterol to Total Lipids in Large HDL percentage,42123,-0.162907358230058,0.00946479543133343,-0.181458357275472,-0.144356359184645,1.08122665386015e-65
FABP1,"Fatty acid-binding protein, liver",NMR metabolomics,X23638.Triglycerides to Total Lipids in Large HDL percentage,42123,0.113438529541079,0.00956913260325533,0.094683029638699,0.13219402944346,2.94125814607211e-32
FABP1,"Fatty acid-binding protein, liver",NMR metabolomics,X23639.Phospholipids to Total Lipids in Medium HDL percentage,42123,0.099297839180914,0.0102307582218752,0.0792455530660386,0.119350125295789,3.3647237389325e-22
FABP1,"Fatty acid-binding protein, liver",NMR metabolomics,X23640.Cholesterol to Total Lipids in Medium HDL percentage,42123,-0.0942961284474211,0.0102111148662061,-0.114309913585185,-0.0742823433096571,2.97167332718584e-20
FABP1,"Fatty acid-binding protein, liver",NMR metabolomics,X23641.Cholesteryl Esters to Total Lipids in Medium HDL percentage,42123,-0.056586609378365,0.00972971046637848,-0.0756568418924668,-0.0375163768642632,6.16872342173206e-09
FABP1,"Fatty acid-binding protein, liver",NMR metabolomics,X23642.Free Cholesterol to Total Lipids in Medium HDL percentage,42123,-0.175531190886779,0.0105545286285672,-0.196218066998771,-0.154844314774787,1.69756643909389e-61
FABP1,"Fatty acid-binding protein, liver",NMR metabolomics,X23643.Triglycerides to Total Lipids in Medium HDL percentage,42123,0.0821323847602727,0.0100669484518414,0.0624011657946636,0.101863603725882,3.68605343807486e-16
FABP1,"Fatty acid-binding protein, liver",NMR metabolomics,X23644.Phospholipids to Total Lipids in Small HDL percentage,42123,0.0136732288382509,0.00937883666665549,-0.00470929102839382,0.0320557487048957,0.14489653752355
FABP1,"Fatty acid-binding protein, liver",NMR metabolomics,X23645.Cholesterol to Total Lipids in Small HDL percentage,42123,-0.0699849687175188,0.00928504194612986,-0.0881836509319334,-0.0517862865031043,5.09931702208978e-14
FABP1,"Fatty acid-binding protein, liver",NMR metabolomics,X23646.Cholesteryl Esters to Total Lipids in Small HDL percentage,42123,-0.0462416064646107,0.00916651118415807,-0.0642079683855605,-0.0282752445436608,4.60305273799297e-07
FABP1,"Fatty acid-binding protein, liver",NMR metabolomics,X23647.Free Cholesterol to Total Lipids in Small HDL percentage,42123,-0.0948193164400426,0.00988264493809014,-0.114189300518699,-0.0754493323613859,9.88627455666169e-22
FABP1,"Fatty acid-binding protein, liver",NMR metabolomics,X23648.Triglycerides to Total Lipids in Small HDL percentage,42123,0.110754584659713,0.0104596266725759,0.0902537163814646,0.131255452937962,4.25081900895174e-26
FABP1,"Fatty acid-binding protein, liver",Working and living environment,X24003.Nitrogen dioxide air pollution; 2010,51928,0.0117261496037613,0.0078839471670212,-0.00372638684360029,0.0271786860511228,0.136937224018535
FABP1,"Fatty acid-binding protein, liver",Working and living environment,X24004.Nitrogen oxides air pollution; 2010,51928,0.00947629840734982,0.0076590156791004,-0.00553537232368696,0.0244879691383866,0.21599795497051
FABP1,"Fatty acid-binding protein, liver",Working and living environment,X24005.Particulate matter air pollution (pm10); 2010,50388,0.0111599090441521,0.0073119349409534,-0.00317148344011656,0.0254913015284208,0.126959804093851
FABP1,"Fatty acid-binding protein, liver",Working and living environment,X24006.Particulate matter air pollution (pm2.5); 2010,50388,0.0106855915258967,0.00796037360018433,-0.00491674073046455,0.026287923782258,0.17949717511778
FABP1,"Fatty acid-binding protein, liver",Working and living environment,X24007.Particulate matter air pollution (pm2.5) absorbance; 2010,50388,0.00872851682646884,0.00788271673949936,-0.0067216079829499,0.0241786416358876,0.268177314032824
FABP1,"Fatty acid-binding protein, liver",Working and living environment,X24008.Particulate matter air pollution 2.5-10um; 2010,50388,0.000516073454059975,0.00725178468149147,-0.0136974245216633,0.0147295714297833,0.943267068237631
FABP1,"Fatty acid-binding protein, liver",Working and living environment,X24009.Traffic intensity on the nearest road,51928,-0.0370831494002549,0.0254736104100686,-0.0870114258039894,0.0128451270034795,0.145475839951174
FABP1,"Fatty acid-binding protein, liver",Working and living environment,X24010.Inverse distance to the nearest road,51928,0.00299675264756277,0.00688940178563117,-0.0105064748522743,0.0164999801473999,0.663580899044928
FABP1,"Fatty acid-binding protein, liver",Working and living environment,X24011.Traffic intensity on the nearest major road,51928,0.00769809621941226,0.00687192950483687,-0.00577088561006801,0.0211670780488925,0.262630108346143
FABP1,"Fatty acid-binding protein, liver",Working and living environment,X24012.Inverse distance to the nearest major road,51928,-0.0105838421594331,0.00697541307827176,-0.0242556517928457,0.00308796747397958,0.129202775994834
FABP1,"Fatty acid-binding protein, liver",Working and living environment,X24013.Total traffic load on major roads,51928,-0.0187464366620975,0.0176500368005172,-0.0533405087911113,0.0158476354669162,0.288192732515074
FABP1,"Fatty acid-binding protein, liver",Working and living environment,X24015.Sum of road length of major roads within 100m,51928,-0.0180518472170972,0.0171805538531144,-0.0517257327692014,0.0156220383350071,0.293400882063154
FABP1,"Fatty acid-binding protein, liver",Working and living environment,X24016.Nitrogen dioxide air pollution; 2005,51928,0.0102363110082584,0.00791793662824597,-0.00528284478310375,0.0257554667996205,0.196092933235176
FABP1,"Fatty acid-binding protein, liver",Working and living environment,X24017.Nitrogen dioxide air pollution; 2006,51928,0.00911670484545554,0.00791831556944918,-0.00640319367066484,0.0246366033615759,0.249602556778452
FABP1,"Fatty acid-binding protein, liver",Working and living environment,X24018.Nitrogen dioxide air pollution; 2007,51928,0.0119209045806252,0.00782427721749302,-0.00341467876566111,0.0272564879269115,0.127627463745216
FABP1,"Fatty acid-binding protein, liver",Working and living environment,X24019.Particulate matter air pollution (pm10); 2007,51891,0.00471256184549493,0.00765157807112167,-0.0102845311739035,0.0197096548648934,0.537970429539673
FABP1,"Fatty acid-binding protein, liver",Working and living environment,X24020.Average daytime sound level of noise pollution,51928,-0.00529357098928464,0.00687934497653727,-0.0187770871432977,0.00818994516472841,0.441611665254445
FABP1,"Fatty acid-binding protein, liver",Working and living environment,X24021.Average evening sound level of noise pollution,51928,-0.00523956071951718,0.00687986955645647,-0.0187241050501719,0.00824498361113749,0.446319311175846
FABP1,"Fatty acid-binding protein, liver",Working and living environment,X24022.Average night-time sound level of noise pollution,51928,-0.00534491273027247,0.00687959017051845,-0.0188289094644886,0.00813908400394369,0.437212001545502
FABP1,"Fatty acid-binding protein, liver",Working and living environment,X24023.Average 16-hour sound level of noise pollution,51928,-0.00529245420338769,0.00687951235019705,-0.0187762984097739,0.00819139000299853,0.441719113587524
FABP1,"Fatty acid-binding protein, liver",Working and living environment,X24024.Average 24-hour sound level of noise pollution,51928,-0.00526783242917497,0.00687961433284998,-0.0187518765215609,0.00821621166321098,0.443852908155991
FABP1,"Fatty acid-binding protein, liver",Health and medical history,X2405.Number of children fathered,51916,-0.0735245157146138,0.0132024792763378,-0.0994013750962359,-0.0476476563329918,2.59039397040214e-08
FABP1,"Fatty acid-binding protein, liver",Working and living environment,"X24500.Greenspace percentage, buffer 1000m",49420,-0.00923984207350109,0.00815784244992804,-0.02522921327536,0.00674952912835787,0.257381421913155
FABP1,"Fatty acid-binding protein, liver",Working and living environment,"X24501.Domestic garden percentage, buffer 1000m",49420,0.0207479490973478,0.00733439036690176,0.00637254397822031,0.0351233542164752,0.00467590605594525
FABP1,"Fatty acid-binding protein, liver",Working and living environment,"X24502.Water percentage, buffer 1000m",49420,0.00256846566194548,0.0074073594561766,-0.0119499588721607,0.0170868901960516,0.728786322464913
FABP1,"Fatty acid-binding protein, liver",Working and living environment,"X24503.Greenspace percentage, buffer 300m",49420,-0.0102735293197434,0.00766980135480422,-0.0253063399751597,0.00475928133567285,0.180429769365075
FABP1,"Fatty acid-binding protein, liver",Working and living environment,"X24504.Domestic garden percentage, buffer 300m",49420,0.0121268501036108,0.00740946173210508,-0.00239569489131515,0.0266493950985368,0.101714374945843
FABP1,"Fatty acid-binding protein, liver",Working and living environment,"X24505.Water percentage, buffer 300m",49420,0.00422004563030807,0.00744893982084902,-0.010379876418556,0.0188199676791722,0.571039856872067
FABP1,"Fatty acid-binding protein, liver",Working and living environment,"X24506.Natural environment percentage, buffer 1000m",52000,-0.00811478484131241,0.00784560613922097,-0.0234921728741855,0.00726260319156068,0.301002193260152
FABP1,"Fatty acid-binding protein, liver",Working and living environment,"X24507.Natural environment percentage, buffer 300m",52000,-0.00675999345459792,0.00734513197182035,-0.0211564521193658,0.00763646521016997,0.357406399523162
FABP1,"Fatty acid-binding protein, liver",Working and living environment,X24508.Distance (Euclidean) to coast,52000,0.0171491018278546,0.00694251025412717,0.0035417817297654,0.0307564219259439,0.013512390466475
FABP1,"Fatty acid-binding protein, liver",Lifestyle factors,X2867.Age started smoking in former smokers,35507,-0.0268226243435798,0.012658992850107,-0.0516342503297896,-0.00201099835737002,0.0341379566156797
FABP1,"Fatty acid-binding protein, liver",Mental health,"X28735.Feeling anxious, nervous or on edge over the last 2 weeks",37018,0.0095468929765056,0.026894376322935,-0.043166084616447,0.0622598705694582,0.722615495463021
FABP1,"Fatty acid-binding protein, liver",Mental health,X28736.Not being able to stop or control worrying over the last 2 weeks,37017,0.0414165656717538,0.0304978358467884,-0.0183591925879516,0.101192323931459,0.174494843745495
FABP1,"Fatty acid-binding protein, liver",Mental health,X28737.Little interest or pleasure in doing things over the last 2 weeks,37018,0.0432033686803233,0.0286100949445646,-0.0128724174110233,0.0992791547716699,0.131062011771657
FABP1,"Fatty acid-binding protein, liver",Mental health,"X28738.Feeling down, depressed or hopeless over the last 2 weeks",37006,0.0555243394847685,0.0286103361915061,-0.00055191945058336,0.11160059842012,0.0523269701516662
FABP1,"Fatty acid-binding protein, liver",Mental health,X28739.Difficulty with standing for long periods,37023,0.0965867361941618,0.0245306544665105,0.0485066534398012,0.144666818948522,8.30368483066518e-05
FABP1,"Fatty acid-binding protein, liver",Mental health,X28740.Difficulty with taking care of household responsibilities,37040,0.0982000272873965,0.0282695417313157,0.0427917254940177,0.153608329080775,0.00051590342525596
FABP1,"Fatty acid-binding protein, liver",Mental health,X28741.Difficulty learning a new task,36994,0.0720865485194794,0.0332000391988932,0.00701447168964871,0.13715862534931,0.0299380176944238
FABP1,"Fatty acid-binding protein, liver",Mental health,X28742.Difficulty with joining in community activities,36570,0.0500138368711391,0.0306304404980701,-0.0100218265050783,0.110049500247356,0.102547468566421
FABP1,"Fatty acid-binding protein, liver",Mental health,X28743.Difficulty with being emotionally affected by health problems,36987,0.0517024916047914,0.0269878539119696,-0.00119370206266887,0.104598685272252,0.0554284905241946
FABP1,"Fatty acid-binding protein, liver",Mental health,X28744.Difficulty with concentrating on doing something for ten minutes,37046,0.0640720351855419,0.0358685305540861,-0.00623028470046695,0.134374355071551,0.0740862123448917
FABP1,"Fatty acid-binding protein, liver",Lifestyle factors,X2887.Number of cigarettes previously smoked daily,34901,0.0657781503715537,0.0250928305620686,0.0165962024698993,0.114960098273208,0.00877819222168451
FABP1,"Fatty acid-binding protein, liver",Lifestyle factors,X2897.Age stopped smoking,35499,0.109863493104137,0.0132424638098217,0.0839082640368862,0.135818722171387,1.28001190372106e-16
FABP1,"Fatty acid-binding protein, liver",Mental health,X29001#0.Mental health conditions experienced by first degree blood relatives_None of the above,36078,0.00580017787697766,0.0263100002582166,-0.0457674226291268,0.0573677783830821,0.82552263281446
FABP1,"Fatty acid-binding protein, liver",Mental health,X29001#1.Mental health conditions experienced by first degree blood relatives_Depression,36078,0.0303702340782817,0.0298070236629884,-0.0280515323011756,0.088792000457739,0.308285672970877
FABP1,"Fatty acid-binding protein, liver",Mental health,X29001#3.Mental health conditions experienced by first degree blood relatives_Schizophrenia,36078,0.0768160606888995,0.0997671183942605,-0.118727491363851,0.27235961274165,0.44135168654168
FABP1,"Fatty acid-binding protein, liver",Mental health,X29001#4.Mental health conditions experienced by first degree blood relatives_Any other type of psychosis or psychotic illness,36078,-0.106403634417654,0.0983164517777408,-0.299103879902026,0.0862966110667179,0.279173396280522
FABP1,"Fatty acid-binding protein, liver",Mental health,X29001#5.Mental health conditions experienced by first degree blood relatives_A personality disorder,36078,0.0833237122475612,0.120642719522794,-0.153136018017115,0.319783442512238,0.489797482103542
FABP1,"Fatty acid-binding protein, liver",Mental health,X29001#7.Mental health conditions experienced by first degree blood relatives_Attention deficit or attention deficit and hyperactivity disorder,36078,-0.0402820369656838,0.108578714722952,-0.25309631782267,0.172532243891302,0.710652610836062
FABP1,"Fatty acid-binding protein, liver",Mental health,X29001#8.Mental health conditions experienced by first degree blood relatives_An anxiety disorder,36078,0.00458087361621755,0.0446017557104976,-0.0828385675763578,0.0920003148087929,0.918198964104754
FABP1,"Fatty acid-binding protein, liver",Mental health,X29001#9.Mental health conditions experienced by first degree blood relatives_An eating disorder,36078,-0.0104510570355522,0.0837674460881495,-0.174635251368325,0.153733137297221,0.900714730664482
FABP1,"Fatty acid-binding protein, liver",Mental health,X29002.Recent lack of interest or pleasure in doing things,36032,0.0735069036259486,0.0289177388427186,0.0168281354942201,0.130185671757677,0.0110443211521722
FABP1,"Fatty acid-binding protein, liver",Mental health,X29003.Recent feelings of depression,36033,0.0632378409710762,0.0288055617171175,0.0067789400055259,0.119696741936626,0.0281704314012202
FABP1,"Fatty acid-binding protein, liver",Mental health,"X29004.Trouble falling or staying asleep, or sleeping too much",36037,0.0244051935807449,0.0228162316992855,-0.0203146205498548,0.0691250077113446,0.284815327311107
FABP1,"Fatty acid-binding protein, liver",Mental health,X29005.Recent feelings of tiredness or low energy,36038,0.0750085711374733,0.022460859696539,0.0309852861322569,0.11903185614269,0.000843350929450552
FABP1,"Fatty acid-binding protein, liver",Mental health,X29006.Recent poor appetite or overeating,36044,0.048538431677003,0.0354738914259571,-0.0209903955178729,0.118067258871879,0.171263854700524
FABP1,"Fatty acid-binding protein, liver",Mental health,X29007.Recent feelings of inadequacy,36020,0.0296164803784096,0.0316329379521327,-0.0323840780077706,0.0916170387645898,0.349172649261082
FABP1,"Fatty acid-binding protein, liver",Mental health,X29008.Recent trouble concentrating on things,36039,0.0408520258437295,0.0301297062357296,-0.0182021983783005,0.0999062500657595,0.175181057150367
FABP1,"Fatty acid-binding protein, liver",Mental health,X29009.Recent changes in speed or amount of moving or speaking,36037,0.101346635196608,0.0509562045293813,0.00147247431902073,0.201220796074196,0.046749179208443
FABP1,"Fatty acid-binding protein, liver",Mental health,X29010.Recent thoughts of suicide or self-harm,36017,0.0403482436155867,0.0559968018307041,-0.0694054879725934,0.150101975203767,0.471211909152408
FABP1,"Fatty acid-binding protein, liver",Mental health,X29038#0.Substances taken for depression_None of options listed,35949,-0.0764859629535167,0.0530714683293348,-0.180506040879013,0.0275341149719795,0.149574185365368
FABP1,"Fatty acid-binding protein, liver",Mental health,X29038#1.Substances taken for depression_Drugs or alcohol (more than once),35949,0.0863867611217171,0.0970618982551361,-0.10385455945835,0.276628081701784,0.37348577211221
FABP1,"Fatty acid-binding protein, liver",Mental health,X29038#2.Substances taken for depression_Medication prescribed to participant (for at least 2 weeks),35949,-0.00600584893793551,0.0586459346803496,-0.120951880911421,0.10894018303555,0.918435140005983
FABP1,"Fatty acid-binding protein, liver",Mental health,X29038#3.Substances taken for depression_Unprescribed medication (more than once),35949,-0.000721475542256383,0.177782723426393,-0.349175613457986,0.347732662373473,0.996762154260873
FABP1,"Fatty acid-binding protein, liver",Mental health,X29039#1.Use of specific medications_Citalopram (sometimes called Cipramil),35949,-0.138015467552106,0.115559711054138,-0.364512501218218,0.0884815661140046,0.232390708656648
FABP1,"Fatty acid-binding protein, liver",Mental health,X29039#2.Use of specific medications_Fluoxetine (Prozac or Oxactin),35949,0.138709516210195,0.134673508341496,-0.125250560139138,0.402669592559527,0.303058532363455
FABP1,"Fatty acid-binding protein, liver",Mental health,X29039#3.Use of specific medications_Sertraline (Lustral),35949,0.25551020017833,0.140320269679303,-0.0195175283931032,0.530537928749764,0.0686615974168699
FABP1,"Fatty acid-binding protein, liver",Mental health,X29039#5.Use of specific medications_Amitriptyline (Elavil),35949,0.360715371129018,0.162635294184006,0.0419501945283655,0.679480547729671,0.0265893642474965
FABP1,"Fatty acid-binding protein, liver",Mental health,X29039#7.Use of specific medications_Other antidepressant(s),35949,0.111708937059957,0.114654719455675,-0.113014313073165,0.33643218719308,0.329936019350358
FABP1,"Fatty acid-binding protein, liver",Mental health,X29047#0.Activities undertaken to treat depression_None of options listed,35949,-0.0217005228656,0.0499242235722057,-0.119552001067123,0.0761509553359232,0.66381531234165
FABP1,"Fatty acid-binding protein, liver",Mental health,X29051#0.Manifestations of mania or irritability_None of options listed,35949,-0.0591453429105763,0.0820271163564193,-0.219918490969158,0.101627805148006,0.470904008849837
FABP1,"Fatty acid-binding protein, liver",Mental health,X29051#1.Manifestations of mania or irritability_More active than usual,35949,0.0510168598801201,0.126033964091613,-0.196009709739441,0.298043429499681,0.685646160141807
FABP1,"Fatty acid-binding protein, liver",Mental health,X29051#2.Manifestations of mania or irritability_More confident than usual,35949,0.0787169158878495,0.157419371855222,-0.229825052948386,0.387258884724085,0.617057710562752
FABP1,"Fatty acid-binding protein, liver",Mental health,X29051#3.Manifestations of mania or irritability_Easily distracted,35949,0.144266111370124,0.0933620565373597,-0.038723519443101,0.327255742183349,0.122333023033345
FABP1,"Fatty acid-binding protein, liver",Mental health,X29051#4.Manifestations of mania or irritability_More creative or had more ideas than usual,35949,0.232523685365543,0.144020695810399,-0.0497568784228386,0.514804249153925,0.106458528077776
FABP1,"Fatty acid-binding protein, liver",Mental health,X29051#5.Manifestations of mania or irritability_Neded less sleep than usual,35949,-0.077254628527008,0.141726940369687,-0.355039431651595,0.200530174597579,0.585704810432382
FABP1,"Fatty acid-binding protein, liver",Mental health,X29051#6.Manifestations of mania or irritability_Thoughts were racing,35949,0.018727961319881,0.0804259440123315,-0.138906888944289,0.176362811584051,0.815876836576134
FABP1,"Fatty acid-binding protein, liver",Mental health,X29051#7.Manifestations of mania or irritability_More restless than usual,35949,0.104090008833785,0.0760362143123277,-0.0449409712183768,0.253120988885948,0.171055784359951
FABP1,"Fatty acid-binding protein, liver",Mental health,X29051#8.Manifestations of mania or irritability_More talkative than usual,35949,0.0584789315776033,0.114191259391044,-0.165335936828843,0.282293799984049,0.608586683503173
FABP1,"Fatty acid-binding protein, liver",Mental health,X29058.Recent feelings or nervousness or anxiety,35921,0.0129103791460242,0.0282286373290125,-0.0424177500188403,0.0682385083108887,0.647432769453626
FABP1,"Fatty acid-binding protein, liver",Mental health,X29059.Recent inability to stop or control worrying,35927,0.0232507177961232,0.0299481047717637,-0.0354475675565337,0.0819490031487801,0.437557439329014
FABP1,"Fatty acid-binding protein, liver",Mental health,X29060.Recent worrying too much about different things,35925,0.0253659049280616,0.0266401493797554,-0.026848787856259,0.0775805977123823,0.341043076191337
FABP1,"Fatty acid-binding protein, liver",Mental health,X29061.Recent trouble relaxing,35922,0.0168698962401989,0.0284365567021504,-0.0388657548960159,0.0726055473764136,0.55303432567227
FABP1,"Fatty acid-binding protein, liver",Mental health,X29062.Recent restlessness,35930,0.0569510137258255,0.038755465627087,-0.0190096989032651,0.132911726354916,0.141741150481281
FABP1,"Fatty acid-binding protein, liver",Mental health,X29063.Recent easy annoyance or irritability,35918,0.0368797158851264,0.0272304118144973,-0.0164918912712883,0.0902513230415412,0.175664136874855
FABP1,"Fatty acid-binding protein, liver",Mental health,X29064.Recent feelings of foreboding,35921,0.0395449797508588,0.0338495883515032,-0.0268002134180876,0.105890172919805,0.242741629028777
FABP1,"Fatty acid-binding protein, liver",Mental health,X29065#1.Symptoms of panic attack_Heart was pounding or racing,35949,0.0140785722384005,0.0628233446284368,-0.109055183233336,0.137212327710137,0.822687447245838
FABP1,"Fatty acid-binding protein, liver",Mental health,X29065#11.Symptoms of panic attack_Felt like things weren't real or detached from self,35949,-0.111597026509186,0.0957687389756731,-0.299303754901506,0.0761097018831332,0.243945054385513
FABP1,"Fatty acid-binding protein, liver",Mental health,X29065#12.Symptoms of panic attack_Afraid of losing control or 'going crazy',35949,-0.0928124265798355,0.130749975544026,-0.349082378646126,0.163457525486455,0.477821784914115
FABP1,"Fatty acid-binding protein, liver",Mental health,X29065#13.Symptoms of panic attack_Afraid I was going to die,35949,-0.213715466476995,0.131552732613432,-0.471558822399322,0.0441278894453315,0.104298971718211
FABP1,"Fatty acid-binding protein, liver",Mental health,X29065#2.Symptoms of panic attack_Sweating,35949,-0.0518387394346981,0.0815656813403252,-0.211707474861735,0.108029995992339,0.52509218893436
FABP1,"Fatty acid-binding protein, liver",Mental health,X29065#3.Symptoms of panic attack_Trembling or shaking,35949,0.117742494391284,0.102336498381314,-0.0828370424360918,0.318322031218661,0.24995792036906
FABP1,"Fatty acid-binding protein, liver",Mental health,X29065#6.Symptoms of panic attack_Pain or discomfort in chest,35949,-0.0620727506990684,0.0973995301992366,-0.252975829889572,0.128830328491435,0.523949102534086
FABP1,"Fatty acid-binding protein, liver",Mental health,X29065#7.Symptoms of panic attack_Nauseous or felt sick in the stomach,35949,-0.0137434940780628,0.0966509682505353,-0.203179391849112,0.175692403692986,0.886928165752473
FABP1,"Fatty acid-binding protein, liver",Mental health,X29065#9.Symptoms of panic attack_Felt hot or cold,35949,-0.100550979179084,0.122000903726494,-0.339672750483013,0.138570792124844,0.409862759157541
FABP1,"Fatty acid-binding protein, liver",Mental health,X29076.Felt loved as a child,35891,-0.0263249330926452,0.0229773865404021,-0.0713606107118333,0.0187107445265429,0.251961581438047
FABP1,"Fatty acid-binding protein, liver",Mental health,X29077.Physically abused by family as a child,35902,0.0213424163204826,0.0294835443500762,-0.0364453306056668,0.0791301632466321,0.469165352385039
FABP1,"Fatty acid-binding protein, liver",Mental health,X29078.Felt hated by family member as a child,35894,0.0338687177026683,0.0334642082995503,-0.0317211305644503,0.0994585659697869,0.31152964956044
FABP1,"Fatty acid-binding protein, liver",Mental health,X29079.Sexually molested as a child,35878,-0.00802884427308319,0.049987025206761,-0.106003413678335,0.0899457251321683,0.872398291337876
FABP1,"Fatty acid-binding protein, liver",Mental health,X29080.Someone to take to doctor when needed as a child,35890,-0.0661361196970564,0.0348124789132124,-0.134368578366953,0.00209633897283984,0.0575011796206529
FABP1,"Fatty acid-binding protein, liver",Mental health,X29081.Stopped from seeing friends or family by partner or ex-partner as an adult,35899,0.0644011530171071,0.0501628814822501,-0.0339180946881032,0.162720400722317,0.199238429126657
FABP1,"Fatty acid-binding protein, liver",Mental health,X29082.Belittlement by partner or ex-partner as an adult,35873,0.0561160012131152,0.0425902930833519,-0.0273609732302546,0.139592975656485,0.187686713906288
FABP1,"Fatty acid-binding protein, liver",Mental health,X29083.Physical violence by partner or ex-partner as an adult,35911,-0.00314019467826663,0.0488233364806634,-0.0988339341803669,0.0925535448238336,0.948719182303001
FABP1,"Fatty acid-binding protein, liver",Mental health,X29084.Sexual interference by partner or ex-partner without consent as an adult,35903,0.114528401546569,0.148710756534978,-0.176944681261989,0.406001484355127,0.441240570485989
FABP1,"Fatty acid-binding protein, liver",Mental health,X29085.Sexual intercourse by partner or ex-partner without consent as an adult,35896,0.0387583791911994,0.0923930443532262,-0.142331987741124,0.219848746123523,0.674867084548092
FABP1,"Fatty acid-binding protein, liver",Mental health,X29086.Experienced a violent or sexual assault,35917,-0.0118490224839889,0.0527117298273041,-0.115164012945505,0.0914659679775272,0.822149621261035
FABP1,"Fatty acid-binding protein, liver",Mental health,X29087.Experienced a life-threatening injury or illness,35908,0.142083811043379,0.0256506561779025,0.0918085249346905,0.192359097152068,3.14445525011595e-08
FABP1,"Fatty acid-binding protein, liver",Mental health,X29088.Experienced a marital separation or divorce,35907,0.0591281049212829,0.025952728487147,0.00826075708647476,0.109995452756091,0.0227374417908089
FABP1,"Fatty acid-binding protein, liver",Mental health,X29089.Experienced the death of a spouse or partner,35918,0.0303560673381035,0.0390522109449188,-0.0461862661139374,0.106898400790144,0.436995087089538
FABP1,"Fatty acid-binding protein, liver",Mental health,X29090.Experienced the death of a close friend or family member due to suicide,35911,0.0159641589234197,0.0318404365373108,-0.0464430966897094,0.0783714145365488,0.616118791923919
FABP1,"Fatty acid-binding protein, liver",Lifestyle factors,X29091.Frequency of drinking alcohol,35904,-0.072182179567525,0.0211459566931298,-0.113628254686059,-0.0307361044489906,0.000644777109093893
FABP1,"Fatty acid-binding protein, liver",Lifestyle factors,X29092.Amount of alcohol drunk on a typical drinking day,35305,0.00993541811011773,0.0224167051040607,-0.0340013238938412,0.0538721601140767,0.657624595564506
FABP1,"Fatty acid-binding protein, liver",Lifestyle factors,X29093.Frequency of consuming six or more units of alcohol,35325,-0.005064660794488,0.0224408739662059,-0.0490487737682516,0.0389194521792756,0.821450092455104
FABP1,"Fatty acid-binding protein, liver",Mental health,X29104.Ever used cannabis,35898,0.00419841468438777,0.0284461141327246,-0.0515559690157524,0.059952798384528,0.882668964209517
FABP1,"Fatty acid-binding protein, liver",Mental health,X29108.Ever thought that life not worth living,35872,0.0651916741592457,0.0283506715233141,0.00962435797354999,0.120758990344941,0.0215061571811452
FABP1,"Fatty acid-binding protein, liver",Mental health,X29109.Ever contemplated self-harm,35878,0.102486318781131,0.0394433309974621,0.0251773900261047,0.179795247536156,0.00938705465122663
FABP1,"Fatty acid-binding protein, liver",Mental health,X29111.Ever self-harmed,35890,0.222986930917908,0.0665867346805088,0.0924769309441105,0.353496930891705,0.000815683178500873
FABP1,"Fatty acid-binding protein, liver",Diet and food preferences,X29132.Ever had recurrent episodes of excessive overeating or binge eating,35891,0.124962618867143,0.0421129586116958,0.0424212199882191,0.207504017746067,0.00301384034971269
FABP1,"Fatty acid-binding protein, liver",Diet and food preferences,X29136#1.Actions and feelings during periods of overeating or binge eating_Eaten much more rapidly than normal,36540,0.159441574814094,0.127419273693886,-0.0903002016259221,0.409183351254111,0.210856651724014
FABP1,"Fatty acid-binding protein, liver",Diet and food preferences,X29136#2.Actions and feelings during periods of overeating or binge eating_Eaten until feeling uncomfortably full,36540,0.191784767906529,0.0993026474914206,-0.00284842117665557,0.386417956989713,0.0534795654460972
FABP1,"Fatty acid-binding protein, liver",Diet and food preferences,X29136#3.Actions and feelings during periods of overeating or binge eating_Eaten large amounts of food when not physically hungry,36540,0.296040264799272,0.123298724451648,0.0543747648740414,0.537705764724503,0.0163731825877519
FABP1,"Fatty acid-binding protein, liver",Diet and food preferences,X29136#4.Actions and feelings during periods of overeating or binge eating_Eaten alone because of feeling embarrassed by overeating,36540,0.191793594481956,0.202127766786099,-0.204376828418798,0.587964017382711,0.342714051806215
FABP1,"Fatty acid-binding protein, liver",Diet and food preferences,X29149.Dependency of self-esteem on body shape or weight currently,35881,0.0121895253434662,0.0243574862815602,-0.0355511477683919,0.0599301984553242,0.61677854583409
FABP1,"Fatty acid-binding protein, liver",Health and medical history,X29153.Pain or discomfort today,35895,0.0661975841552424,0.0223741083596952,0.0223443317702397,0.110050836540245,0.00309963320606677
FABP1,"Fatty acid-binding protein, liver",Mental health,X29154.Anxiety or depression today,35895,0.0855584874756791,0.0294444507246287,0.0278473640554068,0.143269610895951,0.00367465380143427
FABP1,"Fatty acid-binding protein, liver",Mental health,X29166.Frequency of confiding in someone close,35724,-0.0435043687757648,0.0223023189190579,-0.0872169138571182,0.000208176305588642,0.0511360027894847
FABP1,"Fatty acid-binding protein, liver",Lifestyle factors,X29167#0.Sports and social activities attended in person at least once a week_None of the above,35878,0.0598262794367233,0.0248299127055264,0.0111596505338915,0.108492908339555,0.0160015236619662
FABP1,"Fatty acid-binding protein, liver",Lifestyle factors,X29167#1.Sports and social activities attended in person at least once a week_Sports club or gym or fitness class,35878,-0.0510564916752033,0.0256314867043989,-0.101294205615825,-0.000818777734581382,0.0464144810854579
FABP1,"Fatty acid-binding protein, liver",Lifestyle factors,X29167#2.Sports and social activities attended in person at least once a week_Pub or social club,35878,-0.0579422271445521,0.0272501673848942,-0.111352555218945,-0.00453189907015951,0.0335112481246195
FABP1,"Fatty acid-binding protein, liver",Lifestyle factors,X29167#3.Sports and social activities attended in person at least once a week_Religious group,35878,0.0336384602353212,0.0377711726093608,-0.040393038079026,0.107669958549668,0.373180996868076
FABP1,"Fatty acid-binding protein, liver",Lifestyle factors,X29167#4.Sports and social activities attended in person at least once a week_Adult education class,35878,0.0475366274221964,0.0750548556534666,-0.0995708896585982,0.194644144502991,0.526519489827676
FABP1,"Fatty acid-binding protein, liver",Lifestyle factors,X29167#5.Sports and social activities attended in person at least once a week_Other group activity,35878,-0.0232039138463592,0.027590818833766,-0.0772819187605406,0.0308740910678222,0.400374849024569
FABP1,"Fatty acid-binding protein, liver",Lifestyle factors,X29168#0.Sports and social activities attended virtually at least once a week_None of the above,35873,-0.0121690337615867,0.0290035016322473,-0.0690158969607913,0.0446778294376179,0.674811129270344
FABP1,"Fatty acid-binding protein, liver",Lifestyle factors,X29168#1.Sports and social activities attended virtually at least once a week_Sports club or gym or fitness class,35873,-0.0134852182593351,0.0454127692559902,-0.102494246001076,0.0755238094824058,0.766514903490542
FABP1,"Fatty acid-binding protein, liver",Lifestyle factors,X29168#2.Sports and social activities attended virtually at least once a week_Pub or social club,35873,-0.0380491646089085,0.0522549035163058,-0.140468775500868,0.0643704462830509,0.4665480618921
FABP1,"Fatty acid-binding protein, liver",Lifestyle factors,X29168#3.Sports and social activities attended virtually at least once a week_Religious group,35873,0.0426034539317462,0.0639358994398406,-0.0827109089703413,0.167917816833834,0.505210874345995
FABP1,"Fatty acid-binding protein, liver",Lifestyle factors,X29168#4.Sports and social activities attended virtually at least once a week_Adult education class,35873,0.0295329972039482,0.103254074030253,-0.172844987895347,0.231910982303243,0.774868969237068
FABP1,"Fatty acid-binding protein, liver",Lifestyle factors,X29168#5.Sports and social activities attended virtually at least once a week_Other group activity,35873,0.0526432193133062,0.0422877125026776,-0.0302406971919419,0.135527135818554,0.213215175795691
FABP1,"Fatty acid-binding protein, liver",Mental health,X29171.Frequency of feeling 'in tune' with people,35699,-0.0587983193825795,0.0269649453815366,-0.111649612330391,-0.00594702643476773,0.0292496975029964
FABP1,"Fatty acid-binding protein, liver",Mental health,X29172.Freuency of feeling that lacks companionship,35832,0.0402619211646501,0.0255673486787746,-0.00985008224574819,0.0903739245750484,0.11536026797347
FABP1,"Fatty acid-binding protein, liver",Mental health,X29173.Frequency of feeling left out,35803,0.0668608795825335,0.0263240112746221,0.0152658174842742,0.118455941680793,0.011108620663457
FABP1,"Fatty acid-binding protein, liver",Mental health,X29174.Frequency of feeling isolated from others,35840,0.0447150255375112,0.0270081892283441,-0.00822102535004326,0.0976510764250656,0.0978441883075327
FABP1,"Fatty acid-binding protein, liver",Mental health,X29175.Tendency to bounce back quickly after hard times,35888,-0.0274376197246928,0.0219408687173136,-0.0704417224106274,0.0155664829612418,0.211147745163643
FABP1,"Fatty acid-binding protein, liver",Mental health,X29176.Ability to make it through stressful events,35888,0.0467169123045222,0.0213184799912001,0.00493269152176999,0.0885011330872745,0.0284557851725859
FABP1,"Fatty acid-binding protein, liver",Mental health,X29177.Quick recovery from stressful events,35888,-0.034548710751055,0.0219548713743985,-0.077580258644876,0.00848283714276608,0.115617844818528
FABP1,"Fatty acid-binding protein, liver",Mental health,X29178.Hard to snap back when something bad happens,35888,0.0279251445269663,0.0214828658937258,-0.0141812726247362,0.0700315616786688,0.193683278935025
FABP1,"Fatty acid-binding protein, liver",Mental health,X29179.Comes through difficult times with little trouble,35888,-0.0142025687802147,0.0218846445865345,-0.0570964721698224,0.028691334609393,0.516375537801906
FABP1,"Fatty acid-binding protein, liver",Mental health,X29180.Tendency to take a long time to get over setbacks,35888,0.035377737294103,0.0214693019811324,-0.00670209458891651,0.0774575691771225,0.0994309017849294
FABP1,"Fatty acid-binding protein, liver",Mental health,X29181.General happiness,35849,0.0699311685782995,0.0224181577009161,0.025991579484504,0.113870757672095,0.00181931921816213
FABP1,"Fatty acid-binding protein, liver",Mental health,X29182.Belief that own life is meaningful,35756,-0.0702421106128875,0.0224197377161285,-0.114184796536499,-0.0262994246892757,0.00173700129491847
FABP1,"Fatty acid-binding protein, liver",Lifestyle factors,X2926.Number of unsuccessful stop-smoking attempts,34834,0.0294240733914858,0.0221854458169401,-0.0140594004097168,0.0729075471926883,0.184796155957031
FABP1,"Fatty acid-binding protein, liver",Health and medical history,X2946.Father's age,33522,-0.0349861607151585,0.0223181005348797,-0.0787296377635227,0.00875731633320573,0.117035589806156
FABP1,"Fatty acid-binding protein, liver",Health and medical history,X2966.Age high blood pressure diagnosed,35501,-0.0986966670893733,0.0178593105487221,-0.133700915764869,-0.0636924184138779,3.38916723910519e-08
FABP1,"Fatty acid-binding protein, liver",Blood and urine assays,X30000.White blood cell (leukocyte) count,51557,0.083851515927153,0.00738070749239562,0.0693853292420576,0.0983177026122484,7.86507814623528e-30
FABP1,"Fatty acid-binding protein, liver",Blood and urine assays,X30010.Red blood cell (erythrocyte) count,51557,-0.0131336995799731,0.00792607882804415,-0.0286688140829396,0.00240141492299343,0.0975283709478488
FABP1,"Fatty acid-binding protein, liver",Blood and urine assays,X30020.Haemoglobin concentration,51557,0.0147993718487526,0.00835416352681546,-0.00157478866380573,0.0311735323613109,0.0764914299705148
FABP1,"Fatty acid-binding protein, liver",Blood and urine assays,X30030.Haematocrit percentage,51557,0.0162067063563751,0.00819315249289419,0.000148127470302472,0.0322652852424477,0.0479316844124383
FABP1,"Fatty acid-binding protein, liver",Blood and urine assays,X30040.Mean corpuscular volume,51557,0.0374193208447795,0.00732119245433454,0.0230697836342838,0.0517688580552752,3.22862581644516e-07
FABP1,"Fatty acid-binding protein, liver",Blood and urine assays,X30050.Mean corpuscular haemoglobin,51557,0.0268245128761796,0.00734915477944347,0.0124201695084704,0.0412288562438888,0.000262808317726303
FABP1,"Fatty acid-binding protein, liver",Blood and urine assays,X30060.Mean corpuscular haemoglobin concentration,51557,-0.0117198133439,0.00714497842415055,-0.0257239710552351,0.00228434436743506,0.100959262297607
FABP1,"Fatty acid-binding protein, liver",Blood and urine assays,X30070.Red blood cell (erythrocyte) distribution width,51557,0.0688117022125483,0.00747295213020136,0.0541647160373536,0.083458688387743,3.5956529195987e-20
FABP1,"Fatty acid-binding protein, liver",Blood and urine assays,X30080.Platelet count,51557,-0.0132012298101439,0.00731467099116212,-0.0275379849528217,0.00113552533253381,0.0711252550618002
FABP1,"Fatty acid-binding protein, liver",Blood and urine assays,X30090.Platelet crit,51557,-0.00449634410339203,0.00744631644682345,-0.019091124339166,0.0100984361323819,0.545959526975129
FABP1,"Fatty acid-binding protein, liver",Blood and urine assays,X30100.Mean platelet (thrombocyte) volume,51557,0.0160251717111597,0.00693236406808633,0.00243773813771049,0.0296126052846089,0.020806007318658
FABP1,"Fatty acid-binding protein, liver",Blood and urine assays,X30110.Platelet distribution width,51557,0.027588760707386,0.00711860445689593,0.0136362959718699,0.041541225442902,0.000106664256409221
FABP1,"Fatty acid-binding protein, liver",Blood and urine assays,X30120.Lymphocyte count,51522,0.0346159924882,0.0071894592241266,0.0205246524089119,0.0487073325674881,1.48267726702805e-06
FABP1,"Fatty acid-binding protein, liver",Blood and urine assays,X30130.Monocyte count,51522,0.0523314990078331,0.00719681132390513,0.038225748812979,0.0664372492026871,3.66969699029152e-13
FABP1,"Fatty acid-binding protein, liver",Blood and urine assays,X30140.Neutrophill count,51522,0.0718256887752401,0.00730018821327281,0.0575173198772254,0.0861340576732548,8.49489299486374e-23
FABP1,"Fatty acid-binding protein, liver",Blood and urine assays,X30150.Eosinophill count,51522,0.0339839819695211,0.00695224462114833,0.0203575825120703,0.0476103814269718,1.02448377782294e-06
FABP1,"Fatty acid-binding protein, liver",Blood and urine assays,X30160.Basophill count,51522,0.0211778658278959,0.0128997064722944,-0.00410555885780114,0.0464612905135929,0.100659196725395
FABP1,"Fatty acid-binding protein, liver",Blood and urine assays,X30170.Nucleated red blood cell count,51522,-0.053630222796289,0.0653386707482341,-0.181694017462828,0.0744335718702499,0.411766626176031
FABP1,"Fatty acid-binding protein, liver",Blood and urine assays,X30180.Lymphocyte percentage,51522,-0.0282390581553886,0.0071188929044197,-0.0421920882480512,-0.014286028062726,7.30726572988034e-05
FABP1,"Fatty acid-binding protein, liver",Blood and urine assays,X30190.Monocyte percentage,51522,-0.00626363043508732,0.00712249641110391,-0.020223723400851,0.00769646253067634,0.379185501609881
FABP1,"Fatty acid-binding protein, liver",Blood and urine assays,X30200.Neutrophill percentage,51522,0.021084112423872,0.00701574692714836,0.00733324844666123,0.0348349764010828,0.0026564475609711
FABP1,"Fatty acid-binding protein, liver",Blood and urine assays,X30210.Eosinophill percentage,51522,0.00671417490118327,0.00689737657020613,-0.00680468317642074,0.0202330329787873,0.330345468233081
FABP1,"Fatty acid-binding protein, liver",Blood and urine assays,X30220.Basophill percentage,51522,-0.00109909539953383,0.00720559096422367,-0.0152220536894122,0.0130238628903446,0.878767360764684
FABP1,"Fatty acid-binding protein, liver",Blood and urine assays,X30230.Nucleated red blood cell percentage,51521,-0.0501527251640807,0.0654354020243412,-0.178406113131789,0.078100662803628,0.443418655405565
FABP1,"Fatty acid-binding protein, liver",Blood and urine assays,X30240.Reticulocyte percentage,51169,0.142443002671692,0.00755794466339327,0.127629431131441,0.157256574211943,1.2546169156297e-78
FABP1,"Fatty acid-binding protein, liver",Blood and urine assays,X30250.Reticulocyte count,51169,0.13727819720685,0.00762988268565821,0.12232362714296,0.15223276727074,7.13536778085648e-72
FABP1,"Fatty acid-binding protein, liver",Blood and urine assays,X30260.Mean reticulocyte volume,51169,0.0726218308093329,0.00718100099746476,0.058547068854302,0.0866965927643639,5.43978731075978e-24
FABP1,"Fatty acid-binding protein, liver",Blood and urine assays,X30270.Mean sphered cell volume,51169,0.025509404066334,0.00723357522988527,0.0113315966157589,0.0396872115169091,0.000421882087123713
FABP1,"Fatty acid-binding protein, liver",Blood and urine assays,X30280.Immature reticulocyte fraction,51169,0.129709842724007,0.00744809466130523,0.115111577187848,0.144308108260165,1.74935800671295e-67
FABP1,"Fatty acid-binding protein, liver",Blood and urine assays,X30290.High light scatter reticulocyte percentage,51169,0.168292812221105,0.00763798439822603,0.153322362800582,0.183263261641628,1.81654571531313e-106
FABP1,"Fatty acid-binding protein, liver",Blood and urine assays,X30300.High light scatter reticulocyte count,51169,0.164546557381566,0.00767198498391208,0.149509466813098,0.179583647950033,4.89361579730331e-101
FABP1,"Fatty acid-binding protein, liver",Blood and urine assays,X30500.Microalbumin in urine,37035,0.187378980498787,0.0116320764867475,0.164580110584761,0.210177850412812,1.58768033861089e-57
FABP1,"Fatty acid-binding protein, liver",Blood and urine assays,X30510.Creatinine (enzymatic) in urine,51611,-0.0247930458517558,0.0077320297930393,-0.0399478242461128,-0.00963826745739875,0.00134526241804634
FABP1,"Fatty acid-binding protein, liver",Blood and urine assays,X30520.Potassium in urine,51563,-0.0315401308243296,0.007224176356524,-0.0456995164831166,-0.0173807451655425,1.27145666646061e-05
FABP1,"Fatty acid-binding protein, liver",Blood and urine assays,X30530.Sodium in urine,51576,-0.0670477042069762,0.00746008925234807,-0.0816694791415784,-0.052425929272374,2.71904905341804e-19
FABP1,"Fatty acid-binding protein, liver",Blood and urine assays,X30600.Albumin,49422,0.0363081195263343,0.00764814844861954,0.02131774856704,0.0512984904856286,2.07511910855265e-06
FABP1,"Fatty acid-binding protein, liver",Blood and urine assays,X30610.Alkaline phosphatase,51133,0.117110085638638,0.00749486062497922,0.102420158813678,0.131800012463597,9.47930569804465e-55
FABP1,"Fatty acid-binding protein, liver",Blood and urine assays,X30620.Alanine aminotransferase,51118,0.374026069219961,0.00773650477949332,0.358862519852154,0.389189618587768,0
FABP1,"Fatty acid-binding protein, liver",Blood and urine assays,X30630.Apolipoprotein A,49359,-0.0597986422673829,0.00828660673484645,-0.0760403914676819,-0.0435568930670838,5.52600682218346e-13
FABP1,"Fatty acid-binding protein, liver",Blood and urine assays,X30640.Apolipoprotein B,50967,-0.062849374931772,0.00705538796494101,-0.0766779353430563,-0.0490208145204876,5.58407060695608e-19
FABP1,"Fatty acid-binding protein, liver",Blood and urine assays,X30650.Aspartate aminotransferase,51055,0.330265923596709,0.00717965749836887,0.316193794899906,0.344338052293512,0
FABP1,"Fatty acid-binding protein, liver",Blood and urine assays,X30660.Direct bilirubin,49579,0.0736397468873324,0.00767085121448601,0.0586048785069398,0.088674615267725,8.86739138362669e-22
FABP1,"Fatty acid-binding protein, liver",Blood and urine assays,X30670.Urea,51116,0.0534795992534051,0.00737483295133768,0.0390249266687832,0.0679342718380269,4.25079440200222e-13
FABP1,"Fatty acid-binding protein, liver",Blood and urine assays,X30680.Calcium,49413,0.0565485996978986,0.00756716576739068,0.0417169547938129,0.0713802446019844,8.15496307878929e-14
FABP1,"Fatty acid-binding protein, liver",Blood and urine assays,X30690.Cholesterol,51136,-0.122355962978608,0.00707182386879915,-0.136216737761454,-0.108495188195761,1.22737408928763e-66
FABP1,"Fatty acid-binding protein, liver",Blood and urine assays,X30700.Creatinine,51124,0.208988050785769,0.00909424903522078,0.191163322676736,0.226812778894801,1.56611452451594e-115
FABP1,"Fatty acid-binding protein, liver",Blood and urine assays,X30710.C-reactive protein,51053,0.0681773839409872,0.00787453423474757,0.0527432968408819,0.0836114710410924,5.12077492833754e-18
FABP1,"Fatty acid-binding protein, liver",Blood and urine assays,X30720.Cystatin C,51142,0.442926290837179,0.00798246055768054,0.427280668144125,0.458571913530232,0
FABP1,"Fatty acid-binding protein, liver",Blood and urine assays,X30730.Gamma glutamyltransferase,51119,0.234030539139926,0.00844717638870997,0.217474073418055,0.250587004861798,3.68621302363021e-166
FABP1,"Fatty acid-binding protein, liver",Blood and urine assays,X30740.Glucose,49388,0.0660413638497461,0.00721931562207742,0.0518915052304743,0.0801912224690178,6.32810894789848e-20
FABP1,"Fatty acid-binding protein, liver",Blood and urine assays,X30750.Glycated haemoglobin (HbA1c),51027,0.147946361834558,0.00720302891981844,0.133828425151714,0.162064298517402,6.84693521007896e-93
FABP1,"Fatty acid-binding protein, liver",Blood and urine assays,X30760.HDL cholesterol,49400,-0.124737027718071,0.0085326600423109,-0.141461041401,-0.108013014035142,3.69650784061734e-48
FABP1,"Fatty acid-binding protein, liver",Blood and urine assays,X30770.IGF-1,51030,-0.0877249839882028,0.00751893230720536,-0.102462091310325,-0.0729878766660803,2.3097299480376e-31
FABP1,"Fatty acid-binding protein, liver",Blood and urine assays,X30780.LDL direct,51082,-0.11765684885929,0.00705881101586341,-0.131492118450382,-0.103821579268197,5.27175987077369e-62
FABP1,"Fatty acid-binding protein, liver",Blood and urine assays,X30790.Lipoprotein A,46575,-0.0290702244909407,0.00776218514046495,-0.044284107366252,-0.0138563416156294,0.000180878658640634
FABP1,"Fatty acid-binding protein, liver",Blood and urine assays,X30810.Phosphate,49359,0.0561132761031829,0.00740336243824199,0.0416026857242286,0.0706238664821372,3.6161446834114e-14
FABP1,"Fatty acid-binding protein, liver",Blood and urine assays,X30830.SHBG,49269,0.0212329067499851,0.00983868116179079,0.00194909167287519,0.0405167218270951,0.0309311507175388
FABP1,"Fatty acid-binding protein, liver",Blood and urine assays,X30840.Total bilirubin,51043,0.0333953433774531,0.00776712740435292,0.0181717736649214,0.0486189130899848,1.71848034830541e-05
FABP1,"Fatty acid-binding protein, liver",Blood and urine assays,X30850.Testosterone,50906,0.0743975447390869,0.0121554777019713,0.0505728084432232,0.0982222810349506,9.48406557581291e-10
FABP1,"Fatty acid-binding protein, liver",Blood and urine assays,X30860.Total protein,49388,0.0871363146644632,0.00748826056126348,0.0724593239643868,0.10181330536454,3.36341305905783e-31
FABP1,"Fatty acid-binding protein, liver",Blood and urine assays,X30870.Triglycerides,51108,0.0315613285672963,0.0074600718191277,0.016939587801806,0.0461830693327866,2.33886000469192e-05
FABP1,"Fatty acid-binding protein, liver",Blood and urine assays,X30880.Urate,51104,0.217914051936118,0.00880770014665378,0.200650959648676,0.235177144223559,2.32511913296614e-133
FABP1,"Fatty acid-binding protein, liver",Blood and urine assays,X30890.Vitamin D,50442,-0.070576849531211,0.00801312087612809,-0.086282566448422,-0.0548711326139999,1.37115687945017e-18
FABP1,"Fatty acid-binding protein, liver",Physical measures,X3137.Number of measurements made,49825,-0.0200300199452333,0.0155052037911773,-0.0504202193759408,0.0103601794854742,0.196431597528112
FABP1,"Fatty acid-binding protein, liver",Physical measures,X3143.Ankle spacing width,41990,-0.0454994329283231,0.0129528483746125,-0.0708870157425637,-0.0201118501140826,0.00044504480759725
FABP1,"Fatty acid-binding protein, liver",Physical measures,"X3144.Heel Broadband ultrasound attenuation, direct entry",41989,-0.0237977407596621,0.00942950879794397,-0.0422795780036323,-0.00531590351569193,0.0116224552533142
FABP1,"Fatty acid-binding protein, liver",Physical measures,X3146.Speed of sound through heel,41990,-0.0214806717474202,0.00910581719051752,-0.0393280734408345,-0.00363327005400582,0.0183382694260796
FABP1,"Fatty acid-binding protein, liver",Physical measures,"X3147.Heel quantitative ultrasound index (QUI), direct entry",41990,-0.0226421966022495,0.00919340478073826,-0.0406612699724965,-0.00462312323200255,0.0137953298481528
FABP1,"Fatty acid-binding protein, liver",Physical measures,X3148.Heel bone mineral density (BMD),41971,-0.0227588406120825,0.00924074279070505,-0.0408706964818644,-0.00464698474230056,0.0137951126322973
FABP1,"Fatty acid-binding protein, liver",Health and medical history,X3526.Mother's age at death,42731,-0.022509367761184,0.00933008308238308,-0.0407963306026548,-0.00422240491971312,0.0158536635241724
FABP1,"Fatty acid-binding protein, liver",Health and medical history,"X3761.Age hay fever, rhinitis or eczema diagnosed",32977,0.0052891978226817,0.0166172460421974,-0.0272806044200251,0.0378590000653885,0.750275837651581
FABP1,"Fatty acid-binding protein, liver",Physical measures,X4100.Ankle spacing width (left),36165,0.0023904087634967,0.0172472225601562,-0.0314141474544094,0.0361949649814028,0.889772511183035
FABP1,"Fatty acid-binding protein, liver",Physical measures,X4101.Heel broadband ultrasound attenuation (left),36163,-0.034259268904342,0.0124058439825534,-0.0585747231101467,-0.00994381469853736,0.00576677846124426
FABP1,"Fatty acid-binding protein, liver",Physical measures,X4103.Speed of sound through heel (left),36165,-0.0299087274680833,0.0118743284463102,-0.0531824112228514,-0.00663504371331528,0.0117969359051801
FABP1,"Fatty acid-binding protein, liver",Physical measures,"X4104.Heel quantitative ultrasound index (QUI), direct entry (left)",36165,-0.0318330997468273,0.0120400478912403,-0.0554315936136584,-0.00823460587999624,0.00821175754149829
FABP1,"Fatty acid-binding protein, liver",Physical measures,X4105.Heel bone mineral density (BMD) (left),36154,-0.0307704226505792,0.0121043072527373,-0.0544948648659442,-0.0070459804352141,0.0110384992066087
FABP1,"Fatty acid-binding protein, liver",Physical measures,"X4106.Heel bone mineral density (BMD) T-score, automated (left)",36165,-0.0318074032798679,0.0120408121046315,-0.0554073950049457,-0.00820741155479008,0.00826771954773055
FABP1,"Fatty acid-binding protein, liver",Physical measures,X4119.Ankle spacing width (right),36154,-0.00832436378660439,0.0169034311041118,-0.0414550887506636,0.0248063611774548,0.62240431922117
FABP1,"Fatty acid-binding protein, liver",Physical measures,X4120.Heel broadband ultrasound attenuation (right),36153,-0.035180664078359,0.0125281696721581,-0.0597358766357889,-0.0106254515209291,0.00499587894975184
FABP1,"Fatty acid-binding protein, liver",Physical measures,X4122.Speed of sound through heel (right),36154,-0.0319902086949812,0.0118919204645807,-0.0552983728055593,-0.00868204458440305,0.00715920969250532
FABP1,"Fatty acid-binding protein, liver",Physical measures,"X4123.Heel quantitative ultrasound index (QUI), direct entry (right)",36154,-0.0333827785105371,0.012098487666759,-0.0570958143373847,-0.00966974268368939,0.00580733400748785
FABP1,"Fatty acid-binding protein, liver",Physical measures,X4124.Heel bone mineral density (BMD) (right),36143,-0.0349951254629369,0.0121537991308173,-0.0588165717593389,-0.0111736791665349,0.00399608287050032
FABP1,"Fatty acid-binding protein, liver",Physical measures,"X4125.Heel bone mineral density (BMD) T-score, automated (right)",36154,-0.0333845987924072,0.0120985146286955,-0.0570976874646504,-0.00967151012016397,0.00580477251754938
FABP1,"Fatty acid-binding protein, liver",Physical measures,X4194.Pulse rate,36540,0.00282832664470164,0.0112487258726962,-0.0192191760657829,0.0248758293551861,0.8014840937581
FABP1,"Fatty acid-binding protein, liver",Physical measures,X4195.Pulse wave reflection index,36540,-0.00967684007483697,0.0117891740267878,-0.032783621167341,0.013429941017667,0.411771019037019
FABP1,"Fatty acid-binding protein, liver",Physical measures,X4196.Pulse wave peak to peak time,36533,-0.0132497744583049,0.012968469483607,-0.0386679746461746,0.0121684257295647,0.306958111638563
FABP1,"Fatty acid-binding protein, liver",Physical measures,X4198.Position of the pulse wave peak,36540,0.0465345599986905,0.0140463157274974,0.0190037811727956,0.0740653388245854,0.000927346477057517
FABP1,"Fatty acid-binding protein, liver",Physical measures,X4199.Position of pulse wave notch,36540,0.024390563730111,0.0113992505265614,0.00204803269805071,0.0467330947621714,0.0324123417586894
FABP1,"Fatty acid-binding protein, liver",Physical measures,X4200.Position of the shoulder on the pulse waveform,36540,0.0343043533539207,0.0142858971677763,0.00630399490507917,0.0623047118027623,0.0163609460452892
FABP1,"Fatty acid-binding protein, liver",Physical measures,X4269.Number of triplets attempted (left),36320,0.0326173041652933,0.0634740876494849,-0.0917919076276971,0.157026515958284,0.607358997038439
FABP1,"Fatty acid-binding protein, liver",Physical measures,X4270.Volume level set by participant (left),36232,0.0255929191180246,0.020122723658683,-0.013847619252994,0.0650334574890432,0.20346813688854
FABP1,"Fatty acid-binding protein, liver",Physical measures,X4276.Number of triplets attempted (right),36324,-0.00869051080582908,0.0622387045754614,-0.130678371773733,0.113297350162075,0.888954453319228
FABP1,"Fatty acid-binding protein, liver",Physical measures,X4277.Volume level set by participant (right),36236,0.026408156298448,0.0200990088363374,-0.0129859010207732,0.0658022136176693,0.188918196197709
FABP1,"Fatty acid-binding protein, liver",Cognitive function,X4288.Time to answer,36506,-0.0201117544690729,0.0134030932693559,-0.0463818172770105,0.00615830833886466,0.133516889942476
FABP1,"Fatty acid-binding protein, liver",Cognitive function,X4290.Duration screen displayed,36506,0.0227753266408511,0.0125328161308023,-0.00178899297552133,0.0473396462572235,0.0692158693937002
FABP1,"Fatty acid-binding protein, liver",Physical measures,X46.Hand grip strength (left),52161,-0.100560611320195,0.00940838605466859,-0.119001047987345,-0.0821201746530445,1.3273316085831e-26
FABP1,"Fatty acid-binding protein, liver",Physical measures,X47.Hand grip strength (right),52160,-0.102728451476151,0.00928973845112909,-0.120936338840364,-0.0845205641119381,2.34765780936594e-28
FABP1,"Fatty acid-binding protein, liver",Physical measures,X48.Waist circumference,52218,0.199750384188702,0.0175506585433749,0.165351093443688,0.234149674933717,6.19788050958303e-30
FABP1,"Fatty acid-binding protein, liver",Health and medical history,X4803.Tinnitus,36359,-0.00619352327501846,0.0229852654646756,-0.0512446435857827,0.0388575970357458,0.787585778359127
FABP1,"Fatty acid-binding protein, liver",Working and living environment,X4825.Noisy workplace,36437,0.0113135007761817,0.0218303214632789,-0.0314739292918449,0.0541009308442083,0.604300511047145
FABP1,"Fatty acid-binding protein, liver",Working and living environment,X4836.Loud music exposure frequency,36383,-0.00212886208454097,0.0294285637884556,-0.059808847109914,0.0555511229408321,0.942333197902669
FABP1,"Fatty acid-binding protein, liver",Physical measures,X49.Hip circumference,52212,-0.0575209664278896,0.0129908369429925,-0.0829830068361549,-0.0320589260196243,9.56213512258632e-06
FABP1,"Fatty acid-binding protein, liver",Physical measures,X50.Standing height,52170,-0.0432150846210688,0.00984652655062291,-0.0625142766602896,-0.0239158925818479,1.14438231966697e-05
FABP1,"Fatty acid-binding protein, liver",Health and medical history,X5057.Number of older siblings,35508,0.0141753523113269,0.0214786476137301,-0.0279227970115841,0.056273501634238,0.509292421191737
FABP1,"Fatty acid-binding protein, liver",Physical measures,X51.Seated height,52064,-0.0356499466256009,0.00857425227250944,-0.0524554810797194,-0.0188444121714823,3.22480898043733e-05
FABP1,"Fatty acid-binding protein, liver",Eye measures,X5181.Ever had eye surgery,33926,0.0894357392921815,0.0479236028558318,-0.00449452230524879,0.183366000889612,0.0620662529916256
FABP1,"Fatty acid-binding protein, liver",Eye measures,X5186.Duration visual-acuity screen displayed (right),33914,0.0164505017491198,0.0145682955010136,-0.0121033574328669,0.0450043609311064,0.258864952290066
FABP1,"Fatty acid-binding protein, liver",Eye measures,X5188.Duration visual-acuity screen displayed (left),33910,0.0122907464058533,0.0150869453403011,-0.0172796664611369,0.0418611592728435,0.415302900924842
FABP1,"Fatty acid-binding protein, liver",Eye measures,X5190.Duration at which refractometer first shown (right),33858,-2.41825225460073e-05,0.0151110298530316,-0.0296418010344879,0.0295934359893959,0.998723188561716
FABP1,"Fatty acid-binding protein, liver",Eye measures,X5193.Duration at which refractometer first shown (left),33854,0.00249733814290219,0.0151701325249694,-0.0272361216060378,0.0322307978918421,0.869247816344621
FABP1,"Fatty acid-binding protein, liver",Eye measures,"X5199.logMAR, initial (right)",33892,0.0891410578391194,0.0252815773750106,0.0395891661840986,0.13869294949414,0.000425574787754659
FABP1,"Fatty acid-binding protein, liver",Eye measures,X5200.Final number of letters displayed (right),33892,-0.0575478576115171,0.153931388266131,-0.359253378613135,0.2441576633901,0.708527960707403
FABP1,"Fatty acid-binding protein, liver",Eye measures,"X5201.logMAR, final (right)",33832,0.0467842175762865,0.0144241734708987,0.0185128375733251,0.075055597579248,0.00118829181994577
FABP1,"Fatty acid-binding protein, liver",Eye measures,X5202.Number of rounds to result (right),33892,0.0298812688811991,0.0238868730204904,-0.016937002238962,0.0766995400013603,0.21100836461148
FABP1,"Fatty acid-binding protein, liver",Eye measures,"X5206.logMAR, initial (left)",33887,0.0419412244846086,0.0254612973211929,-0.00796291826492945,0.0918453672341466,0.0995652817696394
FABP1,"Fatty acid-binding protein, liver",Eye measures,X5207.Final number of letters displayed (left),33887,-0.264171313182418,0.143530860260252,-0.545491799292512,0.0171491729276766,0.0657480684325892
FABP1,"Fatty acid-binding protein, liver",Eye measures,"X5208.logMAR, final (left)",33841,0.0248968965538014,0.0145750686935389,-0.00367023808553486,0.0534640311931377,0.0876614552257482
FABP1,"Fatty acid-binding protein, liver",Eye measures,X5209.Number of rounds to result (left),33884,0.000201203318206455,0.0238948491079229,-0.0466327009333225,0.0470351075697354,0.993281919796621
FABP1,"Fatty acid-binding protein, liver",Eye measures,"X5254.Intra-ocular pressure, corneal-compensated (right)",33685,-0.00921364794708615,0.0144541091300876,-0.0375437018420579,0.0191164059478856,0.523866050488276
FABP1,"Fatty acid-binding protein, liver",Eye measures,"X5255.Intra-ocular pressure, Goldmann-correlated (right)",33685,0.0173164801772314,0.0141977562548636,-0.0105111220823012,0.0451440824367641,0.222649161243122
FABP1,"Fatty acid-binding protein, liver",Eye measures,X5256.Corneal hysteresis (right),33685,0.0342563947180847,0.0146934113931786,0.00545730838745461,0.0630554810487149,0.0197705195931292
FABP1,"Fatty acid-binding protein, liver",Eye measures,X5257.Corneal resistance factor (right),33685,0.0351394257634404,0.0144901473745054,0.00673873690940986,0.0635401146174709,0.0153406079555242
FABP1,"Fatty acid-binding protein, liver",Eye measures,"X5262.Intra-ocular pressure, corneal-compensated (left)",33658,-0.00890940421613081,0.0145473598983673,-0.0374222296169307,0.0196034211846691,0.540273346068406
FABP1,"Fatty acid-binding protein, liver",Eye measures,"X5263.Intra-ocular pressure, Goldmann-correlated (left)",33658,0.00336678461532299,0.0143935120333342,-0.0248444989700121,0.031578068200658,0.815064412483155
FABP1,"Fatty acid-binding protein, liver",Eye measures,X5264.Corneal hysteresis (left),33658,0.0227398724676318,0.0144722759808541,-0.00562578845484223,0.0511055333901058,0.116182183937731
FABP1,"Fatty acid-binding protein, liver",Eye measures,X5265.Corneal resistance factor (left),33658,0.0212905232618799,0.014390309862087,-0.0069144840678107,0.0494955305915705,0.139067897632179
FABP1,"Fatty acid-binding protein, liver",Lifestyle factors,X5364.Average weekly intake of other alcoholic drinks,34591,0.0477835007384511,0.108418769101905,-0.164717286701282,0.260284288178184,0.659423734867791
FABP1,"Fatty acid-binding protein, liver",Diet and food preferences,"X6144#1.Never eat eggs, dairy, wheat, sugar_Eggs or foods containing eggs",52149,0.136910346005386,0.0384288369532621,0.0615898255769926,0.21223086643378,0.000367787513296943
FABP1,"Fatty acid-binding protein, liver",Diet and food preferences,"X6144#2.Never eat eggs, dairy, wheat, sugar_Dairy products",52149,0.0667440978972657,0.0444112232473479,-0.0203018996675361,0.153790095462068,0.132887124960106
FABP1,"Fatty acid-binding protein, liver",Diet and food preferences,"X6144#3.Never eat eggs, dairy, wheat, sugar_Wheat products",52149,0.20297838122485,0.109519253063498,-0.0116793547796055,0.417636117229306,0.0638435652917408
FABP1,"Fatty acid-binding protein, liver",Diet and food preferences,"X6144#4.Never eat eggs, dairy, wheat, sugar_Sugar or foods or drinks containing sugar",52149,0.0292368209783633,0.0175366778470736,-0.00513506760190106,0.0636087095586276,0.0954916616896653
FABP1,"Fatty acid-binding protein, liver",Diet and food preferences,"X6144#5.Never eat eggs, dairy, wheat, sugar_I eat all of the above",52149,-0.0639403723790829,0.0162485829222728,-0.0957875949067376,-0.0320931498514281,8.33885153636488e-05
FABP1,"Fatty acid-binding protein, liver",Mental health,"X6145#3.Illness, injury, bereavement, stress in last 2 years_Death of a close relative",38911,-0.104736132842403,0.021418564582685,-0.146716519424466,-0.0627557462603404,1.02373799881443e-06
FABP1,"Fatty acid-binding protein, liver",Mental health,"X6145#4.Illness, injury, bereavement, stress in last 2 years_Death of a spouse or partner",38911,-0.0862956564966962,0.0667073434560799,-0.217042049670613,0.0444507366772203,0.195816866901715
FABP1,"Fatty acid-binding protein, liver",Mental health,"X6145#5.Illness, injury, bereavement, stress in last 2 years_Marital separation or divorce",38911,-0.132944585643612,0.0411741544041986,-0.213645928275842,-0.0522432430113833,0.00124684308607528
FABP1,"Fatty acid-binding protein, liver",Mental health,"X6145#6.Illness, injury, bereavement, stress in last 2 years_Financial difficulties",38911,0.048366085126489,0.02489749323097,-0.000433001606212256,0.0971651718591902,0.0520906521421651
FABP1,"Fatty acid-binding protein, liver",Eye measures,X6147#1.Reason for glasses or contact lenses_For short-sightedness,52222,0.0919457369225548,0.0370503199761419,0.0193271097693166,0.164564364075793,0.013084653556775
FABP1,"Fatty acid-binding protein, liver",Eye measures,X6147#2.Reason for glasses or contact lenses_For long-sightedness,52222,0.0919457369225548,0.0370503199761419,0.0193271097693166,0.164564364075793,0.013084653556775
FABP1,"Fatty acid-binding protein, liver",Eye measures,X6147#3.Reason for glasses or contact lenses_For just reading or near work as you are getting older (called 'presbyopia'),52222,0.0349710162953831,0.0270146261656539,-0.0179776509892985,0.0879196835800647,0.195497977353807
FABP1,"Fatty acid-binding protein, liver",Eye measures,X6147#4.Reason for glasses or contact lenses_For 'astigmatism',52222,-0.0573850599429247,0.0476676755813212,-0.150813704082314,0.0360435841964648,0.228656957782143
FABP1,"Fatty acid-binding protein, liver",Eye measures,X6147#5.Reason for glasses or contact lenses_For a 'squint' or 'turn' in an eye since childhood (called 'strabismus'),52222,0.206116052937801,0.113224100315137,-0.0158031836798671,0.428035289555469,0.068706861220111
FABP1,"Fatty acid-binding protein, liver",Eye measures,X6147#6.Reason for glasses or contact lenses_For a 'lazy' eye or an eye with poor vision since childhood (called 'amblyopia'),52222,0.0493673768299225,0.0783223511060786,-0.104144431337992,0.202879184997837,0.528497747637184
FABP1,"Fatty acid-binding protein, liver",Eye measures,X6147#7.Reason for glasses or contact lenses_Other eye condition,52222,-0.0448537599608466,0.119648046933823,-0.279363931951141,0.189656412029447,0.707752456962621
FABP1,"Fatty acid-binding protein, liver",Health and medical history,X6149#1.Mouth or teeth dental problems_Mouth ulcers,52148,0.0116108222716035,0.0239698740426126,-0.0353701308519171,0.0585917753951241,0.628111991520965
FABP1,"Fatty acid-binding protein, liver",Health and medical history,X6149#2.Mouth or teeth dental problems_Painful gums,52148,0.0565100862362316,0.0425827420448672,-0.0269520881717081,0.139972260644171,0.184499896167701
FABP1,"Fatty acid-binding protein, liver",Health and medical history,X6149#3.Mouth or teeth dental problems_Bleeding gums,52148,0.0237454204454453,0.0219311279758276,-0.0192395903871767,0.0667304312780673,0.278940782627863
FABP1,"Fatty acid-binding protein, liver",Health and medical history,X6149#4.Mouth or teeth dental problems_Loose teeth,52148,0.0732839326284356,0.0324667272712803,0.00964914717672631,0.136918718080145,0.0240046344324516
FABP1,"Fatty acid-binding protein, liver",Health and medical history,X6149#5.Mouth or teeth dental problems_Toothache,52148,0.0195641500500701,0.0328883423544066,-0.0448970009645668,0.084025301064707,0.551938896153079
FABP1,"Fatty acid-binding protein, liver",Health and medical history,X6149#6.Mouth or teeth dental problems_Dentures,52148,0.0830640615695764,0.0184854641078803,0.0468325519181309,0.119295571221022,7.04020286818239e-06
FABP1,"Fatty acid-binding protein, liver",Health and medical history,X6150#1.Vascular or heart problems diagnosed by doctor_Heart attack,37114,0.364786774543297,0.0358316097463363,0.294556819440478,0.435016729646116,3.33039666303527e-24
FABP1,"Fatty acid-binding protein, liver",Health and medical history,X6150#2.Vascular or heart problems diagnosed by doctor_Angina,37114,0.222948652354062,0.03423833966186,0.155841506616816,0.290055798091307,7.85298115749138e-11
FABP1,"Fatty acid-binding protein, liver",Health and medical history,X6150#3.Vascular or heart problems diagnosed by doctor_Stroke,37114,0.198334389771849,0.0498925512559244,0.100544989310237,0.296123790233461,7.0892282768663e-05
FABP1,"Fatty acid-binding protein, liver",Health and medical history,X6150#4.Vascular or heart problems diagnosed by doctor_High blood pressure,37114,-0.14729590224314,0.0371772303859107,-0.220163273799525,-0.0744285306867554,7.49335364697949e-05
FABP1,"Fatty acid-binding protein, liver",Health and medical history,X6151#1.Fractured bone site(s)_Ankle,52105,0.0655337904349653,0.0648533660320444,-0.0615788069878417,0.192646387857772,0.312270158448136
FABP1,"Fatty acid-binding protein, liver",Health and medical history,X6151#2.Fractured bone site(s)_Leg,52105,0.141268113241431,0.0808960103082843,-0.0172880669628062,0.299824293445668,0.0807731646339295
FABP1,"Fatty acid-binding protein, liver",Health and medical history,X6151#3.Fractured bone site(s)_Hip,52105,-0.0743001820968521,0.160475008859589,-0.388831199461646,0.240230835267942,0.643367523541367
FABP1,"Fatty acid-binding protein, liver",Health and medical history,X6151#4.Fractured bone site(s)_Spine,52105,0.0492039109861131,0.153423206714046,-0.251505574173417,0.349913396145643,0.74843522086265
FABP1,"Fatty acid-binding protein, liver",Health and medical history,X6151#5.Fractured bone site(s)_Wrist,52105,0.0172300955140539,0.0615859205278275,-0.103478308720488,0.137938499748596,0.779653908106078
FABP1,"Fatty acid-binding protein, liver",Health and medical history,X6151#6.Fractured bone site(s)_Arm,52105,-0.00772284191748452,0.0723478889538201,-0.149524704266972,0.134079020432003,0.914991463340132
FABP1,"Fatty acid-binding protein, liver",Health and medical history,X6151#7.Fractured bone site(s)_Other bones,52105,-0.00351742945742557,0.0305018017254031,-0.0633009608392157,0.0562661019243645,0.908193467170924
FABP1,"Fatty acid-binding protein, liver",Health and medical history,"X6152#5.Blood clot, DVT, bronchitis, emphysema, asthma, rhinitis, eczema, allergy diagnosed by doctor_Blood clot in the leg (DVT)",35677,0.25847346233005,0.0522103273095827,0.156141220803268,0.360805703856832,7.56891757188884e-07
FABP1,"Fatty acid-binding protein, liver",Health and medical history,"X6152#6.Blood clot, DVT, bronchitis, emphysema, asthma, rhinitis, eczema, allergy diagnosed by doctor_Emphysema or chronic bronchitis",35677,0.128998755148658,0.0512787186717646,0.0284924665519996,0.229505043745317,0.0119036350182938
FABP1,"Fatty acid-binding protein, liver",Health and medical history,"X6152#7.Blood clot, DVT, bronchitis, emphysema, asthma, rhinitis, eczema, allergy diagnosed by doctor_Blood clot in the lung",35677,0.3105214973432,0.0727277085516419,0.167975188581982,0.453067806104418,1.98342490659853e-05
FABP1,"Fatty acid-binding protein, liver",Health and medical history,"X6152#8.Blood clot, DVT, bronchitis, emphysema, asthma, rhinitis, eczema, allergy diagnosed by doctor_Asthma",35677,-0.00837289367130532,0.0263184258403518,-0.0599570083183949,0.0432112209757842,0.750389580499691
FABP1,"Fatty acid-binding protein, liver",Health and medical history,"X6154#1.Medication for pain relief, constipation, heartburn_Aspirin",38808,0.321882205534396,0.0227191600640054,0.277352651808945,0.366411759259846,3.87306962904847e-45
FABP1,"Fatty acid-binding protein, liver",Health and medical history,"X6154#2.Medication for pain relief, constipation, heartburn_Ibuprofen",38808,-0.192581085068411,0.0253186977555787,-0.242205732669345,-0.142956437467476,3.06964426613022e-14
FABP1,"Fatty acid-binding protein, liver",Health and medical history,"X6154#3.Medication for pain relief, constipation, heartburn_Paracetamol",38808,-0.160891763534382,0.022405213346714,-0.204805981693941,-0.116977545374822,7.40304615102616e-13
FABP1,"Fatty acid-binding protein, liver",Health and medical history,"X6154#4.Medication for pain relief, constipation, heartburn_Ranitidine",38809,-0.0501612622636569,0.0525427148636025,-0.153144983396318,0.052822458869004,0.339764237895545
FABP1,"Fatty acid-binding protein, liver",Health and medical history,"X6154#5.Medication for pain relief, constipation, heartburn_Omeprazole",38809,0.0237740568845884,0.0312092690761356,-0.0373961105046373,0.0849442242738141,0.446219246645498
FABP1,"Fatty acid-binding protein, liver",Health and medical history,"X6154#6.Medication for pain relief, constipation, heartburn_Laxatives",38809,0.110053838662421,0.0562980341615555,-0.000290308294228075,0.220397985619069,0.0506288121725822
FABP1,"Fatty acid-binding protein, liver",Health and medical history,X6155#1.Vitamin and mineral supplements_Vitamin A,52148,-0.041007308846944,0.0477504546407627,-0.134598199942839,0.0525835822489508,0.390468641288833
FABP1,"Fatty acid-binding protein, liver",Health and medical history,X6155#2.Vitamin and mineral supplements_Vitamin B,52148,0.0421273160102131,0.0383615775816345,-0.0330613760497904,0.117316008070217,0.272143968738124
FABP1,"Fatty acid-binding protein, liver",Health and medical history,X6155#3.Vitamin and mineral supplements_Vitamin C,52148,0.212258006955314,0.075383249824577,0.0645068372991432,0.360009176611485,0.00487087340263617
FABP1,"Fatty acid-binding protein, liver",Health and medical history,X6155#4.Vitamin and mineral supplements_Vitamin D,52148,0.017698254801408,0.0427807945930546,-0.066152102600979,0.101548612203795,0.679100332593594
FABP1,"Fatty acid-binding protein, liver",Health and medical history,X6155#5.Vitamin and mineral supplements_Vitamin E,52148,-0.0537011968986684,0.0438336760164287,-0.139615201890869,0.0322128080935318,0.220544982736862
FABP1,"Fatty acid-binding protein, liver",Health and medical history,X6155#6.Vitamin and mineral supplements_Folic acid or Folate (Vit B9),52148,0.221120695673185,0.0527967400094506,0.117639085254662,0.324602306091708,2.82259656951537e-05
FABP1,"Fatty acid-binding protein, liver",Health and medical history,X6155#7.Vitamin and mineral supplements_Multivitamins + or - minerals,52148,0.0358234337048802,0.0153554555767801,0.00572674077439113,0.0659201266353692,0.0196594074605949
FABP1,"Fatty acid-binding protein, liver",Lifestyle factors,X6157#1.Why stopped smoking_Illness or ill health,34195,0.283064158844545,0.038057588046872,0.208471286272676,0.357657031416414,1.17859847729262e-13
FABP1,"Fatty acid-binding protein, liver",Lifestyle factors,X6157#2.Why stopped smoking_Doctor's advice,34195,0.323574206584856,0.0454950300906885,0.234403947607106,0.412744465562605,1.28434698712564e-12
FABP1,"Fatty acid-binding protein, liver",Lifestyle factors,X6157#3.Why stopped smoking_Health precaution,34195,-0.209733774294986,0.0339637672871395,-0.276302758177779,-0.143164790412192,7.07229324646743e-10
FABP1,"Fatty acid-binding protein, liver",Lifestyle factors,X6157#4.Why stopped smoking_Financial reasons,34195,-0.0360457339492016,0.0302612399542625,-0.0953577642595561,0.023266296361153,0.233644480601575
FABP1,"Fatty acid-binding protein, liver",Health and medical history,X6159#1.Pain type(s) experienced in last month_Headache,52258,0.0126972337973432,0.0187007751307783,-0.0239562854589822,0.0493507530536686,0.497164579613249
FABP1,"Fatty acid-binding protein, liver",Health and medical history,X6159#2.Pain type(s) experienced in last month_Facial pain,52258,0.0943562743635838,0.0611201407305057,-0.0254392014682074,0.214151750195375,0.122654127092581
FABP1,"Fatty acid-binding protein, liver",Health and medical history,X6159#3.Pain type(s) experienced in last month_Neck or shoulder pain,52258,0.00799586542634196,0.0164192242463401,-0.0241858140964846,0.0401775449491685,0.626275651936482
FABP1,"Fatty acid-binding protein, liver",Health and medical history,X6159#4.Pain type(s) experienced in last month_Back pain,52258,0.0265810311220194,0.0153496023115101,-0.00350418940854049,0.0566662516525793,0.0833385776860582
FABP1,"Fatty acid-binding protein, liver",Health and medical history,X6159#5.Pain type(s) experienced in last month_Stomach or abdominal pain,52258,0.0999672332205105,0.0259214236700268,0.049161242827258,0.150773223613763,0.000115303648400116
FABP1,"Fatty acid-binding protein, liver",Health and medical history,X6159#6.Pain type(s) experienced in last month_Hip pain,52258,0.0472404131126327,0.0234380363069551,0.00130186195100073,0.0931789642742647,0.0438588782828424
FABP1,"Fatty acid-binding protein, liver",Health and medical history,X6159#7.Pain type(s) experienced in last month_Knee pain,52258,-0.0188864534452715,0.0165442172494069,-0.051313119254109,0.013540212363566,0.253642560553268
FABP1,"Fatty acid-binding protein, liver",Health and medical history,X6159#8.Pain type(s) experienced in last month_Pain all over the body,52258,0.1825425141481,0.053641626951279,0.0774049253235935,0.287680102972607,0.000667604329542536
FABP1,"Fatty acid-binding protein, liver",Lifestyle factors,X6160#1.Leisure or social activities_Sports club or gym,45098,-0.124643790873899,0.0169026002643942,-0.157772887392111,-0.0915146943556861,1.73128560512503e-13
FABP1,"Fatty acid-binding protein, liver",Lifestyle factors,X6160#2.Leisure or social activities_Pub or social club,45098,0.0378327693953644,0.0166555915884477,0.00518780988200677,0.0704777289087219,0.0231310261097812
FABP1,"Fatty acid-binding protein, liver",Lifestyle factors,X6160#3.Leisure or social activities_Religious group,45098,0.0394472709220154,0.0215549011470652,-0.00280033532623244,0.0816948771702632,0.0672554728052111
FABP1,"Fatty acid-binding protein, liver",Lifestyle factors,X6160#4.Leisure or social activities_Adult education class,45099,0.015189340536362,0.0335649916725654,-0.0505980431418661,0.0809767242145901,0.650889412101735
FABP1,"Fatty acid-binding protein, liver",Lifestyle factors,X6160#5.Leisure or social activities_Other group activity,45099,-0.00626544362162356,0.0190696368721068,-0.0436419318909529,0.0311110446477057,0.742495479444874
FABP1,"Fatty acid-binding protein, liver",Physical activities,X6162#1.Types of transport used (excluding work)_Car or motor vehicle,52029,-0.050444385768878,0.0176197730204517,-0.0849791408889634,-0.0159096306487926,0.00420099808938557
FABP1,"Fatty acid-binding protein, liver",Physical activities,X6162#2.Types of transport used (excluding work)_Walk,52029,-0.0500297372105976,0.0138421959024935,-0.0771604411794849,-0.0228990332417103,0.00030180037338123
FABP1,"Fatty acid-binding protein, liver",Physical activities,X6162#3.Types of transport used (excluding work)_Public transport,52029,0.046911723396804,0.0156441664173004,0.0162491572188952,0.0775742895747127,0.0027144367575693
FABP1,"Fatty acid-binding protein, liver",Physical activities,X6162#4.Types of transport used (excluding work)_Cycle,52029,-0.0885098352484416,0.0238916963701488,-0.135337560133933,-0.04168211036295,0.000212188074480496
FABP1,"Fatty acid-binding protein, liver",Physical activities,X6164#1.Types of physical activity in last 4 weeks_Walking for pleasure (not as a means of transport),52052,-0.0563527641729022,0.0149070509010025,-0.085570583938867,-0.0271349444069373,0.000157042748549343
FABP1,"Fatty acid-binding protein, liver",Physical activities,X6164#3.Types of physical activity in last 4 weeks_Strenuous sports,52052,-0.134897122182432,0.0207996648138068,-0.175664465217494,-0.094129779147371,9.01739569056873e-11
FABP1,"Fatty acid-binding protein, liver",Health and medical history,X6179#1.Mineral and other dietary supplements_Fish oil (including cod liver oil),52148,-0.0650564549486451,0.0152145016813835,-0.0948768782441568,-0.0352360316531334,1.91072636619214e-05
FABP1,"Fatty acid-binding protein, liver",Health and medical history,X6179#2.Mineral and other dietary supplements_Glucosamine,52148,-0.111180274806033,0.0190769123783995,-0.148571023067696,-0.0737895265443701,5.68261193508694e-09
FABP1,"Fatty acid-binding protein, liver",Health and medical history,X6179#3.Mineral and other dietary supplements_Calcium,52148,0.0180114679466304,0.040755661926864,-0.0618696294300231,0.0978925653232839,0.658538268103541
FABP1,"Fatty acid-binding protein, liver",Health and medical history,X6179#4.Mineral and other dietary supplements_Zinc,52148,-0.099432926485172,0.0374021951438909,-0.172741228967198,-0.0261246240031459,0.00785474393291476
FABP1,"Fatty acid-binding protein, liver",Health and medical history,X6179#5.Mineral and other dietary supplements_Iron,52148,0.0536067528450205,0.0451595535751392,-0.0349059721622524,0.142119477852293,0.235218958439289
FABP1,"Fatty acid-binding protein, liver",Health and medical history,X6179#6.Mineral and other dietary supplements_Selenium,52148,-0.104708609051074,0.0464650218233269,-0.195780051824794,-0.0136371662773531,0.0242372304892761
FABP1,"Fatty acid-binding protein, liver",Physical measures,"X78.Heel bone mineral density (BMD) T-score, automated",41990,-0.022641544774334,0.00919342579736419,-0.0406606593371679,-0.00462243021150022,0.0137982732812584
FABP1,"Fatty acid-binding protein, liver",Physical activities,X864.Number of days or week walked 10+ minutes,51781,-0.0184099533244177,0.0115349543685532,-0.0410184638867819,0.0041985572379465,0.110499212482492
FABP1,"Fatty acid-binding protein, liver",Physical activities,X874.Duration of walks,49126,-0.0153548812976874,0.0071159119786924,-0.0293020687759245,-0.00140769381945026,0.0309531283122442
FABP1,"Fatty acid-binding protein, liver",Physical activities,X884.Number of days or week of moderate physical activity 10+ minutes,51186,-0.0674605317236367,0.0112010754306379,-0.0894146395676869,-0.0455064238795864,1.74201482998761e-09
FABP1,"Fatty acid-binding protein, liver",Physical activities,X894.Duration of moderate activity,46403,-0.0342331427586825,0.013446001795102,-0.0605873062770825,-0.00787897924028254,0.0109057482387743
FABP1,"Fatty acid-binding protein, liver",Physical activities,X90087.No-wear time bias adjusted average acceleration,33328,-0.0364576281517784,0.0155524165957891,-0.0669403646795249,-0.00597489162403176,0.0191102624580366
FABP1,"Fatty acid-binding protein, liver",Physical activities,X904.Number of days or week of vigorous physical activity 10+ minutes,51110,-0.095192952909464,0.0114900325480222,-0.117713416703587,-0.0726724891153405,1.2480981936869e-16
FABP1,"Fatty acid-binding protein, liver",Physical activities,X914.Duration of vigorous activity,42060,-0.0353895125840013,0.00838992705789454,-0.0518337696174746,-0.018945255550528,2.47986807158507e-05
