Protein,Protein_definition,Trait_category,Trait,sample_size,Estimated_effect,se,lowerCI,upperCI,Pvalue
STK24,Serine/threonine-protein kinase 24,Lifestyle factors,X1050.Time spend outdoors in summer,49787,0.0270560596736975,0.0198187254213063,-0.0117886421520629,0.0659007614994578,0.172212055152565
STK24,Serine/threonine-protein kinase 24,Lifestyle factors,X1060.Time spent outdoors in winter,47647,0.00232232208191227,0.0219609082708227,-0.0407210581289001,0.0453657022927247,0.915783410642081
STK24,Serine/threonine-protein kinase 24,Physical activities,X1070.Time spent watching television (TV),50585,0.0166799375129152,0.0195373801847902,-0.0216133276492736,0.0549732026751041,0.393255685834936
STK24,Serine/threonine-protein kinase 24,Physical activities,X1080.Time spent using computer,47665,-0.00425295029898475,0.0196638791587542,-0.042794153450143,0.0342882528521735,0.828769968171309
STK24,Serine/threonine-protein kinase 24,Physical activities,X1090.Time spent driving,44997,0.0114591143971487,0.0216179508635036,-0.0309120692953183,0.0538302980896158,0.596067780152628
STK24,Serine/threonine-protein kinase 24,Lifestyle factors,X1160.Sleep duration,51637,-0.00949331403723529,0.0179713246907268,-0.0447171104310597,0.0257304823565892,0.597332394980606
STK24,Serine/threonine-protein kinase 24,Health and medical history,X120039#0.Location of pain during the past week_None of the given areas,35890,0.0121931472183216,0.0260419508637827,-0.0388490764746925,0.0632353709113357,0.639647172931085
STK24,Serine/threonine-protein kinase 24,Health and medical history,X120039#1.Location of pain during the past week_Left shoulder,35890,0.0135584908434071,0.0286982186234262,-0.0426900176585082,0.0698069993453225,0.636619331262021
STK24,Serine/threonine-protein kinase 24,Health and medical history,X120039#10.Location of pain during the past week_Upper right leg,35890,0.0158674433670273,0.0302882774934761,-0.0434975805201858,0.0752324672542404,0.60037746005648
STK24,Serine/threonine-protein kinase 24,Health and medical history,X120039#11.Location of pain during the past week_Lower left leg,35890,0.000591732983518068,0.0311320436366921,-0.0604270725443985,0.0616105385114347,0.984835881749439
STK24,Serine/threonine-protein kinase 24,Health and medical history,X120039#12.Location of pain during the past week_Lower right leg,35890,0.0296708186687348,0.0317944184325495,-0.0326462414590622,0.0919878787965319,0.35074328018355
STK24,Serine/threonine-protein kinase 24,Health and medical history,X120039#13.Location of pain during the past week_Left jaw pain,35890,-0.120080107673142,0.0838832361187535,-0.284491250465899,0.0443310351196153,0.152325550290536
STK24,Serine/threonine-protein kinase 24,Health and medical history,X120039#14.Location of pain during the past week_Right jaw pain,35890,-0.0766860688614903,0.0993529156558364,-0.27141778354693,0.118045645823949,0.440225187644194
STK24,Serine/threonine-protein kinase 24,Health and medical history,X120039#15.Location of pain during the past week_Chest pain,35890,-0.0596125137987156,0.0504569479334442,-0.158508131748266,0.039283104150835,0.237461343550398
STK24,Serine/threonine-protein kinase 24,Health and medical history,X120039#16.Location of pain during the past week_Abdomen,35890,-0.0119735393380516,0.0389752712266556,-0.0883650709422966,0.0644179922661934,0.758693358866366
STK24,Serine/threonine-protein kinase 24,Health and medical history,X120039#17.Location of pain during the past week_Neck pain,35890,-0.0333090546865329,0.0260519963460134,-0.0843709675247192,0.0177528581516534,0.201092552971557
STK24,Serine/threonine-protein kinase 24,Health and medical history,X120039#18.Location of pain during the past week_Upper back,35890,0.079964768898338,0.0409130986789292,-0.000224904512363275,0.160154442309039,0.0506799474926874
STK24,Serine/threonine-protein kinase 24,Health and medical history,X120039#19.Location of pain during the past week_Lower back,35890,-0.00837928550056155,0.0195061529311486,-0.0466113452456128,0.0298527742444896,0.667520137989242
STK24,Serine/threonine-protein kinase 24,Health and medical history,X120039#2.Location of pain during the past week_Right shoulder,35890,-0.0250264009147202,0.026844095127441,-0.0776408273645045,0.0275880255350641,0.351219098671321
STK24,Serine/threonine-protein kinase 24,Health and medical history,X120039#3.Location of pain during the past week_Upper left arm,35890,-0.00918215239222062,0.0426068825644569,-0.0926916422185561,0.0743273374341149,0.829376785817606
STK24,Serine/threonine-protein kinase 24,Health and medical history,X120039#4.Location of pain during the past week_Upper right arm,35890,-0.0896830396284498,0.0395032461368198,-0.167109402056617,-0.0122566772002829,0.0232202567633126
STK24,Serine/threonine-protein kinase 24,Health and medical history,X120039#5.Location of pain during the past week_Lower left arm,35890,-0.00378859916028745,0.0480527704626571,-0.0979720292670954,0.0903948309465205,0.937160086167238
STK24,Serine/threonine-protein kinase 24,Health and medical history,X120039#6.Location of pain during the past week_Lower right arm,35890,0.0530326943283773,0.0469027386167211,-0.0388966733603961,0.144962062017151,0.258220663123289
STK24,Serine/threonine-protein kinase 24,Health and medical history,X120039#7.Location of pain during the past week_Left hip,35890,-0.0361472699790643,0.0299584368949941,-0.0948658062932527,0.0225712663351242,0.227632838716057
STK24,Serine/threonine-protein kinase 24,Health and medical history,X120039#8.Location of pain during the past week_Right hip,35890,-0.0248966845869758,0.0291567286871988,-0.0820438728138855,0.032250503639934,0.393193132575969
STK24,Serine/threonine-protein kinase 24,Health and medical history,X120039#9.Location of pain during the past week_Upper left leg,35890,0.0318909256982759,0.0322425809635878,-0.0313045329903562,0.095086384386908,0.32265024822271
STK24,Serine/threonine-protein kinase 24,Health and medical history,X120040.Fatigue severity over the past week,35895,0.0363941797876743,0.0333888399117585,-0.0290479464393723,0.101836306014721,0.275744615227453
STK24,Serine/threonine-protein kinase 24,Health and medical history,X120041.Waking unrefreshed severity over the past week,35898,-0.0111373341299529,0.0329661237471344,-0.0757509366743364,0.0534762684144305,0.735492138281586
STK24,Serine/threonine-protein kinase 24,Health and medical history,X120042.Cognitive symptoms severity over the past week,35898,-0.0238644549010623,0.036278002785254,-0.0949693403601601,0.0472404305580355,0.510673507700529
STK24,Serine/threonine-protein kinase 24,Health and medical history,X120098.Mobility problems today,35900,-0.0490312043878954,0.0387774829320864,-0.125035070934785,0.0269726621589938,0.206118042532825
STK24,Serine/threonine-protein kinase 24,Health and medical history,X120099.Self-care problems today,35900,-0.108758207928879,0.0589124484063313,-0.224226606805288,0.00671019094753027,0.0649183180133546
STK24,Serine/threonine-protein kinase 24,Health and medical history,X120100.Problems doing usual activities,35900,-0.0070019189780603,0.0371867826560286,-0.0798880129838763,0.0658841750277558,0.850654145203447
STK24,Serine/threonine-protein kinase 24,Health and medical history,X120101.Pain or discomfort today,35900,-0.00405229292697136,0.0330057322615826,-0.0687435281596733,0.0606389423057306,0.902288313257406
STK24,Serine/threonine-protein kinase 24,Health and medical history,X120102.Anxiety or depression today,35900,0.0370283741841852,0.0421895671468061,-0.0456631774235547,0.119719925791925,0.380153567611938
STK24,Serine/threonine-protein kinase 24,Health and medical history,X120103.Scale to indicate how health is today,35885,0.0057948396593927,0.00852337535538572,-0.0109109760371633,0.0225006553559487,0.496604484418965
STK24,Serine/threonine-protein kinase 24,Health and medical history,X120104.Little interest or pleasure in doing things over the last two weeks,35884,-0.0206306287446524,0.0413600954282557,-0.101696415784034,0.0604351582947288,0.617931723451761
STK24,Serine/threonine-protein kinase 24,Health and medical history,"X120105.Feeling down, depressed, or hopeless over the last two weeks",35882,0.0228895390101069,0.0439379389091369,-0.0632288212518013,0.109007899272015,0.602416341974804
STK24,Serine/threonine-protein kinase 24,Health and medical history,"X120106.Trouble falling or staying asleep, or sleeping too much over the last two weeks",35888,0.00672066934426366,0.0336601211026655,-0.0592531680169608,0.0726945067054881,0.841749989892337
STK24,Serine/threonine-protein kinase 24,Health and medical history,X120107.Feeling tired or having little energy over the last two weeks,35893,-0.00623624454971819,0.0340438467924582,-0.0729621842629362,0.0604896951634998,0.854659743716733
STK24,Serine/threonine-protein kinase 24,Health and medical history,X120108.Poor appetite or overeating over the last two weeks,35892,-0.0639784009471405,0.0491925834812068,-0.160395864570306,0.0324390626760249,0.193446774229959
STK24,Serine/threonine-protein kinase 24,Health and medical history,X120109.Feeling bad about self over the last two weeks,35876,0.00848075718893617,0.046346226057424,-0.082357845883615,0.0993193602614873,0.854813313241095
STK24,Serine/threonine-protein kinase 24,Health and medical history,X120110.Trouble concentrating over the last two weeks,35895,-0.0152639120646226,0.044318005283413,-0.102127202420112,0.0715993782908669,0.73054199791159
STK24,Serine/threonine-protein kinase 24,Health and medical history,X120111.Moving or speaking slower or faster than usual over the last two weeks,35887,-0.0496415882274392,0.0651886265251716,-0.177411296216776,0.0781281197618971,0.446379015360016
STK24,Serine/threonine-protein kinase 24,Health and medical history,X120112.Thoughts of being better off dead or of hurting self over the last two weeks,35853,0.0233375712698756,0.0909821675323577,-0.154987477093546,0.201662619633297,0.797566581653818
STK24,Serine/threonine-protein kinase 24,Health and medical history,"X120113.Level of difficultly depression has made to do work, take care of things at home, or get along with other people",33138,-0.0269144054035545,0.0471110987160427,-0.119252158886998,0.0654233480798892,0.567826983670128
STK24,Serine/threonine-protein kinase 24,Lifestyle factors,X1269.Exposure to tobacco smoke at home,49163,0.053564133011138,0.0438140451436123,-0.0323113954703421,0.139439661492618,0.221519998879677
STK24,Serine/threonine-protein kinase 24,Lifestyle factors,X1279.Exposure to tobacco smoke outside home,47949,0.0550173356339303,0.0250519503900729,0.00591551286938751,0.104119158398473,0.0280944760351861
STK24,Serine/threonine-protein kinase 24,Diet and food preferences,X1289.Cooked vegetable intake,50711,0.0346559650623884,0.0187857319537869,-0.00216406956703404,0.0714759996918108,0.0650796414076732
STK24,Serine/threonine-protein kinase 24,Diet and food preferences,X1299.Salad  or  raw vegetable intake,49886,-0.0160329002310876,0.0193786587379935,-0.0540150713575548,0.0219492708953795,0.408048953956363
STK24,Serine/threonine-protein kinase 24,Diet and food preferences,X1309.Fresh fruit intake,50573,-0.00387272335744974,0.0199190823147711,-0.0429141246944011,0.0351686779795016,0.845846651883188
STK24,Serine/threonine-protein kinase 24,Diet and food preferences,X1319.Dried fruit intake,49603,-0.0335002819839779,0.0210906874217891,-0.0748380293306847,0.00783746536272879,0.11221274834011
STK24,Serine/threonine-protein kinase 24,Health and medical history,X134.Number of self-reported cancers,51784,0.00667808671953655,0.0394221518943159,-0.0705893309933226,0.0839455044323957,0.865484016603363
STK24,Serine/threonine-protein kinase 24,Health and medical history,X135.Number of self-reported non-cancer illnesses,51785,0.0370787437865267,0.0187171671516568,0.000393096169279329,0.073764391403774,0.0476028568769317
STK24,Serine/threonine-protein kinase 24,Health and medical history,"X136.Number of operations, self-reported",51785,-0.039503582961169,0.0180345058305971,-0.0748512143891393,-0.00415595153319859,0.0285019432935601
STK24,Serine/threonine-protein kinase 24,Health and medical history,X137.Number of treatments or medications taken,51785,0.0294803777649668,0.0183265555214916,-0.00643967105715667,0.0654004265870902,0.107714100800121
STK24,Serine/threonine-protein kinase 24,Diet and food preferences,X1438.Bread intake,51243,0.00240013488990103,0.00464170248194521,-0.00669760197471159,0.0114978717545137,0.60510485814037
STK24,Serine/threonine-protein kinase 24,Diet and food preferences,X1458.Cereal intake,50587,-0.0337244935313376,0.0186927054265733,-0.0703621961674213,0.00291320910474609,0.0712210644469218
STK24,Serine/threonine-protein kinase 24,Diet and food preferences,X1488.Tea intake,50921,0.00900576618441432,0.00456013282405673,6.79058492631217e-05,0.0179436265195655,0.0482927993796211
STK24,Serine/threonine-protein kinase 24,Diet and food preferences,X1498.Coffee intake,49985,0.00339786461594393,0.0187209773447244,-0.0332952509797159,0.0400909802116037,0.855976550372099
STK24,Serine/threonine-protein kinase 24,Diet and food preferences,X1528.Water intake,49671,-0.043995886360897,0.018962786869216,-0.0811629486245603,-0.00682882409723357,0.0203440462984354
STK24,Serine/threonine-protein kinase 24,Lifestyle factors,X1568.Average weekly red wine intake,46238,-0.0318459831551106,0.0207133557309118,-0.0724441603876977,0.00875219407747643,0.124198319982325
STK24,Serine/threonine-protein kinase 24,Lifestyle factors,X1578.Average weekly champagne plus white wine intake,46230,-0.0297146758053351,0.0215026643457628,-0.0718598979230302,0.01243054631236,0.167017862345042
STK24,Serine/threonine-protein kinase 24,Lifestyle factors,X1588.Average weekly beer plus cider intake,46299,-0.0034740792257748,0.0215086694699357,-0.0456310713868487,0.0386829129352991,0.871685743250881
STK24,Serine/threonine-protein kinase 24,Lifestyle factors,X1598.Average weekly spirits intake,46225,-0.058459958043852,0.0223742685952225,-0.102313524490488,-0.014606391597216,0.0089874558672787
STK24,Serine/threonine-protein kinase 24,Lifestyle factors,X1608.Average weekly fortified wine intake,46266,-0.0298261123940945,0.0398905665562201,-0.108011622844286,0.0483593980560969,0.454652055400398
STK24,Serine/threonine-protein kinase 24,Lifestyle factors,X1737.Childhood sunburn occasions,45661,-0.024075327300631,0.0219609027358915,-0.0671186966629783,0.0189680420617163,0.272971159187483
STK24,Serine/threonine-protein kinase 24,Health and medical history,X1807.Father's age at death,45852,-0.00457972889175606,0.00525314980750764,-0.014875902514471,0.00571644473095892,0.383326210580021
STK24,Serine/threonine-protein kinase 24,Health and medical history,X1845.Mother's age,37128,-0.00491464646886515,0.0121837787699881,-0.0287948528580419,0.0189655599203116,0.686681600218672
STK24,Serine/threonine-protein kinase 24,Health and medical history,X1873.Number of full brothers,51389,-0.00229202917692518,0.0180493888307899,-0.0376688312852733,0.033084772931423,0.898952183621805
STK24,Serine/threonine-protein kinase 24,Health and medical history,X1883.Number of full sisters,51391,0.019696169760631,0.0180533375085833,-0.0156883717561923,0.0550807112774542,0.275284939905563
STK24,Serine/threonine-protein kinase 24,Physical measures,X20015.Sitting height,51583,-0.019673723275708,0.00598110214230555,-0.0313966834746269,-0.00795076307678915,0.00100582880769733
STK24,Serine/threonine-protein kinase 24,Cognitive function,X20016.Fluid intelligence score,36005,-0.0174459853411439,0.0298374797671233,-0.0759274456847057,0.0410354750024178,0.558767050485965
STK24,Serine/threonine-protein kinase 24,Cognitive function,X20018.Prospective memory result,36340,0.0212241986993231,0.0403328853624793,-0.0578282566111363,0.100276654009783,0.5987465159413
STK24,Serine/threonine-protein kinase 24,Physical measures,X20019.Speech-reception-threshold (SRT) estimate (left),35911,0.000181151043756552,0.0081943598171813,-0.0158797941979188,0.0162420962854319,0.982363368385154
STK24,Serine/threonine-protein kinase 24,Physical measures,X20021.Speech-reception-threshold (SRT) estimate (right),35909,0.0023376438009648,0.00820292648941865,-0.0137400921182957,0.0184153797202253,0.775669984847798
STK24,Serine/threonine-protein kinase 24,Cognitive function,X20023.Mean time to correctly identify matches,51479,0.00138636198548543,0.00470609154051353,-0.00783757743392109,0.010610301404892,0.768310671290348
STK24,Serine/threonine-protein kinase 24,Health and medical history,X20107#1.Illnesses of father_Heart disease,48386,0.00897676633807377,0.0104808624790081,-0.011565724120782,0.0295192567969296,0.391736518540835
STK24,Serine/threonine-protein kinase 24,Health and medical history,X20107#10.Illnesses of father_Alzheimer's disease or dementia,47948,-0.0267429838277932,0.0235459439662263,-0.0728930340015967,0.0194070663460104,0.256063222994367
STK24,Serine/threonine-protein kinase 24,Health and medical history,X20107#11.Illnesses of father_Parkinson's disease,47907,-0.0236273793967125,0.0310547048609616,-0.0844946009241973,0.0372398421307723,0.446767360550639
STK24,Serine/threonine-protein kinase 24,Health and medical history,X20107#12.Illnesses of father_Severe depression,47931,0.0404750762362485,0.0277092355611483,-0.0138350254636021,0.0947851779360991,0.144112100893439
STK24,Serine/threonine-protein kinase 24,Health and medical history,X20107#13.Illnesses of father_Prostate cancer,47952,0.031535468741356,0.0185530596095743,-0.00482852809340972,0.0678994655761217,0.0891949870661544
STK24,Serine/threonine-protein kinase 24,Health and medical history,X20107#2.Illnesses of father_Stroke,48124,0.00376321149343345,0.0133539168317909,-0.0224104654968767,0.0299368884837436,0.778095394186119
STK24,Serine/threonine-protein kinase 24,Health and medical history,X20107#3.Illnesses of father_Lung cancer,48067,0.000609447568093738,0.0169860766461857,-0.0326832626584303,0.0339021577946178,0.971379014935992
STK24,Serine/threonine-protein kinase 24,Health and medical history,X20107#4.Illnesses of father_Bowel cancer,47968,-0.00505528186429892,0.0205601362600808,-0.0453531489340573,0.0352425852054594,0.805779404959133
STK24,Serine/threonine-protein kinase 24,Health and medical history,X20107#6.Illnesses of father_Chronic bronchitis or emphysema,48089,0.0168693400069048,0.0158445011956102,-0.0141858823364913,0.0479245623503009,0.28703348343942
STK24,Serine/threonine-protein kinase 24,Health and medical history,X20107#8.Illnesses of father_High blood pressure,48180,0.0139643131469674,0.0118442398064024,-0.00925039687358131,0.037179023167516,0.238414034729524
STK24,Serine/threonine-protein kinase 24,Health and medical history,X20107#9.Illnesses of father_Diabetes,48040,-0.012612319206039,0.0163159796487962,-0.0445916393176795,0.0193670009056015,0.439529351161796
STK24,Serine/threonine-protein kinase 24,Health and medical history,X20110#1.Illnesses of mother_Heart disease,49165,-0.00625834131637658,0.012495708163813,-0.03074992931745,0.0182332466846968,0.616489608108368
STK24,Serine/threonine-protein kinase 24,Health and medical history,X20110#10.Illnesses of mother_Alzheimer's disease or dementia,49007,0.0336472830931968,0.0175263361176298,-0.000704335697357582,0.0679989018837512,0.0548954842723571
STK24,Serine/threonine-protein kinase 24,Health and medical history,X20110#11.Illnesses of mother_Parkinson's disease,48930,-0.0203119898380814,0.0393395010032032,-0.0974174118043597,0.056793432128197,0.60563266385219
STK24,Serine/threonine-protein kinase 24,Health and medical history,X20110#12.Illnesses of mother_Severe depression,48964,0.0162065172527532,0.0208157380233524,-0.0245923292730175,0.0570053637785239,0.436241873930764
STK24,Serine/threonine-protein kinase 24,Health and medical history,X20110#2.Illnesses of mother_Stroke,49112,-0.0176453747738067,0.0140048681847114,-0.045094916415841,0.00980416686822755,0.207703251467364
STK24,Serine/threonine-protein kinase 24,Health and medical history,X20110#3.Illnesses of mother_Lung cancer,49006,0.020601968086333,0.0234749672347395,-0.0254089676937564,0.0666129038664224,0.380163371995511
STK24,Serine/threonine-protein kinase 24,Health and medical history,X20110#4.Illnesses of mother_Bowel cancer,48974,-0.0245452490547321,0.0213016488825571,-0.0662964808645439,0.0172059827550798,0.249223697258279
STK24,Serine/threonine-protein kinase 24,Health and medical history,X20110#5.Illnesses of mother_Breast cancer,48981,0.0115901518970826,0.0179065327729551,-0.0235066523379093,0.0466869561320746,0.517472077226665
STK24,Serine/threonine-protein kinase 24,Health and medical history,X20110#6.Illnesses of mother_Chronic bronchitis or emphysema,49017,-0.0218217845738502,0.0214919254107034,-0.0639459583788288,0.0203023892311285,0.309951978709929
STK24,Serine/threonine-protein kinase 24,Health and medical history,X20110#8.Illnesses of mother_High blood pressure,49217,0.00429756239203068,0.0107467420573519,-0.0167660520403791,0.0253611768244405,0.689238410782516
STK24,Serine/threonine-protein kinase 24,Health and medical history,X20110#9.Illnesses of mother_Diabetes,49065,0.0067161439813639,0.0161786034291801,-0.024993918739829,0.0384262067025569,0.678054695068686
STK24,Serine/threonine-protein kinase 24,Health and medical history,X20111#1.Illnesses of siblings_Heart disease,46194,-0.00142138172817021,0.0172040439913158,-0.0351413079511491,0.0322985444948087,0.934155395181272
STK24,Serine/threonine-protein kinase 24,Health and medical history,X20111#10.Illnesses of siblings_Alzheimer's disease or dementia,46048,0.000924902972421982,0.0694925326351559,-0.135280460992484,0.137130266937328,0.989381111715139
STK24,Serine/threonine-protein kinase 24,Health and medical history,X20111#11.Illnesses of siblings_Parkinson's disease,46040,-0.0276617805599664,0.069421902022111,-0.163728708523304,0.108405147403371,0.69029676435559
STK24,Serine/threonine-protein kinase 24,Health and medical history,X20111#12.Illnesses of siblings_Severe depression,46093,-0.00975962995232511,0.0225001508109701,-0.0538599255418266,0.0343406656371763,0.664469224930845
STK24,Serine/threonine-protein kinase 24,Health and medical history,X20111#13.Illnesses of siblings_Prostate cancer,46057,-0.00967066852115988,0.0399170413450591,-0.0879080695574757,0.0685667325151559,0.808574446137165
STK24,Serine/threonine-protein kinase 24,Health and medical history,X20111#2.Illnesses of siblings_Stroke,46093,0.032616603952662,0.0286664646671793,-0.0235696667950094,0.0888028747003335,0.255221038739674
STK24,Serine/threonine-protein kinase 24,Health and medical history,X20111#3.Illnesses of siblings_Lung cancer,46062,0.0464857803046098,0.0328308154623628,-0.0178626180016214,0.110834178610841,0.156817013508446
STK24,Serine/threonine-protein kinase 24,Health and medical history,X20111#4.Illnesses of siblings_Bowel cancer,46065,-0.0314359216344405,0.0321470342357576,-0.0944441087365253,0.0315722654676443,0.328147533471784
STK24,Serine/threonine-protein kinase 24,Health and medical history,X20111#5.Illnesses of siblings_Breast cancer,46071,-0.0209615734846135,0.0252164072752693,-0.0703857317441414,0.0284625847749143,0.405834032763307
STK24,Serine/threonine-protein kinase 24,Health and medical history,X20111#6.Illnesses of siblings_Chronic bronchitis or emphysema,46091,-0.0207092414116546,0.0319708752875728,-0.0833721569752973,0.0419536741519882,0.517152997414507
STK24,Serine/threonine-protein kinase 24,Health and medical history,X20111#8.Illnesses of siblings_High blood pressure,46256,0.0133979565612663,0.0130682181384921,-0.0122157509901783,0.0390116641127109,0.305267737114719
STK24,Serine/threonine-protein kinase 24,Health and medical history,X20111#9.Illnesses of siblings_Diabetes,46158,-0.0168443703821191,0.0181966667299169,-0.0525098371727564,0.0188210964085181,0.354622743988155
STK24,Serine/threonine-protein kinase 24,Mental health,X20127.Neuroticism score,47286,-0.00300225357669665,0.0187626145896592,-0.0397769781724286,0.0337724710190353,0.87287292829783
STK24,Serine/threonine-protein kinase 24,Cognitive function,X20128.Number of fluid intelligence questions attempted within time limit,36005,-0.000763809372397434,0.0301478129423799,-0.0598535227394621,0.0583259039946672,0.979788056151297
STK24,Serine/threonine-protein kinase 24,Lifestyle factors,X20161.Pack years of smoking,36687,0.00875488892921173,0.00791350828521369,-0.0067555873098071,0.0242653651682306,0.268620047592875
STK24,Serine/threonine-protein kinase 24,Lifestyle factors,X20162.Pack years adult smoking as proportion of life span exposed to smoking,36687,0.00853010777737716,0.00780052911291746,-0.00675892928394107,0.0238191448386954,0.274194007344206
STK24,Serine/threonine-protein kinase 24,Cognitive function,X20191.Fluid intelligence score,34127,0.0529285330574353,0.0346063140201271,-0.0148998424220138,0.120756908536884,0.126210949231163
STK24,Serine/threonine-protein kinase 24,Cognitive function,X20192.Number of fluid intelligence questions attempted within time limit,34128,0.0482210156053399,0.0351625898901623,-0.0206976605793781,0.117139691790058,0.17031458849352
STK24,Serine/threonine-protein kinase 24,Cognitive function,X20240.Maximum digits remembered correctly,33600,0.0121589452379679,0.0376682742230125,-0.0616708722391366,0.0859887627150723,0.746867745122008
STK24,Serine/threonine-protein kinase 24,Physical measures,X20255.Spirometry QC measure,45165,0.0414697329591998,0.0229048342381017,-0.00342374214747962,0.0863632080658792,0.0702328037065617
STK24,Serine/threonine-protein kinase 24,Eye measures,X20261.avMSE,33688,-0.0147238456691978,0.0101107562446462,-0.0345409279087043,0.00509323657030878,0.145383669504501
STK24,Serine/threonine-protein kinase 24,Eye measures,X20262.Myopia diagnosis,33688,0.0598674563022919,0.0450540275221519,-0.0284384376411259,0.14817335024571,0.183976018863926
STK24,Serine/threonine-protein kinase 24,NMR metabolomics,X20280.Glucose-lactate,41814,0.0471078793304996,0.00588997011305913,0.0355635379089037,0.0586522207520955,1.36948065489559e-15
STK24,Serine/threonine-protein kinase 24,NMR metabolomics,X20281.Spectrometer-corrected alanine,41836,0.0640430234076804,0.00622058389205067,0.0518506789792611,0.0762353678360997,9.17020226671745e-25
STK24,Serine/threonine-protein kinase 24,Mental health,X20544#11.Mental health problems ever diagnosed by a professional_Depression,35751,0.0591762572493934,0.0381651253691734,-0.0156273884741865,0.133979902972973,0.121058074521777
STK24,Serine/threonine-protein kinase 24,Mental health,X20544#6.Mental health problems ever diagnosed by a professional_Panic attacks,35751,0.0614918142474007,0.0836797412774518,-0.102520478656405,0.225504107151206,0.46245672233215
STK24,Serine/threonine-protein kinase 24,Mental health,X20546#1.Substances taken for depression_Unprescribed medication (more than once),35750,0.0641002687589551,0.103035177878558,-0.137848679883019,0.266049217400929,0.53388264962112
STK24,Serine/threonine-protein kinase 24,Mental health,X20546#3.Substances taken for depression_Medication prescribed to you (for at least two weeks),35750,-0.000797137536392941,0.0370686570378237,-0.0734517053305274,0.0718574302577415,0.982843930052442
STK24,Serine/threonine-protein kinase 24,Mental health,X20546#4.Substances taken for depression_Drugs or alcohol (more than once),35750,0.01856704077113,0.0527075311691674,-0.084739720320438,0.121873801862698,0.724649598843905
STK24,Serine/threonine-protein kinase 24,Mental health,X20548#1.Manifestations of mania or irritability_I was more talkative than usual,35753,0.104467174678615,0.070744160487959,-0.0341913798777851,0.243125729235014,0.139802850053421
STK24,Serine/threonine-protein kinase 24,Mental health,X20548#2.Manifestations of mania or irritability_I was more restless than usual,35753,0.103813984644724,0.0445844243549032,0.0164285129091139,0.191199456380334,0.0199143032315018
STK24,Serine/threonine-protein kinase 24,Mental health,X20548#3.Manifestations of mania or irritability_My thoughts were racing,35753,0.0626968798838384,0.0507285905280229,-0.0367311575510866,0.162124917318763,0.216525953803542
STK24,Serine/threonine-protein kinase 24,Mental health,X20548#5.Manifestations of mania or irritability_I needed less sleep than usual,35753,0.0213713373013895,0.073983649697996,-0.123636616106683,0.166379290709462,0.772692538574809
STK24,Serine/threonine-protein kinase 24,Mental health,X20548#6.Manifestations of mania or irritability_I was more creative or had more ideas than usual,35753,-0.0237319974157668,0.0824805637643034,-0.185393902393801,0.137929907562268,0.773563014314718
STK24,Serine/threonine-protein kinase 24,Mental health,X20548#7.Manifestations of mania or irritability_I was easily distracted,35753,0.101378925852042,0.0536178588395648,-0.0037120774735052,0.206469929177589,0.0586957122366997
STK24,Serine/threonine-protein kinase 24,Mental health,X20548#8.Manifestations of mania or irritability_I was more confident than usual,35753,0.0596712309966329,0.0802424067144638,-0.097603886163716,0.216946348156982,0.457120474027498
STK24,Serine/threonine-protein kinase 24,Mental health,X20548#9.Manifestations of mania or irritability_I was more active than usual,35753,-0.0227367391234052,0.0647140366047911,-0.149576250868796,0.104102772621985,0.72534236836532
STK24,Serine/threonine-protein kinase 24,Mental health,X20549#1.Substances taken for anxiety_Unprescribed medication (more than once),35756,0.10163976925112,0.110702111696705,-0.115336369674422,0.318615908176661,0.358577784860537
STK24,Serine/threonine-protein kinase 24,Mental health,X20549#3.Substances taken for anxiety_Medication prescribed to you (for at least two weeks),35756,0.0430491834082257,0.0490069567316604,-0.0530044517858287,0.13910281860228,0.379739876253337
STK24,Serine/threonine-protein kinase 24,Mental health,X20549#4.Substances taken for anxiety_Drugs or alcohol (more than once),35756,-0.0434994407400476,0.0642590169557164,-0.169447113973252,0.0824482324931565,0.498466479600745
STK24,Serine/threonine-protein kinase 24,Mental health,X20553#4.Methods of self-harm used_Ingesting a medication in excess of the normal dose,35756,-0.00623083929129993,0.133941764114298,-0.268756696955323,0.256295018372723,0.962897874667363
STK24,Serine/threonine-protein kinase 24,Diet and food preferences,X20600.Liking for adding salt to foods,36460,-0.0258880837583582,0.0291381538071284,-0.0829988652203299,0.0312226977036135,0.374320588879319
STK24,Serine/threonine-protein kinase 24,Diet and food preferences,X20601.Liking for aniseed,36460,-0.017343992145812,0.0291394206173531,-0.0744572565558242,0.0397692722642002,0.551722151650497
STK24,Serine/threonine-protein kinase 24,Diet and food preferences,X20602.Liking for apple juice,36460,0.000339499133017814,0.0291999807559454,-0.0568924631486352,0.0575714614146709,0.990723747733043
STK24,Serine/threonine-protein kinase 24,Diet and food preferences,X20603.Liking for apples,36460,-0.0243434491283997,0.0297694508798013,-0.0826915728528102,0.0340046745960109,0.413534732687003
STK24,Serine/threonine-protein kinase 24,Diet and food preferences,X20604.Liking for asparagus,36460,-0.0102659471171067,0.0290924591453932,-0.0672871670420774,0.046755272807864,0.724193028964761
STK24,Serine/threonine-protein kinase 24,Diet and food preferences,X20605.Liking for aubergine,36460,-0.0689321708943114,0.0291471539992791,-0.126060592732898,-0.0118037490557245,0.0180556671275084
STK24,Serine/threonine-protein kinase 24,Diet and food preferences,X20606.Liking for avocados,36460,-0.0173528930236282,0.0291185947183873,-0.0744253386716673,0.0397195526244109,0.551233460572497
STK24,Serine/threonine-protein kinase 24,Diet and food preferences,X20607.Liking for bacon,36460,-0.0125485302474446,0.0296722582037287,-0.0707061563267529,0.0456090958318638,0.672376553480666
STK24,Serine/threonine-protein kinase 24,Diet and food preferences,X20608.Liking for baked or steamed fish,36460,-0.0251518308092099,0.0293640747831273,-0.0827054173841393,0.0324017557657196,0.391719158342335
STK24,Serine/threonine-protein kinase 24,Diet and food preferences,X20609.Liking for bananas,36460,0.00996346597562803,0.0299472020545477,-0.0487330500512854,0.0686599820025415,0.739368829580668
STK24,Serine/threonine-protein kinase 24,Diet and food preferences,X20610.Liking for barbequed or grilled meat,36460,-0.0437021826056701,0.0295255600111918,-0.101572280227606,0.0141679150162658,0.138874024034426
STK24,Serine/threonine-protein kinase 24,Diet and food preferences,X20611.Liking for beef steak,36460,-0.0219029040193303,0.0296734011340576,-0.0800627702420832,0.0362569622034226,0.460455952117342
STK24,Serine/threonine-protein kinase 24,Diet and food preferences,X20612.Liking for beetroot,36460,0.0187440290478945,0.0294466974712422,-0.0389714979957403,0.0764595560915293,0.524442450850464
STK24,Serine/threonine-protein kinase 24,Diet and food preferences,X20613.Liking for bell pepper,36460,0.00369827923267167,0.0291144518981103,-0.0533660464876244,0.0607626049529678,0.898923430282691
STK24,Serine/threonine-protein kinase 24,Diet and food preferences,X20614.Liking for bicycling,36460,0.00317911072973509,0.0292836012985783,-0.0542167478154785,0.0605749692749487,0.913552015429492
STK24,Serine/threonine-protein kinase 24,Diet and food preferences,X20615.Liking for biscuits,36460,-0.000178459348792339,0.0292663818395156,-0.0575405677542429,0.0571836490566582,0.995134877165033
STK24,Serine/threonine-protein kinase 24,Diet and food preferences,X20616.Liking for bitter foods,36460,-0.0199654515761568,0.0291432319399308,-0.0770861861784212,0.0371552830261076,0.493313530149163
STK24,Serine/threonine-protein kinase 24,Diet and food preferences,X20617.Liking for bitter or ale,36460,-0.0326995035697023,0.0293785630773352,-0.0902814872012792,0.0248824800618747,0.265725507210339
STK24,Serine/threonine-protein kinase 24,Diet and food preferences,X20618.Liking for black olives,36460,-0.0361411015055472,0.0291585130079801,-0.0932917870011881,0.0210095839900938,0.215208548670222
STK24,Serine/threonine-protein kinase 24,Diet and food preferences,X20619.Liking for black pepper,36460,-0.0480618717610081,0.0295381256080851,-0.105956597952855,0.00983285443083869,0.103753204341338
STK24,Serine/threonine-protein kinase 24,Diet and food preferences,X20620.Liking for blue cheese,36460,-0.0204359799607139,0.0291859728407336,-0.0776404867285518,0.0367685268071239,0.483823977101529
STK24,Serine/threonine-protein kinase 24,Diet and food preferences,X20621.Liking for bolognese sauce,36460,-0.0408509272849334,0.0293287819633424,-0.0983353399330845,0.0166334853632176,0.163701156512704
STK24,Serine/threonine-protein kinase 24,Diet and food preferences,X20622.Liking for broad beans,36460,-0.0288731609976288,0.0291902050592956,-0.0860859629138483,0.0283396409185907,0.322625776358356
STK24,Serine/threonine-protein kinase 24,Diet and food preferences,X20623.Liking for broccoli,36460,0.0243908067799001,0.0294491045863958,-0.0333294382094357,0.0821110517692359,0.407562070706946
STK24,Serine/threonine-protein kinase 24,Diet and food preferences,X20624.Liking for brown rice,36460,0.0133368179611546,0.0292206485477786,-0.0439356531924914,0.0706092891148006,0.648102345543418
STK24,Serine/threonine-protein kinase 24,Diet and food preferences,X20625.Liking for brussel sprouts,36460,-0.0130435810619812,0.0294104487599759,-0.070688060631534,0.0446008985075717,0.657415183858848
STK24,Serine/threonine-protein kinase 24,Diet and food preferences,X20626.Liking for burgers (meat),36460,-0.0615549265376231,0.0292617021830029,-0.118907862816309,-0.0042019902589375,0.035445054248072
STK24,Serine/threonine-protein kinase 24,Diet and food preferences,X20627.Liking for burn of spicy foods,36460,-0.023061891337978,0.0290300829598835,-0.0799608539393496,0.0338370712633936,0.426978728945368
STK24,Serine/threonine-protein kinase 24,Diet and food preferences,X20628.Liking for butter on bread,36460,-0.0186397275359323,0.0293940704726677,-0.076252105662361,0.0389726505904965,0.526013004131424
STK24,Serine/threonine-protein kinase 24,Diet and food preferences,X20629.Liking for butternut squash,36460,-0.0606774229908187,0.0290950376277668,-0.117703696741242,-0.00365114924039583,0.0370570199891362
STK24,Serine/threonine-protein kinase 24,Diet and food preferences,X20630.Liking for cabbage,36460,-0.000830194887496562,0.0293905135880663,-0.0584356015201066,0.0567752117451135,0.977465841035366
STK24,Serine/threonine-protein kinase 24,Diet and food preferences,X20631.Liking for cake,36460,0.00515462274555255,0.029341746377994,-0.0523552001553157,0.0626644456464208,0.860553500953149
STK24,Serine/threonine-protein kinase 24,Diet and food preferences,X20632.Liking for cake icing,36460,0.0193378778892445,0.0289358790425242,-0.0373764450341029,0.0760522008125919,0.503961100033248
STK24,Serine/threonine-protein kinase 24,Diet and food preferences,X20633.Liking for capers,36460,-0.0537481113206395,0.0291599079137554,-0.1109015308316,0.00340530819032113,0.0653346365953244
STK24,Serine/threonine-protein kinase 24,Diet and food preferences,X20634.Liking for cauliflower,36460,0.00742830105006797,0.0295028684156068,-0.0503973210445213,0.0652539231446572,0.801215903689555
STK24,Serine/threonine-protein kinase 24,Diet and food preferences,X20635.Liking for cereal or granola bar,36460,-0.00685622269182127,0.029096703857346,-0.0638857622522194,0.0501733168685769,0.813721501264112
STK24,Serine/threonine-protein kinase 24,Diet and food preferences,X20636.Liking for cheesecake,36460,0.00414178604861942,0.0292277531846575,-0.0531446101933093,0.0614281822905481,0.887314842875854
STK24,Serine/threonine-protein kinase 24,Diet and food preferences,X20637.Liking for cherries,36460,0.00149752225633313,0.0296295196667058,-0.0565763362904103,0.0595713808030766,0.959692114378819
STK24,Serine/threonine-protein kinase 24,Diet and food preferences,X20638.Liking for chicken,36460,-0.0126715790810776,0.03025655934201,-0.0719744353914173,0.046631277229262,0.675370572103344
STK24,Serine/threonine-protein kinase 24,Diet and food preferences,X20639.Liking for chilli pepper,36460,-0.0277270482179604,0.0291886734833176,-0.084936848245263,0.0294827518093421,0.342179645415063
STK24,Serine/threonine-protein kinase 24,Diet and food preferences,X20640.Liking for chips or french fries,36460,-0.00412868379791924,0.0295536324409089,-0.0620538033821008,0.0537964357862623,0.888899504476592
STK24,Serine/threonine-protein kinase 24,Diet and food preferences,X20641.Liking for cigarette smoking,36460,-0.0129919988723544,0.0454720146809611,-0.102117147647038,0.0761331499023294,0.775104589446438
STK24,Serine/threonine-protein kinase 24,Diet and food preferences,X20642.Liking for cod,36460,0.0379158637704183,0.0300088244726647,-0.0209014321960046,0.0967331597368412,0.206450486091598
STK24,Serine/threonine-protein kinase 24,Diet and food preferences,X20643.Liking for coffee with sugar,36460,-0.0498733403492261,0.0305565436721808,-0.1097641659467,0.0100174852482482,0.102684703506681
STK24,Serine/threonine-protein kinase 24,Diet and food preferences,X20644.Liking for coffee without sugar,36460,0.00174172424279565,0.0294640975333643,-0.0560079069225983,0.0594913554081896,0.952863256092493
STK24,Serine/threonine-protein kinase 24,Diet and food preferences,X20645.Liking for coriander,36460,-0.0176068632847273,0.0292410204069207,-0.0749192632822918,0.0397055367128372,0.547105730922565
STK24,Serine/threonine-protein kinase 24,Diet and food preferences,X20646.Liking for corn flakes,36460,0.011003652567667,0.0293292952917313,-0.0464817662041264,0.0684890713394603,0.707539589011708
STK24,Serine/threonine-protein kinase 24,Diet and food preferences,X20647.Liking for cream,36460,0.00486182525402293,0.0292279753141067,-0.0524250063616263,0.0621486568696722,0.867892492165216
STK24,Serine/threonine-protein kinase 24,Diet and food preferences,X20648.Liking for croissant,36460,-0.065500807008369,0.0292298466711129,-0.12279130648375,-0.00821030753298761,0.0250611871880678
STK24,Serine/threonine-protein kinase 24,Diet and food preferences,X20649.Liking for cucumber,36460,0.00294874250109729,0.0291717813453881,-0.0542279489358634,0.060125433938058,0.919487934368335
STK24,Serine/threonine-protein kinase 24,Diet and food preferences,X20650.Liking for curry,36460,-0.0183923099241416,0.0294971505152461,-0.076206724934024,0.0394221050857409,0.532955484785987
STK24,Serine/threonine-protein kinase 24,Diet and food preferences,X20651.Liking for dairy products,36460,-0.0039717656316624,0.029672802767523,-0.0621304590560075,0.0541869277926827,0.893522994276838
STK24,Serine/threonine-protein kinase 24,Diet and food preferences,X20652.Liking for dark chocolate,36460,-0.0368908034846783,0.0293055203950359,-0.0943296234589487,0.0205480164895922,0.208127503592095
STK24,Serine/threonine-protein kinase 24,Diet and food preferences,X20653.Liking for diet fizzy drinks,36460,-0.0033367870437166,0.0297931538727947,-0.0617313686343943,0.0550577945469611,0.910827499032894
STK24,Serine/threonine-protein kinase 24,Diet and food preferences,X20654.Liking for dried fruit,36460,-0.0347377372596665,0.0294149748914756,-0.0923910880469587,0.0229156135276256,0.237656704342483
STK24,Serine/threonine-protein kinase 24,Diet and food preferences,X20655.Liking for eggs,36460,0.00818950849658597,0.0299812532252409,-0.0505737478248862,0.0669527648180581,0.784741785845245
STK24,Serine/threonine-protein kinase 24,Diet and food preferences,X20656.Liking for exercising alone,36460,0.0371671594757497,0.0290823833388924,-0.0198343118684793,0.0941686308199787,0.201288742870664
STK24,Serine/threonine-protein kinase 24,Diet and food preferences,X20657.Liking for exercising with others,36460,0.0284890716762292,0.0290805534753328,-0.0285088131354231,0.0854869564878815,0.327283880560839
STK24,Serine/threonine-protein kinase 24,Diet and food preferences,X20658.Liking for extra virgin olive oil,36460,-0.00849803214720645,0.0294691685239566,-0.0662576024541613,0.0492615381597484,0.773070933614824
STK24,Serine/threonine-protein kinase 24,Diet and food preferences,X20659.Liking for fatty foods,36460,-0.0484842398818082,0.0291884953971888,-0.105693690860298,0.00872521109668175,0.0967385894473935
STK24,Serine/threonine-protein kinase 24,Diet and food preferences,X20660.Liking for fresh tomatoes,36460,0.00330838705517994,0.0302562383820626,-0.0559938401736627,0.0626106142840226,0.912931160886138
STK24,Serine/threonine-protein kinase 24,Diet and food preferences,X20661.Liking for fried chicken,36460,-0.0304430681124684,0.0293190732039912,-0.0879084515922911,0.0270223153673543,0.2991453308362
STK24,Serine/threonine-protein kinase 24,Diet and food preferences,X20662.Liking for fried or battered fish,36460,0.0223231898513102,0.0293774295134317,-0.035256571995016,0.0799029516976363,0.447351805533285
STK24,Serine/threonine-protein kinase 24,Diet and food preferences,X20663.Liking for fruit,36460,0.0284030831165626,0.0307893932092721,-0.0319441275736107,0.0887502938067358,0.356298415433685
STK24,Serine/threonine-protein kinase 24,Diet and food preferences,X20664.Liking for garlic,36460,-0.0147543610256183,0.0295044662376593,-0.0725831148514306,0.0430743928001939,0.617038311001208
STK24,Serine/threonine-protein kinase 24,Diet and food preferences,X20665.Liking for gherkins,36460,-0.0277605910480826,0.0289658311769626,-0.0845336201549292,0.029012438058764,0.337895158628799
STK24,Serine/threonine-protein kinase 24,Diet and food preferences,X20666.Liking for globe artichoke,36460,-0.0430159738706535,0.0292463527252925,-0.100338825212227,0.0143068774709199,0.14138123483326
STK24,Serine/threonine-protein kinase 24,Diet and food preferences,X20667.Liking for goat's cheese,36460,-0.0298056581856795,0.0289203156458997,-0.0864894768516429,0.0268781604802839,0.302754005405084
STK24,Serine/threonine-protein kinase 24,Diet and food preferences,X20668.Liking for going to a cafe,36460,-0.0295355959337917,0.0293091987351645,-0.0869816254547142,0.0279104335871308,0.313617824366277
STK24,Serine/threonine-protein kinase 24,Diet and food preferences,X20669.Liking for going to the gym,36460,0.00506484297914341,0.0289980417804565,-0.0517713189105514,0.0619010048688382,0.861350084172031
STK24,Serine/threonine-protein kinase 24,Diet and food preferences,X20670.Liking for going to the pub,36460,0.0352514825064622,0.029195233262948,-0.0219711746889159,0.0924741397018403,0.227299243859086
STK24,Serine/threonine-protein kinase 24,Diet and food preferences,X20671.Liking for grapefruit,36460,0.0301321958831111,0.0292310516617159,-0.0271606653738521,0.0874250571400742,0.302653089360318
STK24,Serine/threonine-protein kinase 24,Diet and food preferences,X20672.Liking for green olives,36460,-0.0147014834672517,0.0291296934478599,-0.0717956826250571,0.0423927156905538,0.613790304752539
STK24,Serine/threonine-protein kinase 24,Diet and food preferences,X20673.Liking for haddock,36460,-0.036009438210798,0.029774897955739,-0.0943682382040465,0.0223493617824506,0.226549795811967
STK24,Serine/threonine-protein kinase 24,Diet and food preferences,X20674.Liking for ham,36460,0.00827807074450978,0.0295927313040691,-0.0497236826114656,0.0662798241004852,0.779689539811097
STK24,Serine/threonine-protein kinase 24,Diet and food preferences,X20675.Liking for hard cheese,36460,0.0014702854506513,0.0298360412610073,-0.057008355420923,0.0599489263222256,0.960698337203036
STK24,Serine/threonine-protein kinase 24,Diet and food preferences,X20676.Liking for herring,36460,-0.0367978030901351,0.0288447043393814,-0.0933334235953227,0.0197378174150525,0.202091806772415
STK24,Serine/threonine-protein kinase 24,Diet and food preferences,X20677.Liking for honey,36460,-0.0336310874027724,0.0292670037339726,-0.0909944147213588,0.0237322399158139,0.250544494023437
STK24,Serine/threonine-protein kinase 24,Diet and food preferences,X20678.Liking for horseradish or wasabi,36460,-0.0400448626972654,0.0293179627510729,-0.0975080696893682,0.0174183442948375,0.172015288163015
STK24,Serine/threonine-protein kinase 24,Diet and food preferences,X20679.Liking for ice cream,36460,0.0403618830438824,0.0294793928191194,-0.0174177268815916,0.0981414929693565,0.170989730243215
STK24,Serine/threonine-protein kinase 24,Diet and food preferences,X20680.Liking for jam,36460,0.0314315142609193,0.0293315752856885,-0.0260583732990301,0.0889214018208688,0.283935764468969
STK24,Serine/threonine-protein kinase 24,Diet and food preferences,X20681.Liking for kiwi fruit,36460,0.000798830130766887,0.0291123761257702,-0.0562614270757428,0.0578590873372765,0.978109861310757
STK24,Serine/threonine-protein kinase 24,Diet and food preferences,X20682.Liking for lager,36460,-0.0599392107045713,0.0291311772372963,-0.117036318089672,-0.00284210331947048,0.0396651214737209
STK24,Serine/threonine-protein kinase 24,Diet and food preferences,X20683.Liking for lamb,36460,-0.0147506214271505,0.0295464161722552,-0.0726615971247707,0.0431603542704696,0.617627439249285
STK24,Serine/threonine-protein kinase 24,Diet and food preferences,X20684.Liking for lemons,36460,-0.00334168187773733,0.0293601441467856,-0.0608875644054372,0.0542042006499625,0.909385816889805
STK24,Serine/threonine-protein kinase 24,Diet and food preferences,X20685.Liking for lentils or beans,36460,-0.0379917495193098,0.0294074630945027,-0.0956303771845351,0.0196468781459156,0.196426885240644
STK24,Serine/threonine-protein kinase 24,Diet and food preferences,X20686.Liking for liver,36460,0.0267995719828243,0.0293027745209916,-0.0306338660783192,0.0842330100439678,0.360443108630956
STK24,Serine/threonine-protein kinase 24,Diet and food preferences,X20687.Liking for mackerel,36460,-0.00508019595911126,0.0292751597939782,-0.0624595091553086,0.0522991172370861,0.862237242629892
STK24,Serine/threonine-protein kinase 24,Diet and food preferences,X20688.Liking for marzipan,36460,-0.0196629790908034,0.0290068026502614,-0.0765163122853157,0.037190354103709,0.497871087516646
STK24,Serine/threonine-protein kinase 24,Diet and food preferences,X20689.Liking for mayonnaise,36460,-0.0598311381662606,0.0292906750742327,-0.117240861311757,-0.00242141502076443,0.0411185993106778
STK24,Serine/threonine-protein kinase 24,Diet and food preferences,X20690.Liking for melon,36460,-0.020196057980381,0.0295813729178212,-0.0781755488993106,0.0377834329385487,0.494798313018089
STK24,Serine/threonine-protein kinase 24,Diet and food preferences,X20691.Liking for milk chocolate,36460,0.0355210891705035,0.0291900016622375,-0.0216913140874819,0.0927334924284889,0.223681762746598
STK24,Serine/threonine-protein kinase 24,Diet and food preferences,X20692.Liking for mushrooms,36460,-0.0203022620084335,0.0297541731489695,-0.0786204413804137,0.0380159173635467,0.495048375907787
STK24,Serine/threonine-protein kinase 24,Diet and food preferences,X20694.Liking for orange juice,36460,0.0177096473288797,0.0293805205285735,-0.0398761729071243,0.0752954675648838,0.546680227191414
STK24,Serine/threonine-protein kinase 24,Diet and food preferences,X20695.Liking for oranges,36460,0.0332031734977891,0.0296126163684491,-0.0248375545843712,0.0912439015799494,0.262215362188613
STK24,Serine/threonine-protein kinase 24,Diet and food preferences,X20696.Liking for pasta,36460,0.00584017840743915,0.0296176610385858,-0.0522104372281891,0.0638907940430674,0.843687346674404
STK24,Serine/threonine-protein kinase 24,Diet and food preferences,X20697.Liking for pears,36460,-0.0061766093044211,0.0295844795084857,-0.0641621891410531,0.0518089705322109,0.8346264126042
STK24,Serine/threonine-protein kinase 24,Diet and food preferences,X20698.Liking for pizza,36460,-0.0372899586432734,0.0293516816970999,-0.0948192547695892,0.0202393374830424,0.203960638811555
STK24,Serine/threonine-protein kinase 24,Diet and food preferences,X20699.Liking for plain yogurt,36460,0.00314232939683704,0.0291169003126973,-0.0539267952160496,0.0602114540097237,0.914060996745283
STK24,Serine/threonine-protein kinase 24,Diet and food preferences,X20700.Liking for plums,36460,-0.0299119781021889,0.0295148828292433,-0.0877611484475058,0.027937192243128,0.310874555636804
STK24,Serine/threonine-protein kinase 24,Diet and food preferences,X20701.Liking for pollock,36460,0.00700641823226917,0.0290133598805376,-0.0498597671335844,0.0638726035981228,0.809182154664283
STK24,Serine/threonine-protein kinase 24,Diet and food preferences,X20702.Liking for pork chop,36460,-0.0412650583852549,0.0292358146168033,-0.0985672550341894,0.0160371382636796,0.158149904720569
STK24,Serine/threonine-protein kinase 24,Diet and food preferences,X20703.Liking for porridge,36460,0.00260902295730588,0.0293953820550455,-0.0550059258705833,0.0602239717851951,0.929277916588289
STK24,Serine/threonine-protein kinase 24,Diet and food preferences,X20704.Liking for potato crisps,36460,0.00836400594007371,0.0292437989116656,-0.0489538399267909,0.0656818518069383,0.77487834851393
STK24,Serine/threonine-protein kinase 24,Diet and food preferences,X20705.Liking for potatoes,36460,0.0226611042799029,0.0297409457142016,-0.0356311493199322,0.0809533578797381,0.446112918735528
STK24,Serine/threonine-protein kinase 24,Diet and food preferences,X20706.Liking for prawns,36460,-0.00867286820566504,0.0293725224494311,-0.0662430122065499,0.0488972757952198,0.767794308645648
STK24,Serine/threonine-protein kinase 24,Diet and food preferences,X20707.Liking for raw carrots,36460,-0.000183544261956844,0.0291273033641131,-0.0572730588556185,0.0569059703317048,0.994972363267727
STK24,Serine/threonine-protein kinase 24,Diet and food preferences,X20708.Liking for red meat,36460,-0.0628130903043659,0.0296144005374138,-0.120857315357697,-0.00476886525103479,0.0339503668859278
STK24,Serine/threonine-protein kinase 24,Diet and food preferences,X20709.Liking for red wine,36460,-0.0380350381584629,0.029545556616465,-0.0959443291267343,0.0198742528098085,0.198015391641895
STK24,Serine/threonine-protein kinase 24,Diet and food preferences,X20710.Liking for regular (non-diet) fizzy drinks,36460,0.0211246260318235,0.0295387313080576,-0.0367712873319694,0.0790205393956164,0.474537577530355
STK24,Serine/threonine-protein kinase 24,Diet and food preferences,X20711.Liking for roast chicken,36460,0.00328131400349612,0.0302456414962933,-0.0560001433292388,0.062562771336231,0.913610719694662
STK24,Serine/threonine-protein kinase 24,Diet and food preferences,X20712.Liking for salad dressing,36460,-0.0168310317874607,0.0292870168472122,-0.0742335848079966,0.0405715212330753,0.565515681278853
STK24,Serine/threonine-protein kinase 24,Diet and food preferences,X20713.Liking for salad leaves,36460,-0.0243251068698409,0.0293284974187531,-0.081808961810597,0.0331587480709152,0.406902331895085
STK24,Serine/threonine-protein kinase 24,Diet and food preferences,X20714.Liking for salami,36460,-0.0766939902534196,0.0291849667910675,-0.133896525163912,-0.0194914553429274,0.0086091173803432
STK24,Serine/threonine-protein kinase 24,Diet and food preferences,X20715.Liking for salmon,36460,-0.0548891352611341,0.0298306445850363,-0.113357198647805,0.00357892812553703,0.0658022752616672
STK24,Serine/threonine-protein kinase 24,Diet and food preferences,X20716.Liking for salty foods,36460,-0.0195404714036586,0.0291409569368691,-0.076656746999922,0.0375758041926047,0.502526908395377
STK24,Serine/threonine-protein kinase 24,Diet and food preferences,X20717.Liking for salty pretzels,36460,-0.0322139962114258,0.0290487844091691,-0.0891496136533973,0.0247216212305457,0.267480571146665
STK24,Serine/threonine-protein kinase 24,Diet and food preferences,X20718.Liking for sardines,36460,-0.0377551470761795,0.0290692497554766,-0.0947308765969135,0.0192205824445546,0.194050654093645
STK24,Serine/threonine-protein kinase 24,Diet and food preferences,X20719.Liking for sausages (meat),36460,-0.0123974911249067,0.0294397396355397,-0.0700993808105646,0.0453043985607511,0.673683252306803
STK24,Serine/threonine-protein kinase 24,Diet and food preferences,X20720.Liking for savoury biscuits,36460,-0.00564112168536721,0.0292984996234554,-0.0630661809473397,0.0517839375766053,0.84732452412027
STK24,Serine/threonine-protein kinase 24,Diet and food preferences,X20721.Liking for shellfish (other than prawns),36460,-0.0295961953590507,0.0289678361007046,-0.0863731541164316,0.0271807633983303,0.306958359569634
STK24,Serine/threonine-protein kinase 24,Diet and food preferences,X20722.Liking for skimmed milk,36460,0.0192750899408411,0.0291843406185868,-0.037926217671589,0.0764763975532712,0.508978049118773
STK24,Serine/threonine-protein kinase 24,Diet and food preferences,X20723.Liking for smoked fish,36460,-0.05827007533422,0.0291798339080153,-0.11546254979393,-0.00107760087451008,0.0458672869656381
STK24,Serine/threonine-protein kinase 24,Diet and food preferences,X20724.Liking for soft cheese,36460,-0.0175085309983223,0.0291654888370142,-0.0746728891188701,0.0396558271222255,0.548312495868048
STK24,Serine/threonine-protein kinase 24,Diet and food preferences,X20725.Liking for soy sauce,36460,-0.0387325187788155,0.0290791684478837,-0.0957276889366676,0.0182626513790366,0.182909403232236
STK24,Serine/threonine-protein kinase 24,Diet and food preferences,X20726.Liking for soya milk,36460,-0.0309194083352622,0.0292347060541324,-0.0882194322013617,0.0263806155308373,0.290258163945914
STK24,Serine/threonine-protein kinase 24,Diet and food preferences,X20727.Liking for spicy foods,36460,-0.00445560279942306,0.0292431743420794,-0.0617722245098988,0.0528610189110526,0.878903878283862
STK24,Serine/threonine-protein kinase 24,Diet and food preferences,X20728.Liking for spinach,36460,-0.0391685191848994,0.029107609866538,-0.0962194345233138,0.0178823961535151,0.178455785572737
STK24,Serine/threonine-protein kinase 24,Diet and food preferences,X20729.Liking for spirits,36460,0.0151725691365835,0.0291362778640397,-0.0419345354769344,0.0722796737501013,0.602559152419883
STK24,Serine/threonine-protein kinase 24,Diet and food preferences,X20730.Liking for strawberries,36460,0.0229263214600773,0.0302006357204691,-0.036266924552042,0.0821195674721967,0.447795350125774
STK24,Serine/threonine-protein kinase 24,Diet and food preferences,X20731.Liking for sweet coffee house drinks,36460,0.0139341794662954,0.0294187383461172,-0.0437265476920944,0.0715949066246852,0.635762828456718
STK24,Serine/threonine-protein kinase 24,Diet and food preferences,X20732.Liking for sweet foods,36460,0.0258776464449757,0.0291202418424411,-0.0311980275662089,0.0829533204561604,0.374219478179603
STK24,Serine/threonine-protein kinase 24,Diet and food preferences,X20733.Liking for taking the stairs,36460,0.0147740186596617,0.0297789491787152,-0.04359272173062,0.0731407590499435,0.619821591016927
STK24,Serine/threonine-protein kinase 24,Diet and food preferences,X20734.Liking for tea with sugar,36460,-0.0105556496210058,0.031997055180909,-0.0732698777755874,0.0521585785335758,0.741488549393107
STK24,Serine/threonine-protein kinase 24,Diet and food preferences,X20735.Liking for tea without sugar,36460,0.00646349365919459,0.02986426011857,-0.0520704561732027,0.0649974434915918,0.828658941712309
STK24,Serine/threonine-protein kinase 24,Diet and food preferences,X20736.Liking for tomato ketchup,36460,0.0480068389387617,0.0291179859064733,-0.00906441343792594,0.105078091315449,0.0992490109999499
STK24,Serine/threonine-protein kinase 24,Diet and food preferences,X20737.Liking for tinned tuna,36460,-0.00943802042111944,0.0292985425922415,-0.0668631639019127,0.0479871230596738,0.747360697090826
STK24,Serine/threonine-protein kinase 24,Diet and food preferences,X20738.Liking for turnip (white),36460,0.00340951309592698,0.0291240972083212,-0.0536737174323826,0.0604927436242366,0.906808800687403
STK24,Serine/threonine-protein kinase 24,Diet and food preferences,X20739.Liking for vegetables,36460,0.00940818678961229,0.030304752837356,-0.0499891287716054,0.06880550235083,0.756225103784664
STK24,Serine/threonine-protein kinase 24,Diet and food preferences,X20740.Liking for vinegar,36460,0.0127291540974557,0.0292755893175555,-0.0446510009649531,0.0701093091598645,0.663716385055139
STK24,Serine/threonine-protein kinase 24,Diet and food preferences,X20741.Liking for watching television,36460,-0.0215152638420505,0.0294624813894134,-0.0792617273653008,0.0362311996811997,0.465253224861257
STK24,Serine/threonine-protein kinase 24,Diet and food preferences,X20742.Liking for whisky,36460,-0.00749312805315481,0.029165557892736,-0.0646576215229173,0.0496713654166077,0.797249568213366
STK24,Serine/threonine-protein kinase 24,Diet and food preferences,X20743.Liking for white bread,36460,0.00412581796331793,0.0291864634068939,-0.0530796503141941,0.0613312862408299,0.887588651453851
STK24,Serine/threonine-protein kinase 24,Diet and food preferences,X20744.Liking for white rice,36460,-0.0338618142010687,0.0296192032678759,-0.0919154526061054,0.024191824203968,0.252974430697411
STK24,Serine/threonine-protein kinase 24,Diet and food preferences,X20745.Liking for white wine,36460,-0.0160831813914856,0.0290713027968697,-0.0730629348733503,0.040896572090379,0.580120159461335
STK24,Serine/threonine-protein kinase 24,Diet and food preferences,X20746.Liking for whole grain breakfast cereal,36460,0.0022051110062646,0.0295105467827646,-0.0556355606879541,0.0600457827004833,0.940437161686766
STK24,Serine/threonine-protein kinase 24,Diet and food preferences,X20747.Liking for whole milk,36460,0.0233412663176852,0.0290650942645257,-0.0336263184407853,0.0803088510761556,0.421959361218776
STK24,Serine/threonine-protein kinase 24,Diet and food preferences,X20748.Liking for wholemeal bread,36460,-0.0212470454047481,0.030000731289795,-0.0800484787327462,0.03755438792325,0.478831173990221
STK24,Serine/threonine-protein kinase 24,Diet and food preferences,X20749.Liking for working up a sweat,36460,-0.000403588256820222,0.0292656464615947,-0.0577642553215459,0.0569570788079054,0.98899746232608
STK24,Serine/threonine-protein kinase 24,Physical measures,X21001.Body mass index (BMI),51649,0.0276676095604531,0.0240205975468659,-0.019412761631404,0.0747479807523102,0.249403488788077
STK24,Serine/threonine-protein kinase 24,Physical measures,X21002.Weight,51680,-0.0483720712492846,0.0115619064843586,-0.0710334079586274,-0.0257107345399418,2.87805107134712e-05
STK24,Serine/threonine-protein kinase 24,Physical measures,X21021.Pulse wave Arterial Stiffness index,36327,-0.00234037325943707,0.00873354502586076,-0.0194581215101242,0.01477737499125,0.788725580211749
STK24,Serine/threonine-protein kinase 24,Health and medical history,X21025.Frequency of discomfort or pain in abdomen in last 3 months,36220,-0.0510376516981908,0.0322876907951098,-0.114321525656606,0.0122462222602244,0.113984645767147
STK24,Serine/threonine-protein kinase 24,Health and medical history,X21033.Frequency of hard or lumpy stools in the last 3 months,36222,-0.0115381184984713,0.0329016961869211,-0.0760254430248367,0.0529492060278941,0.725834667817602
STK24,Serine/threonine-protein kinase 24,Health and medical history,X21034.Frequency of loose or mushy or watery stools in the last 3 months,36223,0.00386750892684736,0.0318939828650197,-0.0586446974885913,0.0663797153422861,0.903487192172947
STK24,Serine/threonine-protein kinase 24,Health and medical history,X21040.Satisfaction with bowel habits,36196,-0.0165599871886278,0.0297240209791085,-0.0748190683076805,0.0416990939304249,0.57745864597203
STK24,Serine/threonine-protein kinase 24,Health and medical history,X21041.Degree to which abdominal pain or discomfort or altered bowel habits affect or interfere with life in general,36194,-0.0200268439248355,0.0324079380493743,-0.0835464025016091,0.0434927146519382,0.53661955727114
STK24,Serine/threonine-protein kinase 24,Health and medical history,X21042.Greatest number of times bowels opened per day,36192,0.0114635017530048,0.0321211023681554,-0.0514938588885799,0.0744208623945895,0.721188701941639
STK24,Serine/threonine-protein kinase 24,Health and medical history,X21043.Least number of times bowels opened per week,36156,-0.0337416884282379,0.032107656440766,-0.0966726950521392,0.0291893181956635,0.293341676810963
STK24,Serine/threonine-protein kinase 24,Health and medical history,X21044.Average number of times bowels opened per day,36167,0.052266175295097,0.035128734694439,-0.0165861447060034,0.121118495296197,0.136833014690886
STK24,Serine/threonine-protein kinase 24,Health and medical history,X21048.Degree bothered by back pain in the past 3 months,36229,-0.0218928643230712,0.0321820178993433,-0.084969619405784,0.0411838907596417,0.496346234715557
STK24,Serine/threonine-protein kinase 24,Health and medical history,X21049.Degree bothered by pain in arms or legs or joints in the past 3 months,36225,-0.0122583543527147,0.0320776908183443,-0.0751306283566696,0.0506139196512402,0.702363883777406
STK24,Serine/threonine-protein kinase 24,Health and medical history,X21051.Degree bothered by headaches in the last 3 months,36227,-0.0151370438016198,0.037222664868866,-0.0880934669445971,0.0578193793413575,0.684267656666492
STK24,Serine/threonine-protein kinase 24,Health and medical history,X21052.Degree bothered by chest pain in the last 3 months,36227,0.0110734262043851,0.047057612918282,-0.0811594951154476,0.103306347524218,0.813969516233244
STK24,Serine/threonine-protein kinase 24,Health and medical history,X21053.Degree bothered by dizziness in the last 3 months,36227,0.0246713553299228,0.0395320219293305,-0.0528114076515649,0.102154118311411,0.532590209228841
STK24,Serine/threonine-protein kinase 24,Health and medical history,X21054.Degree bothered by fainting spells in the last 3 months,36226,-0.0531962672242418,0.0949739892654329,-0.23934528618449,0.132952751736007,0.575418091821076
STK24,Serine/threonine-protein kinase 24,Health and medical history,X21055.Degree bothered by feeling heart pound or race in the last 3 months,36229,0.0523271275773661,0.0401710043941491,-0.0264080410351661,0.131062296189898,0.192747474397901
STK24,Serine/threonine-protein kinase 24,Health and medical history,X21056.Degree bothered by shortness of breath in the last 3 months,36226,0.0267593254566577,0.0367731106168114,-0.0453159713522926,0.0988346222656081,0.466827371579047
STK24,Serine/threonine-protein kinase 24,Health and medical history,X21057.Degree bothered by pain or problems during intercourse in the last 3 months,36088,-0.016456705114116,0.0365823324271351,-0.0881580766713007,0.0552446664430688,0.652828811338814
STK24,Serine/threonine-protein kinase 24,Health and medical history,X21058.Degree bothered by urinary frequency or bladder irritability in the last 3 months,36224,-0.0163187593396059,0.0329192568705589,-0.0808405028059014,0.0482029841266896,0.620105722070351
STK24,Serine/threonine-protein kinase 24,Health and medical history,X21059.Degree bothered by nausea in the last 3 months,36228,0.0183693517125146,0.0564563153556618,-0.0922850263845825,0.129023729809612,0.74490783315607
STK24,Serine/threonine-protein kinase 24,Health and medical history,X21060.Degree bothered by feeling tired all the time in the last 3 months,36229,-0.0258309498688883,0.0323775695200875,-0.0892909861282599,0.0376290863904833,0.425009156719918
STK24,Serine/threonine-protein kinase 24,Health and medical history,X21061.Degree bothered by trouble sleeping in the last 3 months,36228,-0.0587564747763208,0.0322694740252282,-0.122004643865768,0.00449169431312653,0.068675409008875
STK24,Serine/threonine-protein kinase 24,Working and living environment,X21100.Water hardness (USGS classification),51522,0.0481949603333492,0.0182526817315054,0.0124197041395987,0.0839702165270997,0.00828565785619895
STK24,Serine/threonine-protein kinase 24,Lifestyle factors,X2139.Age first had sexual intercourse,48752,-0.00689331230665343,0.00476453545351921,-0.0162318017955511,0.00244517718224421,0.14796953480875
STK24,Serine/threonine-protein kinase 24,Health and medical history,X2149.Lifetime number of sexual partners,47108,0.00896859310607619,0.0207109955326503,-0.0316249581379184,0.0495621443500708,0.664994138450654
STK24,Serine/threonine-protein kinase 24,Physical activities,X22032.IPAQ activity group,47972,-0.00860147293945733,0.0198244197998421,-0.0474573357471478,0.0302543898682331,0.664378449597436
STK24,Serine/threonine-protein kinase 24,Physical activities,X22033.Summed days activity,48364,0.00331682464577494,0.00469572356997876,-0.00588679355138342,0.0125204428429333,0.479978793083816
STK24,Serine/threonine-protein kinase 24,Physical activities,X22034.Summed minutes activity,47972,-0.00269664101889668,0.00474715497952909,-0.0120010647787737,0.00660778274098034,0.570004793055437
STK24,Serine/threonine-protein kinase 24,Physical activities,X22037.MET minutes per week for walking,47263,-0.00524843287577114,0.00486405726951775,-0.0147819851240259,0.00428511937248365,0.280591125531224
STK24,Serine/threonine-protein kinase 24,Physical activities,X22038.MET minutes per week for moderate activity,47972,0.00549573970948452,0.00481786183492819,-0.00394726948697472,0.0149387489059438,0.254008481008484
STK24,Serine/threonine-protein kinase 24,Physical activities,X22039.MET minutes per week for vigorous activity,47972,-0.0243024721157519,0.0196676031211109,-0.0628509742331292,0.0142460300016255,0.216599925532867
STK24,Serine/threonine-protein kinase 24,Physical activities,X22040.Summed MET minutes per week for all activity,47263,-0.00114265578488782,0.00482206908621523,-0.0105939111938697,0.00830859962409402,0.812687479499401
STK24,Serine/threonine-protein kinase 24,Eye measures,X2217.Age started wearing glasses or contact lenses,48029,-0.000258072410105908,0.00491055323261852,-0.0098827567460382,0.00936661192582638,0.958087290766138
STK24,Serine/threonine-protein kinase 24,Working and living environment,X22501.Year ended full time education,34088,-0.023913569466334,0.0218327419284694,-0.066705743646134,0.0188786047134661,0.273429938374271
STK24,Serine/threonine-protein kinase 24,Lifestyle factors,X22506.Tobacco smoking,34050,0.153557389546189,0.0725303696915726,0.0113978649507065,0.295716914141671,0.0342926459080956
STK24,Serine/threonine-protein kinase 24,Lifestyle factors,X2277.Frequency of solarium or sunlamp use,50330,0.0155915108993012,0.0555263540439816,-0.0932401430269028,0.124423164825505,0.778870473644334
STK24,Serine/threonine-protein kinase 24,Physical measures,X23098.Weight,51243,-0.0481787131282203,0.0116870349669445,-0.0710853016634316,-0.025272124593009,3.76269400867538e-05
STK24,Serine/threonine-protein kinase 24,Physical measures,X23099.Body fat percentage,51213,0.061394410741165,0.0104226042850431,0.0409661063424805,0.0818227151398494,3.90464813378389e-09
STK24,Serine/threonine-protein kinase 24,Physical measures,X23100.Whole body fat mass,51171,0.0345672068325276,0.0104235635640492,0.0141370222469912,0.054997391418064,0.000913761066130488
STK24,Serine/threonine-protein kinase 24,Physical measures,X23101.Whole body fat-free mass,51238,-0.0611371946495692,0.0100927275097019,-0.0809189405685849,-0.0413554487305535,1.40391547069112e-09
STK24,Serine/threonine-protein kinase 24,Physical measures,X23102.Whole body water mass,51243,-0.0628707652269508,0.0100652949475026,-0.082598743324056,-0.0431427871298457,4.27792627664597e-10
STK24,Serine/threonine-protein kinase 24,Physical measures,X23104.Body mass index (BMI),51243,0.0320663226668997,0.0237941024133378,-0.0145701180632423,0.0787027633970417,0.177781752142933
STK24,Serine/threonine-protein kinase 24,Physical measures,X23105.Basal metabolic rate,51243,-0.0636116146522731,0.0104832918135347,-0.0841588666068011,-0.0430643626977451,1.31647696251008e-09
STK24,Serine/threonine-protein kinase 24,Physical measures,X23106.Impedance of whole body,51243,0.0453157040090496,0.00824744812959594,0.0291507056750415,0.0614807023430576,3.96011153775623e-08
STK24,Serine/threonine-protein kinase 24,Physical measures,X23107.Impedance of leg (right),51243,0.0424493655541478,0.00667092729974495,0.0293743480466477,0.0555243830616479,2.01195317944101e-10
STK24,Serine/threonine-protein kinase 24,Physical measures,X23108.Impedance of leg (left),51243,0.0406122012741104,0.00664450867408046,0.0275889642729127,0.0536354382753081,9.9906915886368e-10
STK24,Serine/threonine-protein kinase 24,Physical measures,X23109.Impedance of arm (right),51243,0.0225426239817597,0.00818078953464957,0.00650827649384656,0.0385769714696729,0.00586393017228811
STK24,Serine/threonine-protein kinase 24,Physical measures,X23110.Impedance of arm (left),51243,0.0243856243530769,0.00816900206993687,0.00837438029600063,0.0403968684101531,0.00283750271880751
STK24,Serine/threonine-protein kinase 24,Physical measures,X23111.Leg fat percentage (right),51243,0.0687008593827193,0.0106404280314448,0.0478456204410874,0.0895560983243512,1.09261449760007e-10
STK24,Serine/threonine-protein kinase 24,Physical measures,X23112.Leg fat mass (right),51243,0.049062791900662,0.0114602562771919,0.026600689597366,0.0715248942039581,1.8671536881095e-05
STK24,Serine/threonine-protein kinase 24,Physical measures,X23113.Leg fat-free mass (right),51242,-0.0713440329772733,0.0110921166132219,-0.0930845815391882,-0.0496034844153583,1.28486400777983e-10
STK24,Serine/threonine-protein kinase 24,Physical measures,X23114.Leg predicted mass (right),51242,-0.0724146183764995,0.011175077010807,-0.0943177693176811,-0.0505114674353179,9.36027382102076e-11
STK24,Serine/threonine-protein kinase 24,Physical measures,X23115.Leg fat percentage (left),51242,0.0688227100238667,0.011102582242869,0.0470616488278434,0.09058377121989,5.78771030110985e-10
STK24,Serine/threonine-protein kinase 24,Physical measures,X23116.Leg fat mass (left),51242,0.045139075820911,0.0121149069278377,0.021393858242349,0.068884293399473,0.000195083198523763
STK24,Serine/threonine-protein kinase 24,Physical measures,X23117.Leg fat-free mass (left),51241,-0.0726449943095237,0.0120756167603124,-0.0963132031597361,-0.0489767854593113,1.81702272996825e-09
STK24,Serine/threonine-protein kinase 24,Physical measures,X23118.Leg predicted mass (left),51241,-0.0733598460201511,0.0121714836678402,-0.0972159540091178,-0.0495037380311843,1.69415130123948e-09
STK24,Serine/threonine-protein kinase 24,Physical measures,X23119.Arm fat percentage (right),51241,0.0369863867307043,0.0117159417568198,0.0140231408873376,0.059949632574071,0.00159649700110188
STK24,Serine/threonine-protein kinase 24,Physical measures,X23120.Arm fat mass (right),51240,-0.000488903831083823,0.0128087615842741,-0.0255940765362611,0.0246162688740935,0.969552887267662
STK24,Serine/threonine-protein kinase 24,Physical measures,X23121.Arm fat-free mass (right),51239,-0.0523630075216374,0.0110707612696654,-0.0740616996101817,-0.0306643154330932,2.26043246179054e-06
STK24,Serine/threonine-protein kinase 24,Physical measures,X23122.Arm predicted mass (right),51239,-0.0507875005270609,0.0111225711388975,-0.0725877399593001,-0.0289872610948218,4.99341306205662e-06
STK24,Serine/threonine-protein kinase 24,Physical measures,X23123.Arm fat percentage (left),51237,0.0364174990712102,0.0110298836132668,0.0147989271892072,0.0580360709532131,0.000962454179132715
STK24,Serine/threonine-protein kinase 24,Physical measures,X23124.Arm fat mass (left),51237,-0.00290363705227543,0.0123069121270387,-0.0270251848212712,0.0212179107167203,0.81348488129266
STK24,Serine/threonine-protein kinase 24,Physical measures,X23125.Arm fat-free mass (left),51233,-0.0500321506464302,0.0100815949202122,-0.069792076690046,-0.0302722246028143,7.00165639313948e-07
STK24,Serine/threonine-protein kinase 24,Physical measures,X23126.Arm predicted mass (left),51232,-0.0494937570828078,0.0101381137181678,-0.0693644599704166,-0.0296230541951989,1.05757754394161e-06
STK24,Serine/threonine-protein kinase 24,Physical measures,X23127.Trunk fat percentage,51231,0.045449358857158,0.00881624341662149,0.0281695217605799,0.0627291959537361,2.55512538944067e-07
STK24,Serine/threonine-protein kinase 24,Physical measures,X23128.Trunk fat mass,51231,0.0284846816602187,0.00930562696821029,0.0102456528025265,0.0467237105179108,0.00220845040837875
STK24,Serine/threonine-protein kinase 24,Physical measures,X23129.Trunk fat-free mass,51230,-0.0503967390571061,0.00874353345567145,-0.0675340646302221,-0.03325941348399,8.32661658393424e-09
STK24,Serine/threonine-protein kinase 24,Physical measures,X23130.Trunk predicted mass,51228,-0.0526061766693619,0.00873628882341697,-0.0697293027632592,-0.0354830505754646,1.75396461689395e-09
STK24,Serine/threonine-protein kinase 24,NMR metabolomics,X23400.Total Cholesterol,41839,0.0356200819940704,0.0062292523203099,0.023410747446263,0.0478294165418778,1.09987252826355e-08
STK24,Serine/threonine-protein kinase 24,NMR metabolomics,X23401.Total Cholesterol Minus HDL-C,41839,0.0446353696497668,0.006084055933275,0.0327106200205478,0.0565601192789858,2.32099687246613e-13
STK24,Serine/threonine-protein kinase 24,NMR metabolomics,"X23402.Remnant Cholesterol (Non-HDL, Non-LDL -Cholesterol)",41839,0.0473876252851234,0.00611901621796794,0.0353943534979063,0.0593808970723406,1.03057720948404e-14
STK24,Serine/threonine-protein kinase 24,NMR metabolomics,X23403.VLDL Cholesterol,41839,0.0648846230170221,0.00630704234947794,0.0525228200120453,0.0772464260219989,9.92624454184529e-25
STK24,Serine/threonine-protein kinase 24,NMR metabolomics,X23404.Clinical LDL Cholesterol,41839,0.0323232121625812,0.00607653326594478,0.0204132069613295,0.044233217363833,1.05833670809311e-07
STK24,Serine/threonine-protein kinase 24,NMR metabolomics,X23405.LDL Cholesterol,41839,0.0405663664615299,0.00604357354400146,0.0287209623152871,0.0524117706077728,1.993648424291e-11
STK24,Serine/threonine-protein kinase 24,NMR metabolomics,X23406.HDL Cholesterol,41839,-0.0221012808533292,0.00692220778531391,-0.0356688081125444,-0.00853375359411392,0.00141226076341854
STK24,Serine/threonine-protein kinase 24,NMR metabolomics,X23407.Total Triglycerides,41839,0.088478352162473,0.00639965464190384,0.0759350290643415,0.101021675260605,3.56845914255951e-43
STK24,Serine/threonine-protein kinase 24,NMR metabolomics,X23408.Triglycerides in VLDL,41839,0.0859400646562811,0.0065040923758531,0.073192043599609,0.0986880857129531,1.31070695220052e-39
STK24,Serine/threonine-protein kinase 24,NMR metabolomics,X23409.Triglycerides in LDL,41839,0.0894100933733075,0.00601255386343978,0.0776254878009656,0.101194698945649,1.28613309205955e-49
STK24,Serine/threonine-protein kinase 24,NMR metabolomics,X23410.Triglycerides in HDL,41839,0.0874956737645573,0.00625423035800239,0.0752373822628726,0.099753965266242,3.70758210757182e-44
STK24,Serine/threonine-protein kinase 24,NMR metabolomics,X23411.Total Phospholipids in Lipoprotein Particles,41839,0.0542773200033703,0.00625311294291836,0.0420212186352504,0.0665334213714903,4.41429806809041e-18
STK24,Serine/threonine-protein kinase 24,NMR metabolomics,X23412.Phospholipids in VLDL,41839,0.0793629092539961,0.00636764879582217,0.0668823176141846,0.0918435008938076,1.86754163852808e-35
STK24,Serine/threonine-protein kinase 24,NMR metabolomics,X23413.Phospholipids in LDL,41839,0.0423020795681096,0.00606474597234934,0.0304151774623049,0.0541889816739143,3.20220570439646e-12
STK24,Serine/threonine-protein kinase 24,NMR metabolomics,X23414.Phospholipids in HDL,41839,0.0136270914677452,0.00662718467653874,0.000637809501729255,0.0266163734337611,0.0397788126687811
STK24,Serine/threonine-protein kinase 24,NMR metabolomics,X23415.Total Esterified Cholesterol,41839,0.0333952966804717,0.00626354978234041,0.0211187391070845,0.0456718542538589,9.89023270741956e-08
STK24,Serine/threonine-protein kinase 24,NMR metabolomics,X23416.Cholesteryl Esters in VLDL,41839,0.0561170534224004,0.0062756711231367,0.0438167380210525,0.0684173688237483,4.32315464472108e-19
STK24,Serine/threonine-protein kinase 24,NMR metabolomics,X23417.Cholesteryl Esters in LDL,41839,0.0464142668453934,0.0060398460835578,0.0345761685216201,0.0582523651691667,1.64154620448905e-14
STK24,Serine/threonine-protein kinase 24,NMR metabolomics,X23418.Cholesteryl Esters in HDL,41839,-0.0283847452383021,0.00692659871310651,-0.0419608787159909,-0.0148086117606134,4.19338177627445e-05
STK24,Serine/threonine-protein kinase 24,NMR metabolomics,X23419.Total Free Cholesterol,41839,0.0406897498518349,0.00615104430294662,0.0286337030180596,0.0527457966856103,3.85581417770327e-11
STK24,Serine/threonine-protein kinase 24,NMR metabolomics,X23420.Free Cholesterol in VLDL,41839,0.0741674287373449,0.00634589320884875,0.0617294780480013,0.0866053794266884,2.10692203867415e-31
STK24,Serine/threonine-protein kinase 24,NMR metabolomics,X23421.Free Cholesterol in LDL,41839,0.0234391330950355,0.0060823297907545,0.0115177667051566,0.0353604994849143,0.000116922214786062
STK24,Serine/threonine-protein kinase 24,NMR metabolomics,X23422.Free Cholesterol in HDL,41839,0.000218441805033375,0.00688456943108737,-0.0132753142798979,0.0137121978899646,0.974688495399593
STK24,Serine/threonine-protein kinase 24,NMR metabolomics,X23423.Total Lipids in Lipoprotein Particles,41839,0.0618690347784433,0.00600304507749634,0.0501030664265505,0.0736350031303362,8.19173893495033e-25
STK24,Serine/threonine-protein kinase 24,NMR metabolomics,X23424.Total Lipids in VLDL,41839,0.082916073214177,0.00637302174854762,0.0704249505870236,0.0954071958413303,1.83566840223103e-38
STK24,Serine/threonine-protein kinase 24,NMR metabolomics,X23425.Total Lipids in LDL,41839,0.0456919629129227,0.00604231677712888,0.0338490220297501,0.0575349037960953,4.2304876429188e-14
STK24,Serine/threonine-protein kinase 24,NMR metabolomics,X23426.Total Lipids in HDL,41839,0.00560347053243214,0.00673774236654234,-0.00760250450599084,0.0188094455708551,0.405619260059882
STK24,Serine/threonine-protein kinase 24,NMR metabolomics,X23427.Total Concentration of Lipoprotein Particles,41839,0.0311236627431788,0.00637519304071602,0.0186282843833754,0.0436190411029822,1.06242960734336e-06
STK24,Serine/threonine-protein kinase 24,NMR metabolomics,X23428.Concentration of VLDL Particles,41839,0.07245487475218,0.00628715602884521,0.0601320489356434,0.0847777005687166,1.39286729536497e-30
STK24,Serine/threonine-protein kinase 24,NMR metabolomics,X23429.Concentration of LDL Particles,41839,0.0426604574522382,0.00607895888972482,0.0307456980283776,0.0545752168760989,2.3648773728683e-12
STK24,Serine/threonine-protein kinase 24,NMR metabolomics,X23430.Concentration of HDL Particles,41839,0.0247844087578643,0.00638552321936355,0.0122687832479117,0.0373000342678168,0.000104384892153667
STK24,Serine/threonine-protein kinase 24,NMR metabolomics,X23431.Average Diameter for VLDL Particles,41839,0.0761442105470089,0.00661975998778131,0.0631694809709575,0.0891189401230602,1.78715373969786e-30
STK24,Serine/threonine-protein kinase 24,NMR metabolomics,X23432.Average Diameter for LDL Particles,41839,-0.036277801642883,0.00628838273413186,-0.0486030318017814,-0.0239525714839845,8.1517675775662e-09
STK24,Serine/threonine-protein kinase 24,NMR metabolomics,X23433.Average Diameter for HDL Particles,41839,-0.0538058876605341,0.00694370237532467,-0.0674155443161705,-0.0401962310048978,9.94441309494095e-15
STK24,Serine/threonine-protein kinase 24,NMR metabolomics,X23434.Phosphoglycerides,41831,0.054758037623895,0.00626889774037499,0.04247099805276,0.06704507719503,2.72952195207276e-18
STK24,Serine/threonine-protein kinase 24,NMR metabolomics,X23435.Triglycerides to Phosphoglycerides ratio,41831,0.0784682263139133,0.00677453990879759,0.06519012809267,0.0917463245351566,7.09629581699412e-31
STK24,Serine/threonine-protein kinase 24,NMR metabolomics,X23436.Total Cholines,41831,0.0504503600761517,0.00637842801235667,0.0379486411719326,0.0629520789803708,2.78783238188694e-15
STK24,Serine/threonine-protein kinase 24,NMR metabolomics,X23437.Phosphatidylcholines,41831,0.0426011965194536,0.00640637355290947,0.0300447043557511,0.0551576886831562,3.04986419286648e-11
STK24,Serine/threonine-protein kinase 24,NMR metabolomics,X23438.Sphingomyelins,41831,0.039045274022205,0.00644423543568636,0.0264145725682598,0.0516759754761503,1.4073635996166e-09
STK24,Serine/threonine-protein kinase 24,NMR metabolomics,X23439.Apolipoprotein B,41839,0.045071875327934,0.00609844697142548,0.0331189192639401,0.057024831391928,1.54799287847101e-13
STK24,Serine/threonine-protein kinase 24,NMR metabolomics,X23440.Apolipoprotein A1,41839,0.0168907209723613,0.00658731434907684,0.0039795848481707,0.0298018570965519,0.0103544548307872
STK24,Serine/threonine-protein kinase 24,NMR metabolomics,X23441.Apolipoprotein B to Apolipoprotein A1 ratio,41839,0.0320844591331861,0.00625006385413338,0.0198343339790847,0.0443345842872875,2.88494426628771e-07
STK24,Serine/threonine-protein kinase 24,NMR metabolomics,X23442.Total Fatty Acids,41831,0.0801807264368656,0.00583542915324617,0.0687432852965031,0.0916181675772281,1.1423635586761e-42
STK24,Serine/threonine-protein kinase 24,NMR metabolomics,X23443.Degree of Unsaturation,41831,-0.0633969930468742,0.00636074536863661,-0.075864053969402,-0.0509299321243464,2.57063528127625e-23
STK24,Serine/threonine-protein kinase 24,NMR metabolomics,X23444.Omega-3 Fatty Acids,41831,0.0212903995181123,0.00618366145800011,0.00917042306043204,0.0334103759757925,0.000577061631866283
STK24,Serine/threonine-protein kinase 24,NMR metabolomics,X23445.Omega-6 Fatty Acids,41831,0.0561882118537473,0.00606164904709351,0.044307379721444,0.0680690439860506,2.15661743048398e-20
STK24,Serine/threonine-protein kinase 24,NMR metabolomics,X23446.Polyunsaturated Fatty Acids,41831,0.053238024255662,0.00608920966909264,0.0413031733042404,0.0651728752070835,2.54094265509894e-18
STK24,Serine/threonine-protein kinase 24,NMR metabolomics,X23447.Monounsaturated Fatty Acids,41831,0.0910126547868192,0.00593534815710093,0.0793793723989014,0.102645937174737,1.28367775123973e-52
STK24,Serine/threonine-protein kinase 24,NMR metabolomics,X23448.Saturated Fatty Acids,41831,0.0823213926268501,0.00575786826245766,0.071035970832433,0.0936068144212671,5.01469588299873e-46
STK24,Serine/threonine-protein kinase 24,NMR metabolomics,X23449.Linoleic Acid,41831,0.0533125553672075,0.00605481380535271,0.0414451203087162,0.0651799904256988,1.46968966743901e-18
STK24,Serine/threonine-protein kinase 24,NMR metabolomics,X23450.Docosahexaenoic Acid,41831,-0.0125682880322957,0.00613774676854182,-0.0245982716986377,-0.000538304365953776,0.0406087215965903
STK24,Serine/threonine-protein kinase 24,NMR metabolomics,X23451.Omega-3 Fatty Acids to Total Fatty Acids percentage,41831,-0.0246592963695371,0.00621052020485959,-0.0368319159710619,-0.0124866767680123,7.20805835747655e-05
STK24,Serine/threonine-protein kinase 24,NMR metabolomics,X23452.Omega-6 Fatty Acids to Total Fatty Acids percentage,41831,-0.0796907802637486,0.00606036348638096,-0.0915690926970553,-0.0678124678304419,3.01836973446602e-39
STK24,Serine/threonine-protein kinase 24,NMR metabolomics,X23453.Polyunsaturated Fatty Acids to Total Fatty Acids percentage,41831,-0.0909514183430866,0.00619993973368842,-0.103103300221116,-0.0787995364650573,2.41381726554284e-48
STK24,Serine/threonine-protein kinase 24,NMR metabolomics,X23454.Monounsaturated Fatty Acids to Total Fatty Acids percentage,41831,0.09038400336913,0.00650458253451972,0.0776350216014714,0.103132985136789,1.36616988084294e-43
STK24,Serine/threonine-protein kinase 24,NMR metabolomics,X23455.Saturated Fatty Acids to Total Fatty Acids percentage,41831,0.0528982341499271,0.00567054819740351,0.0417839596830162,0.064012508616838,1.24117018809253e-20
STK24,Serine/threonine-protein kinase 24,NMR metabolomics,X23456.Linoleic Acid to Total Fatty Acids percentage,41831,-0.0487265530076397,0.00624580093428307,-0.0609683228388345,-0.0364847831764449,6.57517360629911e-15
STK24,Serine/threonine-protein kinase 24,NMR metabolomics,X23457.Docosahexaenoic Acid to Total Fatty Acids percentage,41831,-0.0601593209955125,0.00606427813326633,-0.0720453061367145,-0.0482733358543105,4.09186171392938e-23
STK24,Serine/threonine-protein kinase 24,NMR metabolomics,X23458.Polyunsaturated Fatty Acids to Monounsaturated Fatty Acids ratio,41831,-0.0959944944559151,0.00644176402350114,-0.108620351941977,-0.0833686369698529,8.11783846046609e-50
STK24,Serine/threonine-protein kinase 24,NMR metabolomics,X23459.Omega-6 Fatty Acids to Omega-3 Fatty Acids ratio,41831,-0.000543500502371756,0.00613482941224865,-0.0125677661503791,0.0114807651456356,0.929407028291552
STK24,Serine/threonine-protein kinase 24,NMR metabolomics,X23460.Alanine,41836,0.0513713959923539,0.00612269352609685,0.0393709166812041,0.0633718753035037,5.33594361803222e-17
STK24,Serine/threonine-protein kinase 24,NMR metabolomics,X23461.Glutamine,41804,-0.0855239921321725,0.00598377396296461,-0.0972521890995831,-0.0737957951647618,5.35652299629743e-46
STK24,Serine/threonine-protein kinase 24,NMR metabolomics,X23462.Glycine,41825,0.0455750840886213,0.00729347417395508,0.0312798747076693,0.0598702934695732,4.26451083636728e-10
STK24,Serine/threonine-protein kinase 24,NMR metabolomics,X23463.Histidine,41825,0.0232229095518603,0.00606325607938966,0.0113389276362566,0.0351068914674641,0.000128679913430774
STK24,Serine/threonine-protein kinase 24,NMR metabolomics,X23464.Total Concentration of Branched-Chain Amino Acids (Leucine + Isoleucine + Valine),41828,0.0435365314426452,0.00678997492999111,0.0302281805798626,0.0568448823054278,1.4861597171766e-10
STK24,Serine/threonine-protein kinase 24,NMR metabolomics,X23465.Isoleucine,41837,0.0264535962840958,0.0065563971032597,0.0136030579617068,0.0393041346064848,5.49614187613915e-05
STK24,Serine/threonine-protein kinase 24,NMR metabolomics,X23466.Leucine,41837,0.0359044336521753,0.00673289380664773,0.0227079617911457,0.0491009055132048,9.83598010184736e-08
STK24,Serine/threonine-protein kinase 24,NMR metabolomics,X23467.Valine,41828,0.0487159186180268,0.00674306244142185,0.03549951623284,0.0619323210032137,5.30101706499378e-13
STK24,Serine/threonine-protein kinase 24,NMR metabolomics,X23468.Phenylalanine,41831,0.019640695458291,0.00624468625948295,0.00740111038970443,0.0318802805268776,0.00166349161262346
STK24,Serine/threonine-protein kinase 24,NMR metabolomics,X23469.Tyrosine,41827,0.0359468542096482,0.00647787240418199,0.0232502242974515,0.0486434841218449,2.9253693945044e-08
STK24,Serine/threonine-protein kinase 24,NMR metabolomics,X23470.Glucose,41820,-0.0299954767437734,0.00590185126329882,-0.0415631052198391,-0.0184278482677078,3.77815835573451e-07
STK24,Serine/threonine-protein kinase 24,NMR metabolomics,X23471.Lactate,41820,0.155792119787516,0.00606780134115975,0.143899229158843,0.16768501041619,6.45451157627652e-142
STK24,Serine/threonine-protein kinase 24,NMR metabolomics,X23472.Pyruvate,41802,0.0665891963946939,0.00594254557894784,0.0549418070599561,0.0782365857294317,5.17962481837805e-29
STK24,Serine/threonine-protein kinase 24,NMR metabolomics,X23473.Citrate,41837,0.0315889063358252,0.00617598564094906,0.019483974479565,0.0436938381920853,3.1847069031518e-07
STK24,Serine/threonine-protein kinase 24,NMR metabolomics,X23474.3-Hydroxybutyrate,41562,0.0614995461188588,0.00679912922281759,0.0481732528421363,0.0748258393955812,1.70405090540572e-19
STK24,Serine/threonine-protein kinase 24,NMR metabolomics,X23475.Acetate,41827,-0.0821193904059845,0.00584741861953667,-0.0935803309002764,-0.0706584499116927,1.75659240077492e-44
STK24,Serine/threonine-protein kinase 24,NMR metabolomics,X23476.Acetoacetate,41838,-0.00395448135750545,0.00619063702935579,-0.0160881299350428,0.00817916722003189,0.522974354855663
STK24,Serine/threonine-protein kinase 24,NMR metabolomics,X23477.Acetone,41838,-0.0207249254315716,0.00614430495504424,-0.0327677631434583,-0.00868208771968485,0.000745589040622733
STK24,Serine/threonine-protein kinase 24,NMR metabolomics,X23478.Creatinine,41587,0.0122753156728177,0.00738601085702587,-0.00220126560695302,0.0267518969525884,0.0965432713936772
STK24,Serine/threonine-protein kinase 24,NMR metabolomics,X23479.Albumin,41837,0.0443457197050189,0.00611366653426196,0.0323629332978655,0.0563285061121724,4.28595168983004e-13
STK24,Serine/threonine-protein kinase 24,NMR metabolomics,X23480.Glycoprotein Acetyls,41839,0.139571274478495,0.00624654687795444,0.127328042597704,0.151814506359285,1.39561522788048e-108
STK24,Serine/threonine-protein kinase 24,NMR metabolomics,X23481.Concentration of Chylomicrons and Extremely Large VLDL Particles,41839,0.0805367881091461,0.00644650812874582,0.0679016321768043,0.0931719440414879,1.29285764532642e-35
STK24,Serine/threonine-protein kinase 24,NMR metabolomics,X23482.Total Lipids in Chylomicrons and Extremely Large VLDL,41839,0.0772801323254081,0.00641491702902053,0.0647068949485278,0.0898533697022883,3.00359620709521e-33
STK24,Serine/threonine-protein kinase 24,NMR metabolomics,X23483.Phospholipids in Chylomicrons and Extremely Large VLDL,41839,0.0853887074535307,0.00662188455915981,0.0724098137175775,0.098367601189484,8.1183842756292e-38
STK24,Serine/threonine-protein kinase 24,NMR metabolomics,X23484.Cholesterol in Chylomicrons and Extremely Large VLDL,41839,0.0860989445194206,0.00651261074496151,0.073334227459296,0.0988636615795451,1.19393402061988e-39
STK24,Serine/threonine-protein kinase 24,NMR metabolomics,X23485.Cholesteryl Esters in Chylomicrons and Extremely Large VLDL,41839,0.0876899939011537,0.00651160806578999,0.0749272420922053,0.100452745710102,4.57455071118058e-41
STK24,Serine/threonine-protein kinase 24,NMR metabolomics,X23486.Free Cholesterol in Chylomicrons and Extremely Large VLDL,41839,0.0821511782792277,0.00646872077612927,0.0694724855580144,0.0948298710004411,9.71385103137144e-37
STK24,Serine/threonine-protein kinase 24,NMR metabolomics,X23487.Triglycerides in Chylomicrons and Extremely Large VLDL,41839,0.0702501741373429,0.00629541810237501,0.0579111546566879,0.0825891936179979,8.70385250556149e-29
STK24,Serine/threonine-protein kinase 24,NMR metabolomics,X23488.Concentration of Very Large VLDL Particles,41839,0.0905156522512535,0.00671579436837724,0.0773526952892341,0.103678609213273,3.93303327585189e-41
STK24,Serine/threonine-protein kinase 24,NMR metabolomics,X23489.Total Lipids in Very Large VLDL,41839,0.088675114797129,0.00666929572909614,0.0756032951681005,0.101746934426157,4.41063958530319e-40
STK24,Serine/threonine-protein kinase 24,NMR metabolomics,X23490.Phospholipids in Very Large VLDL,41839,0.0864410902064433,0.00666694870564493,0.0733738707433792,0.0995083096695074,3.27448121696249e-38
STK24,Serine/threonine-protein kinase 24,NMR metabolomics,X23491.Cholesterol in Very Large VLDL,41839,0.0840460813231799,0.00662737620559399,0.0710564239602156,0.0970357386861441,1.2206109947802e-36
STK24,Serine/threonine-protein kinase 24,NMR metabolomics,X23492.Cholesteryl Esters in Very Large VLDL,41839,0.0800929258107386,0.00661957146147766,0.0671185657462424,0.0930672858752348,1.59836331366675e-33
STK24,Serine/threonine-protein kinase 24,NMR metabolomics,X23493.Free Cholesterol in Very Large VLDL,41839,0.0846079967483802,0.00661175712712415,0.0716489527792169,0.0975670407175435,2.84783584685353e-37
STK24,Serine/threonine-protein kinase 24,NMR metabolomics,X23494.Triglycerides in Very Large VLDL,41839,0.0878997927235566,0.00668923330700452,0.0747888954418278,0.101010690005285,3.39411679955751e-39
STK24,Serine/threonine-protein kinase 24,NMR metabolomics,X23495.Concentration of Large VLDL Particles,41839,0.0870732318836209,0.00661889679054649,0.0741001941741497,0.100046269593092,2.79934643557907e-39
STK24,Serine/threonine-protein kinase 24,NMR metabolomics,X23496.Total Lipids in Large VLDL,41839,0.0842803394204634,0.00660266580972153,0.0713391144334092,0.0972215644075176,4.2761923980855e-37
STK24,Serine/threonine-protein kinase 24,NMR metabolomics,X23497.Phospholipids in Large VLDL,41839,0.0889469332310548,0.00672880949186061,0.0757584666270081,0.102135399835102,1.21799692084746e-39
STK24,Serine/threonine-protein kinase 24,NMR metabolomics,X23498.Cholesterol in Large VLDL,41839,0.0830961049549918,0.00665229814174244,0.0700576005971766,0.096134609312807,1.32126230993004e-35
STK24,Serine/threonine-protein kinase 24,NMR metabolomics,X23499.Cholesteryl Esters in Large VLDL,41839,0.0743183359372213,0.00660730387687826,0.0613680203385399,0.0872686515359027,3.21755001111004e-29
STK24,Serine/threonine-protein kinase 24,NMR metabolomics,X23500.Free Cholesterol in Large VLDL,41839,0.0893798889399611,0.00671066917777665,0.0762269773515189,0.102532800528403,3.25325952840937e-40
STK24,Serine/threonine-protein kinase 24,NMR metabolomics,X23501.Triglycerides in Large VLDL,41839,0.0794651577374271,0.00651788848954605,0.0666900962979168,0.0922402191769374,5.22641871775222e-34
STK24,Serine/threonine-protein kinase 24,NMR metabolomics,X23502.Concentration of Medium VLDL Particles,41839,0.0610488978315671,0.00623652637248175,0.0488253061415029,0.0732724895216313,1.49819144475564e-22
STK24,Serine/threonine-protein kinase 24,NMR metabolomics,X23503.Total Lipids in Medium VLDL,41839,0.0687573638266183,0.00625160654892893,0.0565042149907176,0.081010512662519,5.14511181489563e-28
STK24,Serine/threonine-protein kinase 24,NMR metabolomics,X23504.Phospholipids in Medium VLDL,41839,0.0591355096578037,0.00622040554714893,0.0469435147853918,0.0713275045302156,2.30253557472179e-21
STK24,Serine/threonine-protein kinase 24,NMR metabolomics,X23505.Cholesterol in Medium VLDL,41839,0.0294224709112183,0.00612124288221988,0.0174248348620673,0.0414201069603692,1.55191915709586e-06
STK24,Serine/threonine-protein kinase 24,NMR metabolomics,X23506.Cholesteryl Esters in Medium VLDL,41839,0.0124517152990533,0.00610885130865545,0.000478366734088619,0.024425063864018,0.0415390558916449
STK24,Serine/threonine-protein kinase 24,NMR metabolomics,X23507.Free Cholesterol in Medium VLDL,41839,0.0495582915091898,0.00619200509559776,0.0374219615218182,0.0616946214965614,1.3085636987407e-15
STK24,Serine/threonine-protein kinase 24,NMR metabolomics,X23508.Triglycerides in Medium VLDL,41839,0.0819344088299018,0.00642528776383046,0.0693408448127941,0.0945279728470095,5.0250397278052e-37
STK24,Serine/threonine-protein kinase 24,NMR metabolomics,X23509.Concentration of Small VLDL Particles,41839,0.0768957231218094,0.00643540264898648,0.0642823339297959,0.0895091123138229,9.69790462419869e-33
STK24,Serine/threonine-protein kinase 24,NMR metabolomics,X23510.Total Lipids in Small VLDL,41839,0.0789944963846247,0.00643719106305713,0.0663776019010327,0.0916113908682167,1.98004138138872e-34
STK24,Serine/threonine-protein kinase 24,NMR metabolomics,X23511.Phospholipids in Small VLDL,41839,0.0641349502004441,0.00631419764151298,0.0517591228230787,0.0765107775778096,3.77140205497905e-24
STK24,Serine/threonine-protein kinase 24,NMR metabolomics,X23512.Cholesterol in Small VLDL,41839,0.0575777639023016,0.00637497422830569,0.0450828144148225,0.0700727133897808,1.91893992246545e-19
STK24,Serine/threonine-protein kinase 24,NMR metabolomics,X23513.Cholesteryl Esters in Small VLDL,41839,0.0625764953821229,0.00648920406236954,0.0498576554198786,0.0752953353443672,6.20282776078113e-22
STK24,Serine/threonine-protein kinase 24,NMR metabolomics,X23514.Free Cholesterol in Small VLDL,41839,0.0481093843584234,0.00620025204436054,0.0359568903514768,0.0602618783653701,9.16638071761908e-15
STK24,Serine/threonine-protein kinase 24,NMR metabolomics,X23515.Triglycerides in Small VLDL,41839,0.0867528503299976,0.00649572021532187,0.0740212387079667,0.0994844619520284,2.01194230338259e-40
STK24,Serine/threonine-protein kinase 24,NMR metabolomics,X23516.Concentration of Very Small VLDL Particles,41839,0.0515998074456034,0.00616382092831285,0.0395187184261102,0.0636808964650966,6.26147267740865e-17
STK24,Serine/threonine-protein kinase 24,NMR metabolomics,X23517.Total Lipids in Very Small VLDL,41839,0.0516376378043938,0.00620761832733766,0.039470705882812,0.0638045697259756,9.77935304293921e-17
STK24,Serine/threonine-protein kinase 24,NMR metabolomics,X23518.Phospholipids in Very Small VLDL,41839,0.0517628601644356,0.00619044008565384,0.0396295975965541,0.0638961227323172,6.79312903364524e-17
STK24,Serine/threonine-protein kinase 24,NMR metabolomics,X23519.Cholesterol in Very Small VLDL,41839,0.0282095631423123,0.00625246914743035,0.0159547236133488,0.0404644026712758,6.48491170071153e-06
STK24,Serine/threonine-protein kinase 24,NMR metabolomics,X23520.Cholesteryl Esters in Very Small VLDL,41839,0.0220064551167869,0.00629772037059719,0.00966292319041637,0.0343499870431574,0.000476766468908636
STK24,Serine/threonine-protein kinase 24,NMR metabolomics,X23521.Free Cholesterol in Very Small VLDL,41839,0.0418262753296802,0.00619785773385816,0.0296784741713182,0.0539740764880422,1.55593165332515e-11
STK24,Serine/threonine-protein kinase 24,NMR metabolomics,X23522.Triglycerides in Very Small VLDL,41839,0.0824711914287617,0.00629935359649312,0.0701244583796352,0.0948179244778882,6.38126822707622e-39
STK24,Serine/threonine-protein kinase 24,NMR metabolomics,X23523.Concentration of IDL Particles,41839,0.0308646283834645,0.00611452494171373,0.0188801594977056,0.0428490972692235,4.52966000342152e-07
STK24,Serine/threonine-protein kinase 24,NMR metabolomics,X23524.Total Lipids in IDL,41839,0.0304141175090154,0.00624337676167332,0.0181770990561357,0.0426511359618951,1.12080256878876e-06
STK24,Serine/threonine-protein kinase 24,NMR metabolomics,X23525.Phospholipids in IDL,41839,0.0280638581620068,0.00624023985357262,0.0158329880490045,0.0402947282750092,6.94264824415209e-06
STK24,Serine/threonine-protein kinase 24,NMR metabolomics,X23526.Cholesterol in IDL,41839,0.0220839505605944,0.0062793595566015,0.00977640582965548,0.0343914952915333,0.000438061557910582
STK24,Serine/threonine-protein kinase 24,NMR metabolomics,X23527.Cholesteryl Esters in IDL,41839,0.0230580443495869,0.00628743136265597,0.0107346788787812,0.0353814098203926,0.000246062784462697
STK24,Serine/threonine-protein kinase 24,NMR metabolomics,X23528.Free Cholesterol in IDL,41839,0.0187815946325612,0.00623578716003214,0.00655945179889819,0.0310037374662242,0.00260104500652095
STK24,Serine/threonine-protein kinase 24,NMR metabolomics,X23529.Triglycerides in IDL,41839,0.0804061850176513,0.00608173042759198,0.068485993379571,0.0923263766557316,1.18462994827761e-39
STK24,Serine/threonine-protein kinase 24,NMR metabolomics,X23530.Concentration of Large LDL Particles,41839,0.0349921684380727,0.00605623107495472,0.0231219555311614,0.0468623813449839,7.73506828439053e-09
STK24,Serine/threonine-protein kinase 24,NMR metabolomics,X23531.Total Lipids in Large LDL,41839,0.0393855305954332,0.00607353517287132,0.0274814016566054,0.051289659534261,9.20176136513775e-11
STK24,Serine/threonine-protein kinase 24,NMR metabolomics,X23532.Phospholipids in Large LDL,41839,0.0367065854747346,0.00609396855539925,0.024762407106152,0.0486507638433171,1.75287239781119e-09
STK24,Serine/threonine-protein kinase 24,NMR metabolomics,X23533.Cholesterol in Large LDL,41839,0.0339672953930843,0.00607891470296454,0.0220526225752738,0.0458819682108947,2.34605691830969e-08
STK24,Serine/threonine-protein kinase 24,NMR metabolomics,X23534.Cholesteryl Esters in Large LDL,41839,0.0381730477266899,0.00606788832662253,0.0262799866065097,0.0500661088468701,3.25370293288834e-10
STK24,Serine/threonine-protein kinase 24,NMR metabolomics,X23535.Free Cholesterol in Large LDL,41839,0.0217753431563468,0.00613645920056464,0.00974788312324013,0.0338028031894535,0.000388745078655007
STK24,Serine/threonine-protein kinase 24,NMR metabolomics,X23536.Triglycerides in Large LDL,41839,0.0872005625521,0.0060043472350457,0.0754320419714104,0.0989690831327895,2.00776106308e-47
STK24,Serine/threonine-protein kinase 24,NMR metabolomics,X23537.Concentration of Medium LDL Particles,41839,0.0521304306153749,0.00611322777737884,0.0401485041717124,0.0641123570590375,1.65665989210581e-17
STK24,Serine/threonine-protein kinase 24,NMR metabolomics,X23538.Total Lipids in Medium LDL,41839,0.0568521987708317,0.00606869547461427,0.0449575556405877,0.0687468419010757,8.56305454046235e-21
STK24,Serine/threonine-protein kinase 24,NMR metabolomics,X23539.Phospholipids in Medium LDL,41839,0.0543853602464417,0.00609334648306283,0.0424424011396386,0.0663283193532449,5.02029680999602e-19
STK24,Serine/threonine-protein kinase 24,NMR metabolomics,X23540.Cholesterol in Medium LDL,41839,0.0525066264224005,0.00606248260499715,0.0406241605166061,0.0643890923281949,5.21725706473131e-18
STK24,Serine/threonine-protein kinase 24,NMR metabolomics,X23541.Cholesteryl Esters in Medium LDL,41839,0.0596566994228739,0.00608298878811569,0.0477340413981671,0.0715793574475806,1.25271745873322e-22
STK24,Serine/threonine-protein kinase 24,NMR metabolomics,X23542.Free Cholesterol in Medium LDL,41839,0.0299760219071255,0.00604250237631195,0.0181327172495541,0.0418193265646969,7.10521562819452e-07
STK24,Serine/threonine-protein kinase 24,NMR metabolomics,X23543.Triglycerides in Medium LDL,41839,0.0913813109632506,0.00604538069570329,0.0795323647996721,0.103230257126829,3.40114732376258e-51
STK24,Serine/threonine-protein kinase 24,NMR metabolomics,X23544.Concentration of Small LDL Particles,41839,0.0517997012671885,0.00612158568707604,0.0398013933205195,0.0637980092138576,2.90695553012717e-17
STK24,Serine/threonine-protein kinase 24,NMR metabolomics,X23545.Total Lipids in Small LDL,41839,0.0497656364579468,0.00603244705778641,0.0379420402246854,0.0615892326912082,1.73755154029509e-16
STK24,Serine/threonine-protein kinase 24,NMR metabolomics,X23546.Phospholipids in Small LDL,41839,0.0353004485852286,0.00602237647906475,0.0234965906862617,0.0471043064841955,4.69491703567007e-09
STK24,Serine/threonine-protein kinase 24,NMR metabolomics,X23547.Cholesterol in Small LDL,41839,0.0474076487134953,0.00604999236661506,0.0355496636749297,0.0592656337520608,5.0054753434133e-15
STK24,Serine/threonine-protein kinase 24,NMR metabolomics,X23548.Cholesteryl Esters in Small LDL,41839,0.0577467525603268,0.00604781626282177,0.0458930326851961,0.0696004724354574,1.54569646371803e-21
STK24,Serine/threonine-protein kinase 24,NMR metabolomics,X23549.Free Cholesterol in Small LDL,41839,0.0155558831372523,0.00605910311542861,0.0036800410310122,0.0274317252434924,0.010258573464047
STK24,Serine/threonine-protein kinase 24,NMR metabolomics,X23550.Triglycerides in Small LDL,41839,0.0894299594494292,0.006129171460614,0.0774167833866258,0.101443135512233,7.54767343995938e-48
STK24,Serine/threonine-protein kinase 24,NMR metabolomics,X23551.Concentration of Very Large HDL Particles,41839,-0.0392904919323251,0.00707050430587959,-0.0531486803718491,-0.0254323034928011,2.79819257368839e-08
STK24,Serine/threonine-protein kinase 24,NMR metabolomics,X23552.Total Lipids in Very Large HDL,41839,-0.0569722512875131,0.00708663960657589,-0.0708620649164018,-0.0430824376586243,9.79096406672414e-16
STK24,Serine/threonine-protein kinase 24,NMR metabolomics,X23553.Phospholipids in Very Large HDL,41839,-0.0593250313478958,0.00704940740584346,-0.073141869863349,-0.0455081928324426,4.30698367568756e-17
STK24,Serine/threonine-protein kinase 24,NMR metabolomics,X23554.Cholesterol in Very Large HDL,41839,-0.0648417716245056,0.00716419906287031,-0.0788836017877314,-0.0507999414612798,1.61500851194802e-19
STK24,Serine/threonine-protein kinase 24,NMR metabolomics,X23555.Cholesteryl Esters in Very Large HDL,41839,-0.0678811611244574,0.00719867209698592,-0.0819905584345498,-0.053771763814365,4.78861365228972e-21
STK24,Serine/threonine-protein kinase 24,NMR metabolomics,X23556.Free Cholesterol in Very Large HDL,41839,-0.0513274891920584,0.00696960933877734,-0.0649879234960619,-0.0376670548880548,1.88361530050775e-13
STK24,Serine/threonine-protein kinase 24,NMR metabolomics,X23557.Triglycerides in Very Large HDL,41839,0.0654048254626056,0.00587328520711265,0.0538931864566648,0.0769164644685464,1.12372397676631e-28
STK24,Serine/threonine-protein kinase 24,NMR metabolomics,X23558.Concentration of Large HDL Particles,41839,-0.0507910143611218,0.00712722930956037,-0.0647603838078601,-0.0368216449143835,1.08414158478495e-12
STK24,Serine/threonine-protein kinase 24,NMR metabolomics,X23559.Total Lipids in Large HDL,41839,-0.0472383885126262,0.00706987938032999,-0.061095352098073,-0.0333814249271794,2.45734129954501e-11
STK24,Serine/threonine-protein kinase 24,NMR metabolomics,X23560.Phospholipids in Large HDL,41839,-0.0376276433509835,0.00700399933662567,-0.0513554820507698,-0.0238998046511972,7.90505782374752e-08
STK24,Serine/threonine-protein kinase 24,NMR metabolomics,X23561.Cholesterol in Large HDL,41839,-0.066909423770378,0.0071676725089247,-0.0809580618878705,-0.0528607856528856,1.16992984010348e-20
STK24,Serine/threonine-protein kinase 24,NMR metabolomics,X23562.Cholesteryl Esters in Large HDL,41839,-0.0721475880129624,0.00718899096692336,-0.0862380103081322,-0.0580571657177926,1.2880071004739e-23
STK24,Serine/threonine-protein kinase 24,NMR metabolomics,X23563.Free Cholesterol in Large HDL,41839,-0.0484416910667873,0.00709372811097363,-0.0623453981642956,-0.034537983969279,8.93606839131043e-12
STK24,Serine/threonine-protein kinase 24,NMR metabolomics,X23564.Triglycerides in Large HDL,41839,0.05897105700728,0.00618997718670386,0.0468387017213405,0.0711034122932196,1.89904179228683e-21
STK24,Serine/threonine-protein kinase 24,NMR metabolomics,X23565.Concentration of Medium HDL Particles,41839,0.0138721535395184,0.00651731797874401,0.00109821030118017,0.0266460967778567,0.0333135253673347
STK24,Serine/threonine-protein kinase 24,NMR metabolomics,X23566.Total Lipids in Medium HDL,41839,0.0203852379473585,0.00640692150602782,0.00782767179554401,0.0329428040991731,0.00146724905874638
STK24,Serine/threonine-protein kinase 24,NMR metabolomics,X23567.Phospholipids in Medium HDL,41839,0.0281942385266095,0.00629482662834106,0.0158563783350611,0.040532098718158,7.56375802952106e-06
STK24,Serine/threonine-protein kinase 24,NMR metabolomics,X23568.Cholesterol in Medium HDL,41839,-0.00187637947925171,0.00659662738528618,-0.0148057691544126,0.0110530101959092,0.776073616866471
STK24,Serine/threonine-protein kinase 24,NMR metabolomics,X23569.Cholesteryl Esters in Medium HDL,41839,-0.00552068402327138,0.00658814680560303,-0.0184334517622533,0.00739208371571055,0.402061431974088
STK24,Serine/threonine-protein kinase 24,NMR metabolomics,X23570.Free Cholesterol in Medium HDL,41839,0.0128414419148891,0.00662341936551796,-0.000140460041526121,0.0258233438713043,0.0525477215707649
STK24,Serine/threonine-protein kinase 24,NMR metabolomics,X23571.Triglycerides in Medium HDL,41839,0.0872102157966703,0.00632296117995364,0.0748172118839611,0.0996032197093794,5.59494133072564e-43
STK24,Serine/threonine-protein kinase 24,NMR metabolomics,X23572.Concentration of Small HDL Particles,41839,0.052271820279688,0.00607724676795168,0.0403604166145027,0.0641832239448733,8.76595271944657e-18
STK24,Serine/threonine-protein kinase 24,NMR metabolomics,X23573.Total Lipids in Small HDL,41839,0.0652485554388423,0.0060618945308938,0.0533672421582904,0.0771298687193941,6.59853105193985e-27
STK24,Serine/threonine-protein kinase 24,NMR metabolomics,X23574.Phospholipids in Small HDL,41839,0.0642494810570111,0.00602947159853713,0.0524317167238783,0.0760672453901439,2.09355172849013e-26
STK24,Serine/threonine-protein kinase 24,NMR metabolomics,X23575.Cholesterol in Small HDL,41839,0.0436776325696875,0.00605163123898168,0.0318164353412834,0.0555388297980916,5.58383455983971e-13
STK24,Serine/threonine-protein kinase 24,NMR metabolomics,X23576.Cholesteryl Esters in Small HDL,41839,0.0358147259368348,0.00609483024596391,0.0238688586547455,0.0477605932189241,4.29765261611022e-09
STK24,Serine/threonine-protein kinase 24,NMR metabolomics,X23577.Free Cholesterol in Small HDL,41839,0.0614291549137023,0.00601752711611472,0.0496348017661175,0.0732235080612872,2.2392591330614e-24
STK24,Serine/threonine-protein kinase 24,NMR metabolomics,X23578.Triglycerides in Small HDL,41839,0.107347105531791,0.00680284126448411,0.0940135366534026,0.12068067441018,1.37592302282493e-55
STK24,Serine/threonine-protein kinase 24,NMR metabolomics,X23579.Phospholipids to Total Lipids in Chylomicrons and Extremely Large VLDL percentage,41466,0.0260774105002652,0.00688827083942598,0.0125763996549902,0.0395784213455401,0.000153929368463037
STK24,Serine/threonine-protein kinase 24,NMR metabolomics,X23580.Cholesterol to Total Lipids in Chylomicrons and Extremely Large VLDL percentage,41466,-0.019636029287537,0.00662320706675732,-0.0326175151383813,-0.00665454343669261,0.00303502996630342
STK24,Serine/threonine-protein kinase 24,NMR metabolomics,X23581.Cholesteryl Esters to Total Lipids in Chylomicrons and Extremely Large VLDL percentage,41466,-0.00874458273853807,0.00671148102178225,-0.0218990855412313,0.00440992006415515,0.192622346758106
STK24,Serine/threonine-protein kinase 24,NMR metabolomics,X23582.Free Cholesterol to Total Lipids in Chylomicrons and Extremely Large VLDL percentage,41466,-0.0322984761512378,0.00661720064718199,-0.0452681894197144,-0.0193287628827611,1.06822092453534e-06
STK24,Serine/threonine-protein kinase 24,NMR metabolomics,X23583.Triglycerides to Total Lipids in Chylomicrons and Extremely Large VLDL percentage,41466,0.00978059250613033,0.00670439422636769,-0.00336002017755034,0.022921205189811,0.144635449518763
STK24,Serine/threonine-protein kinase 24,NMR metabolomics,X23584.Phospholipids to Total Lipids in Very Large VLDL percentage,41766,0.0106451599897994,0.00676542979873581,-0.00261508241572279,0.0239054023953216,0.115635454308728
STK24,Serine/threonine-protein kinase 24,NMR metabolomics,X23585.Cholesterol to Total Lipids in Very Large VLDL percentage,41766,-0.054396521300187,0.00681574311572461,-0.0677553778070073,-0.0410376647933668,1.57100214663127e-15
STK24,Serine/threonine-protein kinase 24,NMR metabolomics,X23586.Cholesteryl Esters to Total Lipids in Very Large VLDL percentage,41766,-0.0529872632092626,0.00677264849126774,-0.0662616542521474,-0.0397128721663779,5.51838731832929e-15
STK24,Serine/threonine-protein kinase 24,NMR metabolomics,X23587.Free Cholesterol to Total Lipids in Very Large VLDL percentage,41766,-0.0465103606040752,0.00684454611429306,-0.0599256709880896,-0.0330950502200608,1.12781769852881e-11
STK24,Serine/threonine-protein kinase 24,NMR metabolomics,X23588.Triglycerides to Total Lipids in Very Large VLDL percentage,41766,0.0439528071689817,0.00679820095229791,0.0306283333024778,0.0572772810354856,1.04624781273833e-10
STK24,Serine/threonine-protein kinase 24,NMR metabolomics,X23589.Phospholipids to Total Lipids in Large VLDL percentage,41839,0.072421863539784,0.00702951013030802,0.0586440236843803,0.0861997033951877,8.51290086094266e-25
STK24,Serine/threonine-protein kinase 24,NMR metabolomics,X23590.Cholesterol to Total Lipids in Large VLDL percentage,41839,-0.0243394910424118,0.00659642627895526,-0.0372684865491641,-0.0114104955356595,0.000225330312400199
STK24,Serine/threonine-protein kinase 24,NMR metabolomics,X23591.Cholesteryl Esters to Total Lipids in Large VLDL percentage,41839,-0.0404057848263731,0.00669519072808893,-0.0535283586534274,-0.0272832109993188,1.63162432185273e-09
STK24,Serine/threonine-protein kinase 24,NMR metabolomics,X23592.Free Cholesterol to Total Lipids in Large VLDL percentage,41839,0.0253408086000963,0.00669741820570627,0.0122138689169121,0.0384677482832806,0.000155214588198857
STK24,Serine/threonine-protein kinase 24,NMR metabolomics,X23593.Triglycerides to Total Lipids in Large VLDL percentage,41839,-0.00697219760858479,0.00673450876716718,-0.0201718347922325,0.00622743957506289,0.300550465457621
STK24,Serine/threonine-protein kinase 24,NMR metabolomics,X23594.Phospholipids to Total Lipids in Medium VLDL percentage,41839,-0.0207369932202279,0.00646743058271055,-0.0334131571623406,-0.00806082927811521,0.00134739058651971
STK24,Serine/threonine-protein kinase 24,NMR metabolomics,X23595.Cholesterol to Total Lipids in Medium VLDL percentage,41839,-0.0484717297975817,0.00668322907964069,-0.0615708587936775,-0.035372600801486,4.31115712246886e-13
STK24,Serine/threonine-protein kinase 24,NMR metabolomics,X23596.Cholesteryl Esters to Total Lipids in Medium VLDL percentage,41839,-0.0526809341225199,0.00672350958962951,-0.0658590129181938,-0.0395028553268461,5.0314081343604e-15
STK24,Serine/threonine-protein kinase 24,NMR metabolomics,X23597.Free Cholesterol to Total Lipids in Medium VLDL percentage,41839,-0.0365353144172127,0.00654265321688924,-0.0493589147223156,-0.0237117141121098,2.39435931289723e-08
STK24,Serine/threonine-protein kinase 24,NMR metabolomics,X23598.Triglycerides to Total Lipids in Medium VLDL percentage,41839,0.0425462687217482,0.00663144401516841,0.0295486384520182,0.0555438989914783,1.44816865033119e-10
STK24,Serine/threonine-protein kinase 24,NMR metabolomics,X23599.Phospholipids to Total Lipids in Small VLDL percentage,41839,-0.042343773637987,0.00650533617427188,-0.0550942325395599,-0.0295933147364141,7.83359947362421e-11
STK24,Serine/threonine-protein kinase 24,NMR metabolomics,X23600.Cholesterol to Total Lipids in Small VLDL percentage,41839,-0.0339504588151001,0.00628831880007774,-0.0462755636632524,-0.0216253539669477,6.81801014480858e-08
STK24,Serine/threonine-protein kinase 24,NMR metabolomics,X23601.Cholesteryl Esters to Total Lipids in Small VLDL percentage,41839,-0.0246675253375392,0.00620230078919599,-0.0368240348843633,-0.012511015790715,7.01150740349547e-05
STK24,Serine/threonine-protein kinase 24,NMR metabolomics,X23602.Free Cholesterol to Total Lipids in Small VLDL percentage,41839,-0.0446919698815292,0.00655968050790777,-0.0575489436770285,-0.03183499608603,9.96252709353659e-12
STK24,Serine/threonine-protein kinase 24,NMR metabolomics,X23603.Triglycerides to Total Lipids in Small VLDL percentage,41839,0.0369680280492219,0.00634929780595575,0.0245234043495486,0.0494126517488951,5.93607925043217e-09
STK24,Serine/threonine-protein kinase 24,NMR metabolomics,X23604.Phospholipids to Total Lipids in Very Small VLDL percentage,41839,0.00946448455301135,0.0061685320537831,-0.00262583827240352,0.0215548073784262,0.124975543101684
STK24,Serine/threonine-protein kinase 24,NMR metabolomics,X23605.Cholesterol to Total Lipids in Very Small VLDL percentage,41839,-0.0518562753252046,0.0064772764937156,-0.0645517372528871,-0.039160813397522,1.28462636382354e-15
STK24,Serine/threonine-protein kinase 24,NMR metabolomics,X23606.Cholesteryl Esters to Total Lipids in Very Small VLDL percentage,41839,-0.0521709426768852,0.00656667489788695,-0.0650416254767437,-0.0393002598770268,2.10141863308472e-15
STK24,Serine/threonine-protein kinase 24,NMR metabolomics,X23607.Free Cholesterol to Total Lipids in Very Small VLDL percentage,41839,-0.0347550690375888,0.00572955330811088,-0.0459849935214862,-0.0235251445536915,1.34768145066315e-09
STK24,Serine/threonine-protein kinase 24,NMR metabolomics,X23608.Triglycerides to Total Lipids in Very Small VLDL percentage,41839,0.0547435071033007,0.00639451551690967,0.0422102566901577,0.0672767575164436,1.24121900250994e-17
STK24,Serine/threonine-protein kinase 24,NMR metabolomics,X23609.Phospholipids to Total Lipids in IDL percentage,41839,-0.022694365655466,0.00602778370791482,-0.0345088217229791,-0.010879909587953,0.000167295904764795
STK24,Serine/threonine-protein kinase 24,NMR metabolomics,X23610.Cholesterol to Total Lipids in IDL percentage,41839,-0.0318299679072832,0.00631178026744022,-0.044201057231466,-0.0194588785831004,4.64482908257405e-07
STK24,Serine/threonine-protein kinase 24,NMR metabolomics,X23611.Cholesteryl Esters to Total Lipids in IDL percentage,41839,-0.0232023594854547,0.00622631229030734,-0.0354059315744571,-0.0109987873964523,0.000194963943084182
STK24,Serine/threonine-protein kinase 24,NMR metabolomics,X23612.Free Cholesterol to Total Lipids in IDL percentage,41839,-0.0304385323910255,0.00579013555526075,-0.0417871980793366,-0.0190898667027145,1.48730504580526e-07
STK24,Serine/threonine-protein kinase 24,NMR metabolomics,X23613.Triglycerides to Total Lipids in IDL percentage,41839,0.0488448729836254,0.00633814866429665,0.0364221016016039,0.0612676443656468,1.38513491022209e-14
STK24,Serine/threonine-protein kinase 24,NMR metabolomics,X23614.Phospholipids to Total Lipids in Large LDL percentage,41839,-0.0328379451673876,0.00617055088648627,-0.0449322249049007,-0.0207436654298745,1.04467074370423e-07
STK24,Serine/threonine-protein kinase 24,NMR metabolomics,X23615.Cholesterol to Total Lipids in Large LDL percentage,41839,-0.0354674977443313,0.00627377250325837,-0.0477640918507177,-0.0231709036379449,1.60650792875345e-08
STK24,Serine/threonine-protein kinase 24,NMR metabolomics,X23616.Cholesteryl Esters to Total Lipids in Large LDL percentage,41839,0.0103477777542137,0.00601034891854805,-0.0014325061261405,0.0221280616345679,0.0851544739785793
STK24,Serine/threonine-protein kinase 24,NMR metabolomics,X23617.Free Cholesterol to Total Lipids in Large LDL percentage,41839,-0.064019376791905,0.00671651366490161,-0.0771837435751121,-0.0508550100086978,1.81422500118575e-21
STK24,Serine/threonine-protein kinase 24,NMR metabolomics,X23618.Triglycerides to Total Lipids in Large LDL percentage,41839,0.047626990129924,0.00616621047131365,0.0355412176061492,0.0597127626536988,1.20943130761747e-14
STK24,Serine/threonine-protein kinase 24,NMR metabolomics,X23619.Phospholipids to Total Lipids in Medium LDL percentage,41839,-0.0422020308755346,0.00633063120248253,-0.0546100680324004,-0.0297939937186689,2.7268801330067e-11
STK24,Serine/threonine-protein kinase 24,NMR metabolomics,X23620.Cholesterol to Total Lipids in Medium LDL percentage,41839,-0.0197688214569529,0.00624743860974801,-0.032013801132059,-0.00752384178184679,0.00155803804013859
STK24,Serine/threonine-protein kinase 24,NMR metabolomics,X23621.Cholesteryl Esters to Total Lipids in Medium LDL percentage,41839,0.0551390265657312,0.006324595741021,0.0427428189133301,0.0675352342181324,3.16034898587001e-18
STK24,Serine/threonine-protein kinase 24,NMR metabolomics,X23622.Free Cholesterol to Total Lipids in Medium LDL percentage,41839,-0.0739378892006536,0.0064847135105531,-0.0866479276813377,-0.0612278507199695,5.64632115574112e-30
STK24,Serine/threonine-protein kinase 24,NMR metabolomics,X23623.Triglycerides to Total Lipids in Medium LDL percentage,41839,0.0432947283591032,0.00615360082687218,0.0312336707384337,0.0553557859797727,2.08052035344086e-12
STK24,Serine/threonine-protein kinase 24,NMR metabolomics,X23624.Phospholipids to Total Lipids in Small LDL percentage,41839,-0.0807935776009995,0.00626592644633846,-0.0930747934358229,-0.0685123617661761,8.203080884212e-38
STK24,Serine/threonine-protein kinase 24,NMR metabolomics,X23625.Cholesterol to Total Lipids in Small LDL percentage,41839,0.0101927712799767,0.00614300087084829,-0.00184751042688596,0.0222330529868393,0.0970892077977982
STK24,Serine/threonine-protein kinase 24,NMR metabolomics,X23626.Cholesteryl Esters to Total Lipids in Small LDL percentage,41839,0.0756198866392497,0.00621089406450123,0.0634465342728273,0.0877932390056722,6.38383740371569e-34
STK24,Serine/threonine-protein kinase 24,NMR metabolomics,X23627.Free Cholesterol to Total Lipids in Small LDL percentage,41839,-0.0642532050260614,0.00616469314180055,-0.0763360035839905,-0.0521704064681323,2.44596154286195e-25
STK24,Serine/threonine-protein kinase 24,NMR metabolomics,X23628.Triglycerides to Total Lipids in Small LDL percentage,41839,0.0640235898982621,0.00627439617630276,0.0517257733927087,0.0763214064038155,2.34293070131276e-24
STK24,Serine/threonine-protein kinase 24,NMR metabolomics,X23629.Phospholipids to Total Lipids in Very Large HDL percentage,41827,-0.0599457318447426,0.0067126104079317,-0.0731024482442887,-0.0467890154451965,4.80257686174538e-19
STK24,Serine/threonine-protein kinase 24,NMR metabolomics,X23630.Cholesterol to Total Lipids in Very Large HDL percentage,41827,0.00081929432155917,0.00584545207722157,-0.0106377917497951,0.0122763803929134,0.888536282673601
STK24,Serine/threonine-protein kinase 24,NMR metabolomics,X23631.Cholesteryl Esters to Total Lipids in Very Large HDL percentage,41827,-0.0238610051820768,0.00543323866115041,-0.0345101529579316,-0.013211857406222,1.13355899482871e-05
STK24,Serine/threonine-protein kinase 24,NMR metabolomics,X23632.Free Cholesterol to Total Lipids in Very Large HDL percentage,41827,0.0494069468419263,0.00696371072810912,0.0357580738148324,0.0630558198690201,1.36018478563544e-12
STK24,Serine/threonine-protein kinase 24,NMR metabolomics,X23633.Triglycerides to Total Lipids in Very Large HDL percentage,41827,0.0988908840586062,0.00651420219885708,0.0861230477488463,0.111658720368366,1.28932634354306e-51
STK24,Serine/threonine-protein kinase 24,NMR metabolomics,X23634.Phospholipids to Total Lipids in Large HDL percentage,41839,0.0680575016354254,0.00617397229116032,0.0559565159447512,0.0801584873260997,3.91066233371757e-28
STK24,Serine/threonine-protein kinase 24,NMR metabolomics,X23635.Cholesterol to Total Lipids in Large HDL percentage,41839,-0.0910633360657142,0.0065022143857658,-0.103807676261815,-0.0783189958696132,3.00589447363052e-44
STK24,Serine/threonine-protein kinase 24,NMR metabolomics,X23636.Cholesteryl Esters to Total Lipids in Large HDL percentage,41839,-0.0895062677252324,0.00625150049530632,-0.101759208696033,-0.077253326754432,3.75680474471728e-46
STK24,Serine/threonine-protein kinase 24,NMR metabolomics,X23637.Free Cholesterol to Total Lipids in Large HDL percentage,41839,-0.0277839030710475,0.00626635178334835,-0.0400659525664102,-0.0155018535756847,9.33214411353011e-06
STK24,Serine/threonine-protein kinase 24,NMR metabolomics,X23638.Triglycerides to Total Lipids in Large HDL percentage,41839,0.0858686013157423,0.00625337929486241,0.073611977897812,0.0981252247336726,1.28686946298972e-42
STK24,Serine/threonine-protein kinase 24,NMR metabolomics,X23639.Phospholipids to Total Lipids in Medium HDL percentage,41839,0.0586816471216577,0.00670062804904902,0.0455484161455216,0.0718148780977938,2.23361998778785e-18
STK24,Serine/threonine-protein kinase 24,NMR metabolomics,X23640.Cholesterol to Total Lipids in Medium HDL percentage,41839,-0.0772925424034834,0.0066732324124673,-0.0903720779319193,-0.0642130068750475,7.12262111955312e-31
STK24,Serine/threonine-protein kinase 24,NMR metabolomics,X23641.Cholesteryl Esters to Total Lipids in Medium HDL percentage,41839,-0.077727360683154,0.00633441106229339,-0.090142806365249,-0.065311915001059,2.00254966765304e-34
STK24,Serine/threonine-protein kinase 24,NMR metabolomics,X23642.Free Cholesterol to Total Lipids in Medium HDL percentage,41839,-0.0124689736364311,0.00697899612206851,-0.0261478060356854,0.00120985876282318,0.0740181027181616
STK24,Serine/threonine-protein kinase 24,NMR metabolomics,X23643.Triglycerides to Total Lipids in Medium HDL percentage,41839,0.0833637323041338,0.00656994079418209,0.0704866483475369,0.0962408162607307,1.11740787040516e-36
STK24,Serine/threonine-protein kinase 24,NMR metabolomics,X23644.Phospholipids to Total Lipids in Small HDL percentage,41839,0.00759589080904912,0.00613699369982887,-0.00443261684261546,0.0196243984607137,0.215841187849874
STK24,Serine/threonine-protein kinase 24,NMR metabolomics,X23645.Cholesterol to Total Lipids in Small HDL percentage,41839,-0.0511209743239486,0.0060620848225536,-0.0630026605761537,-0.0392392880717436,3.7184470698019e-17
STK24,Serine/threonine-protein kinase 24,NMR metabolomics,X23646.Cholesteryl Esters to Total Lipids in Small HDL percentage,41839,-0.0507873962223003,0.00597822721019964,-0.0625047215542916,-0.039070070890309,2.18162532286851e-17
STK24,Serine/threonine-protein kinase 24,NMR metabolomics,X23647.Free Cholesterol to Total Lipids in Small HDL percentage,41839,0.00283197457826645,0.00650009526156436,-0.00990821213439969,0.0155721612909326,0.663074562064105
STK24,Serine/threonine-protein kinase 24,NMR metabolomics,X23648.Triglycerides to Total Lipids in Small HDL percentage,41839,0.0845090165846054,0.00684231780536507,0.0710980736860898,0.0979199594831209,7.48952106871439e-35
STK24,Serine/threonine-protein kinase 24,Working and living environment,X24003.Nitrogen dioxide air pollution; 2010,51447,0.00846282013463102,0.00517726699632585,-0.00168462317816765,0.0186102634474297,0.102144293763188
STK24,Serine/threonine-protein kinase 24,Working and living environment,X24004.Nitrogen oxides air pollution; 2010,51447,0.0062836439056542,0.0050281642191783,-0.00357155796393526,0.0161388457752437,0.211425804754379
STK24,Serine/threonine-protein kinase 24,Working and living environment,X24005.Particulate matter air pollution (pm10); 2010,49921,0.00619838292026019,0.00482388367946601,-0.00325642909149319,0.0156531949320136,0.198828527058508
STK24,Serine/threonine-protein kinase 24,Working and living environment,X24006.Particulate matter air pollution (pm2.5); 2010,49921,0.00151421100207065,0.00524395246547308,-0.00876393583025658,0.0117923578343979,0.772772625253671
STK24,Serine/threonine-protein kinase 24,Working and living environment,X24007.Particulate matter air pollution (pm2.5) absorbance; 2010,49921,0.00993081712628129,0.00519867785708423,-0.000258591473603804,0.0201202257261664,0.0561133752635844
STK24,Serine/threonine-protein kinase 24,Working and living environment,X24008.Particulate matter air pollution 2.5-10um; 2010,49921,0.00543765883178134,0.00477773852425479,-0.00392670867575804,0.0148020263393207,0.255081500714743
STK24,Serine/threonine-protein kinase 24,Working and living environment,X24009.Traffic intensity on the nearest road,51447,-0.0536791360049061,0.0396429206451659,-0.131379260469431,0.0240209884596192,0.175728675198828
STK24,Serine/threonine-protein kinase 24,Working and living environment,X24010.Inverse distance to the nearest road,51447,-0.00015102136880381,0.00451891119744334,-0.00900808731579276,0.00870604457818514,0.973340066359167
STK24,Serine/threonine-protein kinase 24,Working and living environment,X24011.Traffic intensity on the nearest major road,51447,0.00661936998003299,0.00450756063779008,-0.00221544887003556,0.0154541888301015,0.14198118881996
STK24,Serine/threonine-protein kinase 24,Working and living environment,X24012.Inverse distance to the nearest major road,51447,0.00705493219611233,0.00457864518032093,-0.00191921235731669,0.0160290767495414,0.123371039943285
STK24,Serine/threonine-protein kinase 24,Working and living environment,X24013.Total traffic load on major roads,51447,-0.00413287057854344,0.0274933205012111,-0.0580197787609172,0.0497540376038303,0.880511339791427
STK24,Serine/threonine-protein kinase 24,Working and living environment,X24015.Sum of road length of major roads within 100m,51447,-0.00116986310137952,0.0267180194999506,-0.0535371813212827,0.0511974551185237,0.965075730435293
STK24,Serine/threonine-protein kinase 24,Working and living environment,X24016.Nitrogen dioxide air pollution; 2005,51447,0.0134324892081542,0.00519814722032706,0.00324412065631321,0.0236208577599953,0.00976972900498048
STK24,Serine/threonine-protein kinase 24,Working and living environment,X24017.Nitrogen dioxide air pollution; 2006,51447,0.0101839070537216,0.00519800630328663,-4.18530072019037e-06,0.0203719994081634,0.0501021180911929
STK24,Serine/threonine-protein kinase 24,Working and living environment,X24018.Nitrogen dioxide air pollution; 2007,51447,0.0126579881629883,0.00513628555683498,0.00259086847159176,0.0227251078543849,0.0137306506866685
STK24,Serine/threonine-protein kinase 24,Working and living environment,X24019.Particulate matter air pollution (pm10); 2007,51410,0.0196676061996828,0.0050171484810941,0.00983399517673833,0.0295012172226272,8.8779399187025e-05
STK24,Serine/threonine-protein kinase 24,Working and living environment,X24020.Average daytime sound level of noise pollution,51447,0.00121698095821586,0.00451639310453049,-0.00763514952666389,0.0100691114430956,0.787579230979022
STK24,Serine/threonine-protein kinase 24,Working and living environment,X24021.Average evening sound level of noise pollution,51447,0.00126597411146942,0.00451667089870612,-0.00758670084999457,0.0101186490729334,0.779258167138162
STK24,Serine/threonine-protein kinase 24,Working and living environment,X24022.Average night-time sound level of noise pollution,51447,0.00122234366052359,0.00451658447599127,-0.0076301619124193,0.0100748492334665,0.786674589746553
STK24,Serine/threonine-protein kinase 24,Working and living environment,X24023.Average 16-hour sound level of noise pollution,51447,0.00121291112334901,0.00451668327004549,-0.00763978808594015,0.0100656103326382,0.788285944128318
STK24,Serine/threonine-protein kinase 24,Working and living environment,X24024.Average 24-hour sound level of noise pollution,51447,0.0012460513244457,0.00451682164071383,-0.00760691909135341,0.0100990217402448,0.782651136372313
STK24,Serine/threonine-protein kinase 24,Health and medical history,X2405.Number of children fathered,51433,0.00591424161303903,0.0205821064161976,-0.0344266869627084,0.0462551701887864,0.773847941330997
STK24,Serine/threonine-protein kinase 24,Working and living environment,"X24500.Greenspace percentage, buffer 1000m",48974,-0.0114141752446296,0.00537692367584235,-0.0219529456492806,-0.000875404839978621,0.0337819895242006
STK24,Serine/threonine-protein kinase 24,Working and living environment,"X24501.Domestic garden percentage, buffer 1000m",48974,0.0103063331763372,0.00483334492270811,0.00083297712782931,0.0197796892248451,0.0329908550900527
STK24,Serine/threonine-protein kinase 24,Working and living environment,"X24502.Water percentage, buffer 1000m",48974,-0.00941340261106319,0.00487978060804176,-0.018977772602825,0.000150967380698662,0.0537369548937126
STK24,Serine/threonine-protein kinase 24,Working and living environment,"X24503.Greenspace percentage, buffer 300m",48974,-0.00824602565191275,0.0050440313886065,-0.0181323271735815,0.001640275869756,0.102104636181494
STK24,Serine/threonine-protein kinase 24,Working and living environment,"X24504.Domestic garden percentage, buffer 300m",48974,0.00767766798393761,0.00487717354717025,-0.00188159216851609,0.0172369281363913,0.115455733013386
STK24,Serine/threonine-protein kinase 24,Working and living environment,"X24505.Water percentage, buffer 300m",48974,-0.0126505945762333,0.00490482102598031,-0.0222640437871547,-0.00303714536531192,0.00990941861115098
STK24,Serine/threonine-protein kinase 24,Working and living environment,"X24506.Natural environment percentage, buffer 1000m",51523,-0.0129794846074233,0.00513736878034687,-0.0230487274169032,-0.00291024179794345,0.0115277076035309
STK24,Serine/threonine-protein kinase 24,Working and living environment,"X24507.Natural environment percentage, buffer 300m",51523,-0.00837997301756761,0.00481124770181356,-0.0178100185131222,0.00105007247798697,0.0815662554889999
STK24,Serine/threonine-protein kinase 24,Working and living environment,X24508.Distance (Euclidean) to coast,51523,0.0365184122736814,0.0045439109240633,0.0276123468625173,0.0454244776848454,9.66500385285654e-16
STK24,Serine/threonine-protein kinase 24,Lifestyle factors,X2867.Age started smoking in former smokers,35350,0.000973233253474493,0.00829544151593906,-0.0152858321177661,0.0172322986247151,0.90660881579142
STK24,Serine/threonine-protein kinase 24,Mental health,"X28735.Feeling anxious, nervous or on edge over the last 2 weeks",36856,-0.000724381349633601,0.0400929731256152,-0.0793066086758394,0.0778578459765722,0.985585410662142
STK24,Serine/threonine-protein kinase 24,Mental health,X28736.Not being able to stop or control worrying over the last 2 weeks,36855,0.0159420346204142,0.0456315890041234,-0.0734958798276677,0.105379949068496,0.726824967364182
STK24,Serine/threonine-protein kinase 24,Mental health,X28737.Little interest or pleasure in doing things over the last 2 weeks,36855,-0.0279974653547175,0.0428664896850879,-0.11201578513749,0.0560208544280548,0.51368954004337
STK24,Serine/threonine-protein kinase 24,Mental health,"X28738.Feeling down, depressed or hopeless over the last 2 weeks",36844,-0.00478504945939567,0.043006869943137,-0.0890785145479441,0.0795084156291528,0.911410945002385
STK24,Serine/threonine-protein kinase 24,Mental health,X28739.Difficulty with standing for long periods,36864,0.0273946527636706,0.0369435488447201,-0.0450147029719809,0.099804008499322,0.458394819695423
STK24,Serine/threonine-protein kinase 24,Mental health,X28740.Difficulty with taking care of household responsibilities,36879,0.0170963269905064,0.0429547912557434,-0.0670950638707506,0.101287717851763,0.690634959305794
STK24,Serine/threonine-protein kinase 24,Mental health,X28741.Difficulty learning a new task,36835,0.0462121496709112,0.0504615992656626,-0.0526925848897874,0.14511688423161,0.359804689080689
STK24,Serine/threonine-protein kinase 24,Mental health,X28742.Difficulty with joining in community activities,36414,-0.0192073689146402,0.0463626561098618,-0.110078174889969,0.071663437060689,0.678676522210879
STK24,Serine/threonine-protein kinase 24,Mental health,X28743.Difficulty with being emotionally affected by health problems,36828,0.0202588652310418,0.0404694656492236,-0.0590612874414365,0.0995790179035201,0.616668653321629
STK24,Serine/threonine-protein kinase 24,Mental health,X28744.Difficulty with concentrating on doing something for ten minutes,36886,0.0186867028892897,0.0541823914042519,-0.087510784263044,0.124884190041623,0.730189461983142
STK24,Serine/threonine-protein kinase 24,Lifestyle factors,X2887.Number of cigarettes previously smoked daily,34759,0.0512177072951434,0.0385777830606223,-0.0243947475036762,0.126830162093963,0.184343711216158
STK24,Serine/threonine-protein kinase 24,Lifestyle factors,X2897.Age stopped smoking,35348,0.013354009054064,0.00871937938543306,-0.00373597454138481,0.0304439926495128,0.125684826004505
STK24,Serine/threonine-protein kinase 24,Mental health,X29001#0.Mental health conditions experienced by first degree blood relatives_None of the above,35928,-0.0185713477794391,0.018038970553163,-0.0539277300636386,0.0167850345047604,0.303272832477272
STK24,Serine/threonine-protein kinase 24,Mental health,X29001#1.Mental health conditions experienced by first degree blood relatives_Depression,35928,0.00379168158322604,0.0204519491396391,-0.0362941387304665,0.0438775018969186,0.852924649471407
STK24,Serine/threonine-protein kinase 24,Mental health,X29001#3.Mental health conditions experienced by first degree blood relatives_Schizophrenia,35928,0.157867644906521,0.0674172919106956,0.0257297527615571,0.290005537051484,0.0192253981611474
STK24,Serine/threonine-protein kinase 24,Mental health,X29001#4.Mental health conditions experienced by first degree blood relatives_Any other type of psychosis or psychotic illness,35928,-0.00143256934763142,0.0671002793432243,-0.132949116860351,0.130083978165088,0.982967296931149
STK24,Serine/threonine-protein kinase 24,Mental health,X29001#5.Mental health conditions experienced by first degree blood relatives_A personality disorder,35928,0.073063524225319,0.0831288565905652,-0.0898690346921887,0.235996083142827,0.379474061866512
STK24,Serine/threonine-protein kinase 24,Mental health,X29001#7.Mental health conditions experienced by first degree blood relatives_Attention deficit or attention deficit and hyperactivity disorder,35928,0.128643933309282,0.0754454755997312,-0.0192291988661907,0.276517065484755,0.0882135797398476
STK24,Serine/threonine-protein kinase 24,Mental health,X29001#8.Mental health conditions experienced by first degree blood relatives_An anxiety disorder,35928,0.00171342076773232,0.0305970809978162,-0.0582568579879875,0.0616836995234521,0.955343744393937
STK24,Serine/threonine-protein kinase 24,Mental health,X29001#9.Mental health conditions experienced by first degree blood relatives_An eating disorder,35928,0.0256239108630939,0.057870575483644,-0.0878024170848484,0.139050238811036,0.657938222051682
STK24,Serine/threonine-protein kinase 24,Mental health,X29002.Recent lack of interest or pleasure in doing things,35880,0.0456591009636577,0.0434709386497671,-0.0395439387898858,0.130862140717201,0.293598436737818
STK24,Serine/threonine-protein kinase 24,Mental health,X29003.Recent feelings of depression,35881,0.0549171345028629,0.0432545323409997,-0.0298617488854965,0.139696017891222,0.204258013656528
STK24,Serine/threonine-protein kinase 24,Mental health,"X29004.Trouble falling or staying asleep, or sleeping too much",35885,0.0431847875610724,0.0341694445290141,-0.0237873237157952,0.11015689883794,0.206327104249083
STK24,Serine/threonine-protein kinase 24,Mental health,X29005.Recent feelings of tiredness or low energy,35885,-0.0316396325164286,0.0335543697034514,-0.0974061971351934,0.0341269321023362,0.345744774040247
STK24,Serine/threonine-protein kinase 24,Mental health,X29006.Recent poor appetite or overeating,35891,-0.00822828630978061,0.0533464653342608,-0.112787358364932,0.0963307857453705,0.877422889971865
STK24,Serine/threonine-protein kinase 24,Mental health,X29007.Recent feelings of inadequacy,35869,0.0158186551696444,0.0473878953627816,-0.0770616197414075,0.108698930080696,0.738530947230907
STK24,Serine/threonine-protein kinase 24,Mental health,X29008.Recent trouble concentrating on things,35887,0.0537450803175831,0.0452693795970266,-0.0349829036925889,0.142473064327755,0.235176363189395
STK24,Serine/threonine-protein kinase 24,Mental health,X29009.Recent changes in speed or amount of moving or speaking,35884,0.0410734845210449,0.0769514363200012,-0.109751330666158,0.191898299708247,0.593524909524643
STK24,Serine/threonine-protein kinase 24,Mental health,X29010.Recent thoughts of suicide or self-harm,35863,-0.0287583429342623,0.0835853304178736,-0.192585590553295,0.13506890468477,0.730811359485933
STK24,Serine/threonine-protein kinase 24,Mental health,X29038#0.Substances taken for depression_None of options listed,35782,-0.0112371082509346,0.0346164110511111,-0.0790852739111123,0.0566110574092431,0.745479697560943
STK24,Serine/threonine-protein kinase 24,Mental health,X29038#1.Substances taken for depression_Drugs or alcohol (more than once),35782,0.012190750713876,0.0624025541914465,-0.110118255501359,0.134499756929111,0.845119317741902
STK24,Serine/threonine-protein kinase 24,Mental health,X29038#2.Substances taken for depression_Medication prescribed to participant (for at least 2 weeks),35782,-0.0165046481432236,0.0379577458485964,-0.0909018300064725,0.0578925337200253,0.663708807275071
STK24,Serine/threonine-protein kinase 24,Mental health,X29038#3.Substances taken for depression_Unprescribed medication (more than once),35782,0.0915635812368022,0.115359903632419,-0.134541829882738,0.317668992356343,0.427384078616025
STK24,Serine/threonine-protein kinase 24,Mental health,X29039#1.Use of specific medications_Citalopram (sometimes called Cipramil),35782,-0.121779579695468,0.0743654032919265,-0.267535770147644,0.0239766107567075,0.101552353304981
STK24,Serine/threonine-protein kinase 24,Mental health,X29039#2.Use of specific medications_Fluoxetine (Prozac or Oxactin),35782,0.195307781282577,0.0848322222002425,0.029036625770102,0.361578936795053,0.0213476811198701
STK24,Serine/threonine-protein kinase 24,Mental health,X29039#3.Use of specific medications_Sertraline (Lustral),35782,-0.101532214748087,0.0890367776738878,-0.276044298988907,0.0729798694927331,0.254182631698272
STK24,Serine/threonine-protein kinase 24,Mental health,X29039#5.Use of specific medications_Amitriptyline (Elavil),35782,0.0879474686116921,0.104101328029326,-0.116091134325787,0.291986071549171,0.398236351422323
STK24,Serine/threonine-protein kinase 24,Mental health,X29039#7.Use of specific medications_Other antidepressant(s),35782,-0.0321980603342058,0.0746705729415112,-0.178552383299568,0.114156262631156,0.666334831588052
STK24,Serine/threonine-protein kinase 24,Mental health,X29047#0.Activities undertaken to treat depression_None of options listed,35782,-0.0543555436762025,0.0324109833714926,-0.117881071084328,0.00916998373192301,0.0935719747624196
STK24,Serine/threonine-protein kinase 24,Mental health,X29051#0.Manifestations of mania or irritability_None of options listed,35782,-0.127034233217747,0.0520634821615346,-0.229078658254355,-0.0249898081811397,0.0147117992120612
STK24,Serine/threonine-protein kinase 24,Mental health,X29051#1.Manifestations of mania or irritability_More active than usual,35782,0.0314874087269726,0.0818046438927778,-0.128849693302872,0.191824510756817,0.700315646100116
STK24,Serine/threonine-protein kinase 24,Mental health,X29051#2.Manifestations of mania or irritability_More confident than usual,35782,0.0695522287443644,0.100755378209096,-0.127928312545463,0.267032770034192,0.490022917332112
STK24,Serine/threonine-protein kinase 24,Mental health,X29051#3.Manifestations of mania or irritability_Easily distracted,35782,0.0283142720265434,0.0609100629197693,-0.0910694512962045,0.147697995349291,0.642050275287906
STK24,Serine/threonine-protein kinase 24,Mental health,X29051#4.Manifestations of mania or irritability_More creative or had more ideas than usual,35782,-0.0680484586874674,0.0930354942456149,-0.250398027408872,0.114301110033938,0.46454364445986
STK24,Serine/threonine-protein kinase 24,Mental health,X29051#5.Manifestations of mania or irritability_Neded less sleep than usual,35782,0.0523968492074499,0.0923349739419244,-0.128579699718722,0.233373398133622,0.57041615955895
STK24,Serine/threonine-protein kinase 24,Mental health,X29051#6.Manifestations of mania or irritability_Thoughts were racing,35782,-0.0064754605968789,0.0527768720695318,-0.109918129853161,0.0969672086594034,0.902352022190957
STK24,Serine/threonine-protein kinase 24,Mental health,X29051#7.Manifestations of mania or irritability_More restless than usual,35782,0.136380828085922,0.0498871548044046,0.0386020046692892,0.234159651502555,0.00627640414725763
STK24,Serine/threonine-protein kinase 24,Mental health,X29051#8.Manifestations of mania or irritability_More talkative than usual,35782,0.0606030856112921,0.0743621928525101,-0.0851468123796276,0.206352983602212,0.415115510568353
STK24,Serine/threonine-protein kinase 24,Mental health,X29058.Recent feelings or nervousness or anxiety,35768,0.054165699449068,0.0421618042384943,-0.0284714368583808,0.136802835756517,0.198935102744314
STK24,Serine/threonine-protein kinase 24,Mental health,X29059.Recent inability to stop or control worrying,35774,0.00376879784914594,0.0447083404882765,-0.083859549507876,0.0913971452061679,0.932822314747107
STK24,Serine/threonine-protein kinase 24,Mental health,X29060.Recent worrying too much about different things,35772,0.0224613245426445,0.0397728881724641,-0.0554935362753851,0.100416185360674,0.572268569242806
STK24,Serine/threonine-protein kinase 24,Mental health,X29061.Recent trouble relaxing,35769,0.0250245106448363,0.0423564891959361,-0.0579942081791985,0.108043229468871,0.554668368910694
STK24,Serine/threonine-protein kinase 24,Mental health,X29062.Recent restlessness,35777,0.0966175484803044,0.0580114960789917,-0.0170849838345194,0.210320080795128,0.0958587555253566
STK24,Serine/threonine-protein kinase 24,Mental health,X29063.Recent easy annoyance or irritability,35766,0.0432207078820388,0.0406952617538062,-0.0365420051554214,0.122983420919499,0.288245383613838
STK24,Serine/threonine-protein kinase 24,Mental health,X29064.Recent feelings of foreboding,35769,0.0271319155977471,0.0506478292289483,-0.0721378296909915,0.126401660886486,0.592184253240965
STK24,Serine/threonine-protein kinase 24,Mental health,X29065#1.Symptoms of panic attack_Heart was pounding or racing,35782,0.00204086148093315,0.0410675562174782,-0.0784515487053242,0.0825332716671905,0.960366642888613
STK24,Serine/threonine-protein kinase 24,Mental health,X29065#11.Symptoms of panic attack_Felt like things weren't real or detached from self,35782,-0.119232066737298,0.0622746260672036,-0.241290333829017,0.00282620035442158,0.0555810339414092
STK24,Serine/threonine-protein kinase 24,Mental health,X29065#12.Symptoms of panic attack_Afraid of losing control or 'going crazy',35782,-0.0134340301017485,0.0862798518475713,-0.182542539722988,0.155674479519491,0.876271523470596
STK24,Serine/threonine-protein kinase 24,Mental health,X29065#13.Symptoms of panic attack_Afraid I was going to die,35782,-0.03952404053333,0.0848510346279762,-0.205832068404163,0.126783987337503,0.641369174372964
STK24,Serine/threonine-protein kinase 24,Mental health,X29065#2.Symptoms of panic attack_Sweating,35782,-0.00612069593356566,0.053093583230225,-0.110184119064807,0.0979427271976753,0.908225403120179
STK24,Serine/threonine-protein kinase 24,Mental health,X29065#3.Symptoms of panic attack_Trembling or shaking,35782,0.00429372424753962,0.0657990113179871,-0.124672337935715,0.133259786430794,0.947972668783268
STK24,Serine/threonine-protein kinase 24,Mental health,X29065#6.Symptoms of panic attack_Pain or discomfort in chest,35782,0.0248991496092469,0.0628404583008981,-0.0982681486605134,0.148066447879007,0.691948602194343
STK24,Serine/threonine-protein kinase 24,Mental health,X29065#7.Symptoms of panic attack_Nauseous or felt sick in the stomach,35782,-0.0242702572431594,0.0623608350680353,-0.146497493976509,0.0979569794901899,0.697146618797504
STK24,Serine/threonine-protein kinase 24,Mental health,X29065#9.Symptoms of panic attack_Felt hot or cold,35782,-0.0574105061100328,0.0823997391321222,-0.218913994808992,0.104092982588927,0.485993297690201
STK24,Serine/threonine-protein kinase 24,Mental health,X29076.Felt loved as a child,35737,-0.0147529307472905,0.0342586651417893,-0.0818999144251975,0.0523940529306164,0.666747848550683
STK24,Serine/threonine-protein kinase 24,Mental health,X29077.Physically abused by family as a child,35748,-0.00470687489395383,0.0442435982084455,-0.0914243273825071,0.0820105775945994,0.915279527201493
STK24,Serine/threonine-protein kinase 24,Mental health,X29078.Felt hated by family member as a child,35740,0.0393281934012103,0.0499466396830703,-0.0585672203776075,0.137223607180028,0.431071441990367
STK24,Serine/threonine-protein kinase 24,Mental health,X29079.Sexually molested as a child,35724,0.106932312996082,0.0732220945730696,-0.0365829923671343,0.250447618359299,0.144228917953405
STK24,Serine/threonine-protein kinase 24,Mental health,X29080.Someone to take to doctor when needed as a child,35735,-0.0549920624604941,0.0525558687883074,-0.158001565285577,0.0480174403645884,0.295432916338028
STK24,Serine/threonine-protein kinase 24,Mental health,X29081.Stopped from seeing friends or family by partner or ex-partner as an adult,35747,0.0458575945153999,0.0755160744739903,-0.102153911453621,0.193869100484421,0.543700282295249
STK24,Serine/threonine-protein kinase 24,Mental health,X29082.Belittlement by partner or ex-partner as an adult,35719,0.0658320035325102,0.0640475417687049,-0.0597011783341514,0.191365185399172,0.304049899722388
STK24,Serine/threonine-protein kinase 24,Mental health,X29083.Physical violence by partner or ex-partner as an adult,35757,0.0650305170148267,0.0725180554529321,-0.0771048716729202,0.207165905702574,0.369882862114731
STK24,Serine/threonine-protein kinase 24,Mental health,X29084.Sexual interference by partner or ex-partner without consent as an adult,35750,0.0712758694107576,0.219534485607154,-0.359011722379264,0.501563461200779,0.745441693320973
STK24,Serine/threonine-protein kinase 24,Mental health,X29085.Sexual intercourse by partner or ex-partner without consent as an adult,35743,0.0922524384462144,0.139870248588094,-0.18189324878645,0.366398125678878,0.509559253381762
STK24,Serine/threonine-protein kinase 24,Mental health,X29086.Experienced a violent or sexual assault,35763,0.0337960103873337,0.077017836995463,-0.117158950123774,0.184750970898441,0.660814206708246
STK24,Serine/threonine-protein kinase 24,Mental health,X29087.Experienced a life-threatening injury or illness,35755,-0.063583707638853,0.0392112308040501,-0.140437720014791,0.0132703047370851,0.104939779788155
STK24,Serine/threonine-protein kinase 24,Mental health,X29088.Experienced a marital separation or divorce,35753,-0.0149758884954927,0.0389913751508689,-0.0913989837911957,0.0614472068002104,0.700929030499684
STK24,Serine/threonine-protein kinase 24,Mental health,X29089.Experienced the death of a spouse or partner,35764,-0.0235629165308357,0.0597736413790367,-0.140719253633748,0.0935934205720763,0.693443303925653
STK24,Serine/threonine-protein kinase 24,Mental health,X29090.Experienced the death of a close friend or family member due to suicide,35758,0.0200275781506783,0.0476947009552587,-0.0734540357216286,0.113509192022985,0.674562332434616
STK24,Serine/threonine-protein kinase 24,Lifestyle factors,X29091.Frequency of drinking alcohol,35750,-0.0705333460840249,0.0314847577288846,-0.132243471232639,-0.00882322093541105,0.0251060933709594
STK24,Serine/threonine-protein kinase 24,Lifestyle factors,X29092.Amount of alcohol drunk on a typical drinking day,35161,-0.0580935102523123,0.0336169526717609,-0.123982737488964,0.00779571698433896,0.0840170813110339
STK24,Serine/threonine-protein kinase 24,Lifestyle factors,X29093.Frequency of consuming six or more units of alcohol,35181,-0.0408536437411968,0.0334303746329242,-0.106377178021728,0.0246698905393347,0.221731892588281
STK24,Serine/threonine-protein kinase 24,Mental health,X29104.Ever used cannabis,35744,-0.030174110657561,0.0419549518818511,-0.112405816345989,0.0520575950308671,0.472039629144279
STK24,Serine/threonine-protein kinase 24,Mental health,X29108.Ever thought that life not worth living,35718,0.0379232610624004,0.0423163207525025,-0.0450167276125046,0.120863249737305,0.370184160911911
STK24,Serine/threonine-protein kinase 24,Mental health,X29109.Ever contemplated self-harm,35724,0.0531254333706252,0.0590659249231009,-0.0626437794786527,0.168894646219903,0.368456156607056
STK24,Serine/threonine-protein kinase 24,Mental health,X29111.Ever self-harmed,35736,0.110930776579083,0.102971439643638,-0.0908932451224475,0.312754798280613,0.281384225144047
STK24,Serine/threonine-protein kinase 24,Diet and food preferences,X29132.Ever had recurrent episodes of excessive overeating or binge eating,35738,0.0686121409984237,0.0647329759240376,-0.0582644918126899,0.195488773809537,0.28921429790801
STK24,Serine/threonine-protein kinase 24,Diet and food preferences,X29136#1.Actions and feelings during periods of overeating or binge eating_Eaten much more rapidly than normal,36376,0.152621132120171,0.0814157938917784,-0.00695382390771437,0.312196088148057,0.0608867780967215
STK24,Serine/threonine-protein kinase 24,Diet and food preferences,X29136#2.Actions and feelings during periods of overeating or binge eating_Eaten until feeling uncomfortably full,36376,0.0178008184951526,0.0640381577677668,-0.10771397072967,0.143315607719976,0.781041198690168
STK24,Serine/threonine-protein kinase 24,Diet and food preferences,X29136#3.Actions and feelings during periods of overeating or binge eating_Eaten large amounts of food when not physically hungry,36376,0.083085729809244,0.080969196672411,-0.0756138956686815,0.24178535528717,0.304857526846111
STK24,Serine/threonine-protein kinase 24,Diet and food preferences,X29136#4.Actions and feelings during periods of overeating or binge eating_Eaten alone because of feeling embarrassed by overeating,36376,0.0402302691167387,0.129175594612706,-0.212953896324165,0.293414434557642,0.7554755459665
STK24,Serine/threonine-protein kinase 24,Diet and food preferences,X29149.Dependency of self-esteem on body shape or weight currently,35727,-0.0452886216497025,0.0363936039025042,-0.116620085298611,0.0260428419992056,0.213389055177934
STK24,Serine/threonine-protein kinase 24,Health and medical history,X29153.Pain or discomfort today,35741,0.0155629421362226,0.033341821344154,-0.0497870276983194,0.0809129119707645,0.640679112714253
STK24,Serine/threonine-protein kinase 24,Mental health,X29154.Anxiety or depression today,35741,-0.0305154996205056,0.0443335203560578,-0.117409199518379,0.0563782002773677,0.491275775665844
STK24,Serine/threonine-protein kinase 24,Mental health,X29166.Frequency of confiding in someone close,35575,0.0101728882586812,0.0332128919600068,-0.0549243799829322,0.0752701565002945,0.75939044189736
STK24,Serine/threonine-protein kinase 24,Lifestyle factors,X29167#0.Sports and social activities attended in person at least once a week_None of the above,35724,-0.00432488165828198,0.0169949781151611,-0.0376350387639977,0.0289852754474338,0.799132115225728
STK24,Serine/threonine-protein kinase 24,Lifestyle factors,X29167#1.Sports and social activities attended in person at least once a week_Sports club or gym or fitness class,35724,7.66444496524933e-05,0.0175556882264912,-0.0343325044742703,0.0344857933735753,0.996516736799084
STK24,Serine/threonine-protein kinase 24,Lifestyle factors,X29167#2.Sports and social activities attended in person at least once a week_Pub or social club,35724,0.0317997494894305,0.0186947290815962,-0.00484191951049806,0.068441418489359,0.0889864741445734
STK24,Serine/threonine-protein kinase 24,Lifestyle factors,X29167#3.Sports and social activities attended in person at least once a week_Religious group,35724,0.0290333242718158,0.025988897351484,-0.0219049145370929,0.0799715630807245,0.26397070521446
STK24,Serine/threonine-protein kinase 24,Lifestyle factors,X29167#4.Sports and social activities attended in person at least once a week_Adult education class,35724,0.00583469239654345,0.0517332557162515,-0.0955624888073094,0.107231873600396,0.910204845182598
STK24,Serine/threonine-protein kinase 24,Lifestyle factors,X29167#5.Sports and social activities attended in person at least once a week_Other group activity,35724,-0.00966833029633522,0.0189829841126349,-0.0468749791570997,0.0275383185644293,0.610546786940078
STK24,Serine/threonine-protein kinase 24,Lifestyle factors,X29168#0.Sports and social activities attended virtually at least once a week_None of the above,35719,-0.0138331177371912,0.0199853915036181,-0.0530044850842827,0.0253382496099003,0.488858513895797
STK24,Serine/threonine-protein kinase 24,Lifestyle factors,X29168#1.Sports and social activities attended virtually at least once a week_Sports club or gym or fitness class,35719,-0.038151850721035,0.0313474093003686,-0.0995927729497574,0.0232890715076874,0.223619635636713
STK24,Serine/threonine-protein kinase 24,Lifestyle factors,X29168#2.Sports and social activities attended virtually at least once a week_Pub or social club,35719,0.0329223578937427,0.0360313293517312,-0.0376990476356504,0.103543763423136,0.360897683533228
STK24,Serine/threonine-protein kinase 24,Lifestyle factors,X29168#3.Sports and social activities attended virtually at least once a week_Religious group,35719,0.0928131957815185,0.0439861609572968,0.00660032030521676,0.17902607125782,0.0348884633924323
STK24,Serine/threonine-protein kinase 24,Lifestyle factors,X29168#4.Sports and social activities attended virtually at least once a week_Adult education class,35719,0.138788157642017,0.0714983543377208,-0.00134861685991547,0.27892493214395,0.0522809812350308
STK24,Serine/threonine-protein kinase 24,Lifestyle factors,X29168#5.Sports and social activities attended virtually at least once a week_Other group activity,35719,0.00922461072127756,0.0290949210799157,-0.0478014345953572,0.0662506560379123,0.751213239470923
STK24,Serine/threonine-protein kinase 24,Mental health,X29171.Frequency of feeling 'in tune' with people,35549,0.0561677946272963,0.0406109232348983,-0.0234296149131044,0.135765204167697,0.16668750550953
STK24,Serine/threonine-protein kinase 24,Mental health,X29172.Freuency of feeling that lacks companionship,35678,0.0135186510172499,0.0380622813285976,-0.0610834203868014,0.0881207224213011,0.722471433691435
STK24,Serine/threonine-protein kinase 24,Mental health,X29173.Frequency of feeling left out,35652,0.0311806265518699,0.0394985411780042,-0.0462365141570183,0.108597767260758,0.429897726835387
STK24,Serine/threonine-protein kinase 24,Mental health,X29174.Frequency of feeling isolated from others,35684,0.0400097033616586,0.0404011495334438,-0.0391765497238913,0.119195956447209,0.322055953193343
STK24,Serine/threonine-protein kinase 24,Mental health,X29175.Tendency to bounce back quickly after hard times,35734,0.0444434404149863,0.0327666526033014,-0.0197791986874844,0.108666079517457,0.175026978767036
STK24,Serine/threonine-protein kinase 24,Mental health,X29176.Ability to make it through stressful events,35734,-0.00327336830998181,0.0317573732260585,-0.0655178198330564,0.0589710832130928,0.917906917990183
STK24,Serine/threonine-protein kinase 24,Mental health,X29177.Quick recovery from stressful events,35734,0.0680706897975826,0.0325830687090314,0.00420787512788098,0.131933504467284,0.0367302142414266
STK24,Serine/threonine-protein kinase 24,Mental health,X29178.Hard to snap back when something bad happens,35734,-0.004544225160203,0.0319848166301212,-0.0672344657552405,0.0581460154348345,0.887025214725882
STK24,Serine/threonine-protein kinase 24,Mental health,X29179.Comes through difficult times with little trouble,35734,0.026823092157777,0.0326176867809895,-0.0371075739329625,0.0907537582485164,0.410906314598977
STK24,Serine/threonine-protein kinase 24,Mental health,X29180.Tendency to take a long time to get over setbacks,35734,-0.0231491431082506,0.0321047923957873,-0.0860745362039936,0.0397762499874924,0.470902724345951
STK24,Serine/threonine-protein kinase 24,Mental health,X29181.General happiness,35696,0.00938554372211815,0.0332876588644086,-0.0558582676521227,0.074629355096359,0.777988042446881
STK24,Serine/threonine-protein kinase 24,Mental health,X29182.Belief that own life is meaningful,35598,0.0126506742051536,0.0336211134334244,-0.0532467081243582,0.0785480565346655,0.706726312353769
STK24,Serine/threonine-protein kinase 24,Lifestyle factors,X2926.Number of unsuccessful stop-smoking attempts,34702,0.0135624102406767,0.0351404479781122,-0.0553128677964232,0.0824376882777766,0.699548118871352
STK24,Serine/threonine-protein kinase 24,Health and medical history,X2946.Father's age,33429,-0.00904877605438444,0.0151660644423394,-0.0387742623613696,0.0206767102526008,0.550771529293965
STK24,Serine/threonine-protein kinase 24,Health and medical history,X2966.Age high blood pressure diagnosed,35360,0.00798559341955235,0.0113173463371124,-0.0141964054011879,0.0301675922402926,0.480457178958937
STK24,Serine/threonine-protein kinase 24,Blood and urine assays,X30000.White blood cell (leukocyte) count,51093,0.0710357812757912,0.00482449245341084,0.061579776067106,0.0804917864844765,7.63492631929223e-49
STK24,Serine/threonine-protein kinase 24,Blood and urine assays,X30010.Red blood cell (erythrocyte) count,51094,0.00994316686104353,0.00520724722026045,-0.00026303769066696,0.020149371412754,0.056212104506887
STK24,Serine/threonine-protein kinase 24,Blood and urine assays,X30020.Haemoglobin concentration,51094,-0.0117379746986087,0.00548655786927604,-0.0224916281223897,-0.00098432127482764,0.0324135341195628
STK24,Serine/threonine-protein kinase 24,Blood and urine assays,X30030.Haematocrit percentage,51094,0.0018194219612308,0.00538087106797318,-0.00872708533199664,0.0123659292544582,0.735270056178164
STK24,Serine/threonine-protein kinase 24,Blood and urine assays,X30040.Mean corpuscular volume,51094,-0.0137734257496267,0.0047997098845471,-0.023180857123339,-0.00436599437591435,0.00411325910794187
STK24,Serine/threonine-protein kinase 24,Blood and urine assays,X30050.Mean corpuscular haemoglobin,51094,-0.0279140790257904,0.00481775729962266,-0.0373568833330508,-0.01847127471853,6.96467320094326e-09
STK24,Serine/threonine-protein kinase 24,Blood and urine assays,X30060.Mean corpuscular haemoglobin concentration,51094,-0.029863240306966,0.00468560612994585,-0.0390470283216599,-0.0206794522922722,1.88469066290654e-10
STK24,Serine/threonine-protein kinase 24,Blood and urine assays,X30070.Red blood cell (erythrocyte) distribution width,51094,0.0185460157704174,0.00490107982810574,0.00893989930733013,0.0281521322335046,0.00015468605809228
STK24,Serine/threonine-protein kinase 24,Blood and urine assays,X30080.Platelet count,51094,0.239794399375938,0.00451902887203451,0.23093710278675,0.248651695965126,0
STK24,Serine/threonine-protein kinase 24,Blood and urine assays,X30090.Platelet crit,51094,0.21990464015771,0.0046538754983468,0.21078304418095,0.22902623613447,0
STK24,Serine/threonine-protein kinase 24,Blood and urine assays,X30100.Mean platelet (thrombocyte) volume,51094,-0.0980953550004926,0.00448552525470401,-0.106886984499712,-0.0893037255012728,6.31116268400689e-105
STK24,Serine/threonine-protein kinase 24,Blood and urine assays,X30110.Platelet distribution width,51094,-0.0648797235316002,0.00464000842202415,-0.0739741400387676,-0.0557853070244329,3.04719287708319e-44
STK24,Serine/threonine-protein kinase 24,Blood and urine assays,X30120.Lymphocyte count,51057,0.0414319682115966,0.00469403659927213,0.0322316564770233,0.05063227994617,1.15721221101465e-18
STK24,Serine/threonine-protein kinase 24,Blood and urine assays,X30130.Monocyte count,51057,0.0375142670793667,0.00471457364462449,0.0282737027359027,0.0467548314228307,1.84419439350299e-15
STK24,Serine/threonine-protein kinase 24,Blood and urine assays,X30140.Neutrophill count,51057,0.0587105502270373,0.00477334073791934,0.0493548023807154,0.0680662980733592,1.17583850407366e-34
STK24,Serine/threonine-protein kinase 24,Blood and urine assays,X30150.Eosinophill count,51057,0.0330771300029948,0.00455854382816716,0.0241423840997872,0.0420118759062024,4.1143473401485e-13
STK24,Serine/threonine-protein kinase 24,Blood and urine assays,X30160.Basophill count,51057,0.12391693204468,0.0199979763172414,0.084720898462887,0.163112965626473,5.87462754037042e-10
STK24,Serine/threonine-protein kinase 24,Blood and urine assays,X30170.Nucleated red blood cell count,51057,-0.0672523965843195,0.102750299664084,-0.268642983925925,0.134138190757286,0.512781854383214
STK24,Serine/threonine-protein kinase 24,Blood and urine assays,X30180.Lymphocyte percentage,51058,-0.0138241101739315,0.00465491206430606,-0.0229477378199714,-0.00470048252789163,0.00298318606219799
STK24,Serine/threonine-protein kinase 24,Blood and urine assays,X30190.Monocyte percentage,51058,-0.0114590352130285,0.00467527219473985,-0.0206225687147186,-0.00229550171133837,0.0142540450875089
STK24,Serine/threonine-protein kinase 24,Blood and urine assays,X30200.Neutrophill percentage,51058,0.0122519801861754,0.00459284091119749,0.00325001200022831,0.0212539483721225,0.0076444121995866
STK24,Serine/threonine-protein kinase 24,Blood and urine assays,X30210.Eosinophill percentage,51058,0.0120852254613498,0.00452006799612957,0.00322589218893588,0.0209445587337638,0.00750777636874948
STK24,Serine/threonine-protein kinase 24,Blood and urine assays,X30220.Basophill percentage,51058,-0.011291893529017,0.00471716727445042,-0.0205375413869399,-0.00204624567109422,0.0166835849413868
STK24,Serine/threonine-protein kinase 24,Blood and urine assays,X30230.Nucleated red blood cell percentage,51056,-0.0804609651806229,0.10308893953004,-0.282515286659501,0.121593356298256,0.435104581609062
STK24,Serine/threonine-protein kinase 24,Blood and urine assays,X30240.Reticulocyte percentage,50711,0.0269057181267208,0.0049812312900386,0.0171425047982451,0.0366689314551965,6.67979851241082e-08
STK24,Serine/threonine-protein kinase 24,Blood and urine assays,X30250.Reticulocyte count,50711,0.0287062215159153,0.00502484609903564,0.0188575231618055,0.0385549198700252,1.12522419284028e-08
STK24,Serine/threonine-protein kinase 24,Blood and urine assays,X30260.Mean reticulocyte volume,50711,-0.0195616728981778,0.00470832446907526,-0.0287899888575653,-0.0103333569387903,3.26939076696798e-05
STK24,Serine/threonine-protein kinase 24,Blood and urine assays,X30270.Mean sphered cell volume,50711,-0.00248756715616995,0.00473656595540431,-0.0117712364287624,0.00679610211642249,0.59946077232386
STK24,Serine/threonine-protein kinase 24,Blood and urine assays,X30280.Immature reticulocyte fraction,50711,0.0033045010826585,0.00490269594507592,-0.0063047829696903,0.0129137851350073,0.500307464913554
STK24,Serine/threonine-protein kinase 24,Blood and urine assays,X30290.High light scatter reticulocyte percentage,50711,0.0201942734717117,0.00504845019322846,0.0102993110929839,0.0300892358504395,6.35233912865291e-05
STK24,Serine/threonine-protein kinase 24,Blood and urine assays,X30300.High light scatter reticulocyte count,50711,0.0221355583585151,0.00506769313968016,0.012202879804742,0.0320682369122883,1.25973903075866e-05
STK24,Serine/threonine-protein kinase 24,Blood and urine assays,X30500.Microalbumin in urine,36835,0.000225286995104591,0.00747994383901644,-0.0144354029293676,0.0148859769195768,0.975973030493406
STK24,Serine/threonine-protein kinase 24,Blood and urine assays,X30510.Creatinine (enzymatic) in urine,51133,0.00258684821242866,0.00507727445408623,-0.00736460971758035,0.0125383061424377,0.610409979111498
STK24,Serine/threonine-protein kinase 24,Blood and urine assays,X30520.Potassium in urine,51086,-0.00363682172118267,0.00473851161951422,-0.0129243044954305,0.0056506610530652,0.442790589384556
STK24,Serine/threonine-protein kinase 24,Blood and urine assays,X30530.Sodium in urine,51100,-0.00520895965592466,0.00489740136351715,-0.0148078663284183,0.00438994701656896,0.287513624038654
STK24,Serine/threonine-protein kinase 24,Blood and urine assays,X30600.Albumin,48960,0.0339087589650038,0.00503261684358283,0.0240448299515814,0.0437726879784261,1.65101378233876e-11
STK24,Serine/threonine-protein kinase 24,Blood and urine assays,X30610.Alkaline phosphatase,50654,0.02705341696229,0.00493661855724127,0.0173776445900971,0.0367291893344829,4.29613618420929e-08
STK24,Serine/threonine-protein kinase 24,Blood and urine assays,X30620.Alanine aminotransferase,50638,0.0100209821089631,0.00533329494237122,-0.000432275978084524,0.0204742401960106,0.0602648256676101
STK24,Serine/threonine-protein kinase 24,Blood and urine assays,X30630.Apolipoprotein A,48898,-0.0160595562420321,0.00544297380802739,-0.0267277849057658,-0.00539132757829845,0.00317610662265094
STK24,Serine/threonine-protein kinase 24,Blood and urine assays,X30640.Apolipoprotein B,50493,0.0487259735777986,0.00461049005339525,0.0396894130731439,0.0577625340824533,4.81951734068445e-26
STK24,Serine/threonine-protein kinase 24,Blood and urine assays,X30650.Aspartate aminotransferase,50573,-0.00129806570905385,0.0049140732171649,-0.0109296492146971,0.00833351779658935,0.791664734016315
STK24,Serine/threonine-protein kinase 24,Blood and urine assays,X30660.Direct bilirubin,49131,-0.0360611097626368,0.00500478750195749,-0.0458704932664735,-0.0262517262588001,5.99101948689547e-13
STK24,Serine/threonine-protein kinase 24,Blood and urine assays,X30670.Urea,50636,-0.0123419234708481,0.00482730717831219,-0.02180344554034,-0.00288040140135619,0.0105740039421334
STK24,Serine/threonine-protein kinase 24,Blood and urine assays,X30680.Calcium,48951,0.0672532814285267,0.00496536769217705,0.0575211607518597,0.0769854021051937,1.29423978825696e-41
STK24,Serine/threonine-protein kinase 24,Blood and urine assays,X30690.Cholesterol,50656,0.0471284122245812,0.00464460774933187,0.0380249810358908,0.0562318434132717,3.86443504178501e-24
STK24,Serine/threonine-protein kinase 24,Blood and urine assays,X30700.Creatinine,50644,-0.0251580663223417,0.00601426989633325,-0.0369460353191548,-0.0133700973255285,2.88720584842235e-05
STK24,Serine/threonine-protein kinase 24,Blood and urine assays,X30710.C-reactive protein,50576,0.0387613078348649,0.00515742824191429,0.0286527484807129,0.0488698671890169,5.88034354916341e-14
STK24,Serine/threonine-protein kinase 24,Blood and urine assays,X30720.Cystatin C,50661,0.0101434452969836,0.00556952244950553,-0.000772818704047244,0.0210597092980144,0.0685836954998512
STK24,Serine/threonine-protein kinase 24,Blood and urine assays,X30730.Gamma glutamyltransferase,50640,0.038414790112725,0.00562441018286267,0.0273909461543142,0.0494386340711359,8.71175276947401e-12
STK24,Serine/threonine-protein kinase 24,Blood and urine assays,X30740.Glucose,48927,0.0105403067955279,0.00474950959995782,0.00123126797961054,0.0198493456114452,0.0264813248176468
STK24,Serine/threonine-protein kinase 24,Blood and urine assays,X30750.Glycated haemoglobin (HbA1c),50564,0.0208803829939316,0.00477574880846363,0.0115199153293429,0.0302408506585203,1.23583183451573e-05
STK24,Serine/threonine-protein kinase 24,Blood and urine assays,X30760.HDL cholesterol,48940,-0.0344796511894229,0.00561999406325356,-0.0454948395533998,-0.0234644628254459,8.66367201657111e-10
STK24,Serine/threonine-protein kinase 24,Blood and urine assays,X30770.IGF-1,50553,-0.00838320404734029,0.00495003791342725,-0.0180852783576577,0.00131887026297712,0.0903624256989429
STK24,Serine/threonine-protein kinase 24,Blood and urine assays,X30780.LDL direct,50607,0.0450135574060435,0.00463393907051078,0.0359310368278424,0.0540960779842447,2.91650783030295e-22
STK24,Serine/threonine-protein kinase 24,Blood and urine assays,X30790.Lipoprotein A,46194,0.00107728369883964,0.00510823586351068,-0.00893485859364129,0.0110894259913206,0.832974352592037
STK24,Serine/threonine-protein kinase 24,Blood and urine assays,X30810.Phosphate,48897,0.0227218720813421,0.00485335581021532,0.01320929469332,0.0322344494693641,2.86368927936388e-06
STK24,Serine/threonine-protein kinase 24,Blood and urine assays,X30830.SHBG,48805,-0.0426953629893401,0.00645875630174705,-0.0553545253407644,-0.0300362006379159,3.92688830040259e-11
STK24,Serine/threonine-protein kinase 24,Blood and urine assays,X30840.Total bilirubin,50560,-0.0419441332142696,0.0050747729210471,-0.0518906881395219,-0.0319975782890173,1.4725208163153e-16
STK24,Serine/threonine-protein kinase 24,Blood and urine assays,X30850.Testosterone,50426,-0.029919753536758,0.00797509887164533,-0.0455509473251829,-0.0142885597483332,0.00017613130223817
STK24,Serine/threonine-protein kinase 24,Blood and urine assays,X30860.Total protein,48929,0.0841477615618917,0.0049011794644008,0.0745414498116661,0.0937540733121173,1.31793887059107e-65
STK24,Serine/threonine-protein kinase 24,Blood and urine assays,X30870.Triglycerides,50630,0.0937078877226912,0.00484962813517451,0.0842026165777492,0.103213158867633,1.66807408858035e-82
STK24,Serine/threonine-protein kinase 24,Blood and urine assays,X30880.Urate,50626,0.0238376840437264,0.00584938733030441,0.0123728848763298,0.0353024832111231,4.61270912146147e-05
STK24,Serine/threonine-protein kinase 24,Blood and urine assays,X30890.Vitamin D,49985,-0.0233534715151601,0.00524235424925646,-0.0336284858437028,-0.0130784571866175,8.4409744244242e-06
STK24,Serine/threonine-protein kinase 24,Physical measures,X3137.Number of measurements made,49395,0.0105761779526415,0.0240928282563483,-0.0366457654298011,0.0577981213350841,0.660683349983387
STK24,Serine/threonine-protein kinase 24,Physical measures,X3143.Ankle spacing width,41716,-0.0158052232981461,0.00849609358210459,-0.0324575667190711,0.000847120122778926,0.0628664514179783
STK24,Serine/threonine-protein kinase 24,Physical measures,"X3144.Heel Broadband ultrasound attenuation, direct entry",41715,-0.00867419184876797,0.00618808745961156,-0.0208028432696066,0.00345445957207069,0.161011636239267
STK24,Serine/threonine-protein kinase 24,Physical measures,X3146.Speed of sound through heel,41716,-0.0145502750969752,0.00597982544657592,-0.026270732972264,-0.00282981722168645,0.01497816813297
STK24,Serine/threonine-protein kinase 24,Physical measures,"X3147.Heel quantitative ultrasound index (QUI), direct entry",41716,-0.0130004602253539,0.00603564521296321,-0.0248303248427618,-0.001170595607946,0.03126248494188
STK24,Serine/threonine-protein kinase 24,Physical measures,X3148.Heel bone mineral density (BMD),41696,-0.012672563366671,0.00607224566075797,-0.0245741648617566,-0.000770961871585325,0.0369105991659659
STK24,Serine/threonine-protein kinase 24,Health and medical history,X3526.Mother's age at death,42447,-0.00277598160377851,0.00604262333435405,-0.0146195233391124,0.00906756013155542,0.645954107309101
STK24,Serine/threonine-protein kinase 24,Health and medical history,"X3761.Age hay fever, rhinitis or eczema diagnosed",32876,-0.000646426219617389,0.0113082946998766,-0.0228106838313755,0.0215178313921407,0.954417306197174
STK24,Serine/threonine-protein kinase 24,Physical measures,X4100.Ankle spacing width (left),36009,-0.0276768258835056,0.0114173181127601,-0.0500547693845155,-0.00529888238249581,0.0153697653368671
STK24,Serine/threonine-protein kinase 24,Physical measures,X4101.Heel broadband ultrasound attenuation (left),36007,-0.0126707243431055,0.00823007020953409,-0.0288016619537923,0.00346021326758134,0.123709248307648
STK24,Serine/threonine-protein kinase 24,Physical measures,X4103.Speed of sound through heel (left),36009,-0.00961774796631554,0.00789841273397497,-0.0250986369249065,0.00586314099227539,0.223383958077254
STK24,Serine/threonine-protein kinase 24,Physical measures,"X4104.Heel quantitative ultrasound index (QUI), direct entry (left)",36009,-0.0116291248572036,0.00800172727085702,-0.0273125103080834,0.00405426059367616,0.146175386758864
STK24,Serine/threonine-protein kinase 24,Physical measures,X4105.Heel bone mineral density (BMD) (left),35998,-0.0110437496865907,0.00804919056088047,-0.0268201631859164,0.00473266381273507,0.1700949746008
STK24,Serine/threonine-protein kinase 24,Physical measures,"X4106.Heel bone mineral density (BMD) T-score, automated (left)",36009,-0.0116451854500506,0.00800222716291937,-0.0273295506893726,0.00403917978927131,0.145644353566569
STK24,Serine/threonine-protein kinase 24,Physical measures,X4119.Ankle spacing width (right),35999,-0.00844657935097551,0.0112074015074777,-0.0304130863056317,0.0135199276036807,0.451076898584413
STK24,Serine/threonine-protein kinase 24,Physical measures,X4120.Heel broadband ultrasound attenuation (right),35998,-0.00929238032419493,0.00831277883083322,-0.025585426832628,0.00700066618423819,0.263670418372242
STK24,Serine/threonine-protein kinase 24,Physical measures,X4122.Speed of sound through heel (right),35999,-0.00610091803105812,0.00789721875547924,-0.0215794667917974,0.00937763072968118,0.439819292347697
STK24,Serine/threonine-protein kinase 24,Physical measures,"X4123.Heel quantitative ultrasound index (QUI), direct entry (right)",35999,-0.00737065263677311,0.00803161372934006,-0.0231126155462796,0.00837131027273341,0.358803205239372
STK24,Serine/threonine-protein kinase 24,Physical measures,X4124.Heel bone mineral density (BMD) (right),35988,-0.00537442868825977,0.00806847890214888,-0.0211886473364716,0.010439789959952,0.50536680242089
STK24,Serine/threonine-protein kinase 24,Physical measures,"X4125.Heel bone mineral density (BMD) T-score, automated (right)",35999,-0.00736820654209785,0.00803160292252883,-0.0231101482702544,0.00837373518605865,0.358962060112157
STK24,Serine/threonine-protein kinase 24,Physical measures,X4194.Pulse rate,36376,0.0301561586300689,0.00743082649650181,0.0155917386969253,0.0447205785632124,4.99257701297751e-05
STK24,Serine/threonine-protein kinase 24,Physical measures,X4195.Pulse wave reflection index,36376,-0.0208244263288933,0.00779925403442222,-0.0361109642363608,-0.00553788842142571,0.00759968296543446
STK24,Serine/threonine-protein kinase 24,Physical measures,X4196.Pulse wave peak to peak time,36368,0.000162853749498182,0.00862503475147759,-0.0167422143633979,0.0170679218623943,0.98493610828773
STK24,Serine/threonine-protein kinase 24,Physical measures,X4198.Position of the pulse wave peak,36376,0.014176991254126,0.00928252045362895,-0.0040167488349867,0.0323707313432388,0.126732516966194
STK24,Serine/threonine-protein kinase 24,Physical measures,X4199.Position of pulse wave notch,36376,0.02280206031282,0.00754876030893516,0.00800649010730706,0.0375976305183329,0.00253063757058103
STK24,Serine/threonine-protein kinase 24,Physical measures,X4200.Position of the shoulder on the pulse waveform,36376,0.00707107433994958,0.00945936071823232,-0.0114692726677858,0.0256114213476849,0.454771508513982
STK24,Serine/threonine-protein kinase 24,Physical measures,X4269.Number of triplets attempted (left),36150,-0.00382279401313885,0.100588827078104,-0.200976895086223,0.193331307059945,0.969685370803215
STK24,Serine/threonine-protein kinase 24,Physical measures,X4270.Volume level set by participant (left),36064,-0.0348500298587964,0.0311534248578837,-0.0959107425802484,0.0262106828626557,0.263322057961181
STK24,Serine/threonine-protein kinase 24,Physical measures,X4276.Number of triplets attempted (right),36155,-0.157912676968621,0.0961250534222993,-0.346317781676327,0.0304924277390859,0.100469367627428
STK24,Serine/threonine-protein kinase 24,Physical measures,X4277.Volume level set by participant (right),36065,-0.0186910861191645,0.0310506909223498,-0.0795504403269701,0.0421682680886411,0.547223078200102
STK24,Serine/threonine-protein kinase 24,Cognitive function,X4288.Time to answer,36340,0.0233534904698692,0.00888235057726381,0.00594408333843214,0.0407628976013062,0.00857548018710161
STK24,Serine/threonine-protein kinase 24,Cognitive function,X4290.Duration screen displayed,36340,-0.00657759129506681,0.00833646371922615,-0.0229170601847501,0.00976187759461646,0.430127660931242
STK24,Serine/threonine-protein kinase 24,Physical measures,X46.Hand grip strength (left),51673,-0.00579103523408723,0.0061798646739523,-0.0179035699950337,0.00632149952685927,0.348726580260996
STK24,Serine/threonine-protein kinase 24,Physical measures,X47.Hand grip strength (right),51677,-0.00938773592013301,0.00609682280455543,-0.0213375086170617,0.00256203677679563,0.123628895257375
STK24,Serine/threonine-protein kinase 24,Physical measures,X48.Waist circumference,51729,0.0303812006399497,0.0115391672623592,0.00776443280572561,0.0529979684741739,0.00847214396733299
STK24,Serine/threonine-protein kinase 24,Health and medical history,X4803.Tinnitus,36197,-0.0594751312325653,0.0357800037102222,-0.129603938504601,0.0106536760394703,0.0965049379465977
STK24,Serine/threonine-protein kinase 24,Working and living environment,X4825.Noisy workplace,36274,0.0401409830044409,0.0338730969462767,-0.0262502870102614,0.106532253019143,0.236038242345234
STK24,Serine/threonine-protein kinase 24,Working and living environment,X4836.Loud music exposure frequency,36225,0.051188682249133,0.0451236728519665,-0.0372537165407213,0.139631081038987,0.256658866591779
STK24,Serine/threonine-protein kinase 24,Physical measures,X49.Hip circumference,51723,-0.0286439949181202,0.00851062916519361,-0.0453248280818996,-0.0119631617543407,0.000764813919781338
STK24,Serine/threonine-protein kinase 24,Physical measures,X50.Standing height,51683,-0.029867941183992,0.00645599817901998,-0.0425216976148711,-0.0172141847531128,3.7412111304016e-06
STK24,Serine/threonine-protein kinase 24,Health and medical history,X5057.Number of older siblings,35361,0.0481012804743282,0.0331604551421904,-0.016893211604365,0.113095772553021,0.146948391600877
STK24,Serine/threonine-protein kinase 24,Physical measures,X51.Seated height,51583,-0.0239703059768589,0.00561937347362694,-0.0349842779851677,-0.0129563339685501,2.00113401529504e-05
STK24,Serine/threonine-protein kinase 24,Eye measures,X5181.Ever had eye surgery,33816,-0.0870921662674665,0.076306752237497,-0.236653400652961,0.0624690681180276,0.253779691969695
STK24,Serine/threonine-protein kinase 24,Eye measures,X5186.Duration visual-acuity screen displayed (right),33805,0.0101609110484106,0.00966304374781687,-0.00877865469731049,0.0291004767941317,0.293067347476117
STK24,Serine/threonine-protein kinase 24,Eye measures,X5188.Duration visual-acuity screen displayed (left),33801,0.0305683927327949,0.00993841082373693,0.0110891075182705,0.0500476779473193,0.00211041207642172
STK24,Serine/threonine-protein kinase 24,Eye measures,X5190.Duration at which refractometer first shown (right),33750,0.0261563659943893,0.00995667915963299,0.00664127484150867,0.04567145714727,0.00863922405128619
STK24,Serine/threonine-protein kinase 24,Eye measures,X5193.Duration at which refractometer first shown (left),33746,0.0290582314145173,0.00999328280918234,0.00947139710851987,0.0486450657205146,0.00365564874091641
STK24,Serine/threonine-protein kinase 24,Eye measures,"X5199.logMAR, initial (right)",33783,0.0565806388303749,0.0387153267896592,-0.0193014016773572,0.132462679338107,0.143951739020663
STK24,Serine/threonine-protein kinase 24,Eye measures,X5200.Final number of letters displayed (right),33783,0.0508961102810709,0.256765331448266,-0.45236393935753,0.554156159919672,0.842880454251504
STK24,Serine/threonine-protein kinase 24,Eye measures,"X5201.logMAR, final (right)",33723,0.00656437685459551,0.00956920787673798,-0.0121912705838109,0.025320024293002,0.492750724536905
STK24,Serine/threonine-protein kinase 24,Eye measures,X5202.Number of rounds to result (right),33783,0.0632681035988751,0.0364806379251537,-0.00823394673442615,0.134770153932176,0.0829257466310774
STK24,Serine/threonine-protein kinase 24,Eye measures,"X5206.logMAR, initial (left)",33778,0.0516328171709489,0.0385127027633332,-0.0238520802451843,0.127117714587082,0.180086511041331
STK24,Serine/threonine-protein kinase 24,Eye measures,X5207.Final number of letters displayed (left),33778,0.220186129682157,0.238286727423108,-0.246855856067135,0.68722811543145,0.355509302980428
STK24,Serine/threonine-protein kinase 24,Eye measures,"X5208.logMAR, final (left)",33732,0.00411072022574821,0.00968615866074367,-0.0148741507493094,0.0230955912008058,0.671298347201552
STK24,Serine/threonine-protein kinase 24,Eye measures,X5209.Number of rounds to result (left),33775,0.0822119940115559,0.0364481028618508,0.0107737124023284,0.153650275620783,0.0241379704279384
STK24,Serine/threonine-protein kinase 24,Eye measures,"X5254.Intra-ocular pressure, corneal-compensated (right)",33580,0.00528634312617688,0.00958663178775756,-0.0135034551778279,0.0240761414301817,0.581364626630405
STK24,Serine/threonine-protein kinase 24,Eye measures,"X5255.Intra-ocular pressure, Goldmann-correlated (right)",33580,0.0229859630346999,0.0094094483327818,0.00454344430244759,0.0414284817669522,0.0146059093057731
STK24,Serine/threonine-protein kinase 24,Eye measures,X5256.Corneal hysteresis (right),33580,0.0237820487728988,0.00979278102178294,0.00458819797020425,0.0429758995755934,0.0151954016341029
STK24,Serine/threonine-protein kinase 24,Eye measures,X5257.Corneal resistance factor (right),33580,0.0315531609140999,0.00965053564378696,0.0126381110522775,0.0504682107759224,0.00108440736667621
STK24,Serine/threonine-protein kinase 24,Eye measures,"X5262.Intra-ocular pressure, corneal-compensated (left)",33557,0.0219979278889507,0.00965741886347499,0.00306938691653971,0.0409264688613617,0.0227792821519896
STK24,Serine/threonine-protein kinase 24,Eye measures,"X5263.Intra-ocular pressure, Goldmann-correlated (left)",33557,0.0362098805828569,0.00956149552720327,0.0174693493495385,0.0549504118161753,0.000154249512319339
STK24,Serine/threonine-protein kinase 24,Eye measures,X5264.Corneal hysteresis (left),33557,0.0145023020113751,0.00969102600813443,-0.00449210896456834,0.0334967129873186,0.134595627866032
STK24,Serine/threonine-protein kinase 24,Eye measures,X5265.Corneal resistance factor (left),33557,0.0314566508464007,0.00962209279144989,0.0125973489751589,0.0503159527176425,0.00108583908143326
STK24,Serine/threonine-protein kinase 24,Lifestyle factors,X5364.Average weekly intake of other alcoholic drinks,34461,0.058996549170386,0.176579605288238,-0.28709947719456,0.405092575535332,0.738310487598496
STK24,Serine/threonine-protein kinase 24,Diet and food preferences,"X6144#1.Never eat eggs, dairy, wheat, sugar_Eggs or foods containing eggs",51662,-0.0219615700799883,0.0252441577154847,-0.0714401192023383,0.0275169790423617,0.38432779788257
STK24,Serine/threonine-protein kinase 24,Diet and food preferences,"X6144#2.Never eat eggs, dairy, wheat, sugar_Dairy products",51662,-0.0108393362550643,0.0293864075304363,-0.0684366950147194,0.0467580225045909,0.712238865286311
STK24,Serine/threonine-protein kinase 24,Diet and food preferences,"X6144#3.Never eat eggs, dairy, wheat, sugar_Wheat products",51662,0.00922554387072935,0.0706126249849641,-0.1291752010998,0.147626288841259,0.896053277480155
STK24,Serine/threonine-protein kinase 24,Diet and food preferences,"X6144#4.Never eat eggs, dairy, wheat, sugar_Sugar or foods or drinks containing sugar",51662,-0.0201583531711538,0.0114847740702875,-0.0426685103489173,0.00235180400660973,0.0792342453454525
STK24,Serine/threonine-protein kinase 24,Diet and food preferences,"X6144#5.Never eat eggs, dairy, wheat, sugar_I eat all of the above",51662,0.019296951807217,0.0106458139843537,-0.00156884360211625,0.0401627472165502,0.0699014695387195
STK24,Serine/threonine-protein kinase 24,Mental health,"X6145#3.Illness, injury, bereavement, stress in last 2 years_Death of a close relative",38703,-0.0123430351336656,0.0137210713359603,-0.0392363349521478,0.0145502646848166,0.368371693820216
STK24,Serine/threonine-protein kinase 24,Mental health,"X6145#4.Illness, injury, bereavement, stress in last 2 years_Death of a spouse or partner",38703,0.00682988427441049,0.0428907218801175,-0.0772359306106198,0.0908956991594407,0.873483603144776
STK24,Serine/threonine-protein kinase 24,Mental health,"X6145#5.Illness, injury, bereavement, stress in last 2 years_Marital separation or divorce",38703,0.0329580416894876,0.0264179013207053,-0.0188210448990948,0.0847371282780701,0.212219421031182
STK24,Serine/threonine-protein kinase 24,Mental health,"X6145#6.Illness, injury, bereavement, stress in last 2 years_Financial difficulties",38703,0.0313064996818068,0.0159403210593279,6.34704055240479e-05,0.0625495289580895,0.0495595851772703
STK24,Serine/threonine-protein kinase 24,Eye measures,X6147#1.Reason for glasses or contact lenses_For short-sightedness,51730,-0.0115123012020245,0.0243788634733442,-0.0592948736097792,0.0362702712057302,0.636770874668879
STK24,Serine/threonine-protein kinase 24,Eye measures,X6147#2.Reason for glasses or contact lenses_For long-sightedness,51730,-0.0115123012020245,0.0243788634733442,-0.0592948736097792,0.0362702712057302,0.636770874668879
STK24,Serine/threonine-protein kinase 24,Eye measures,X6147#3.Reason for glasses or contact lenses_For just reading or near work as you are getting older (called 'presbyopia'),51730,0.00744902243394371,0.0177401076967834,-0.0273215886517517,0.0422196335196391,0.674564417059009
STK24,Serine/threonine-protein kinase 24,Eye measures,X6147#4.Reason for glasses or contact lenses_For 'astigmatism',51730,-0.0255082509080474,0.0312769394536941,-0.0868110522372878,0.035794550421193,0.414759681072626
STK24,Serine/threonine-protein kinase 24,Eye measures,X6147#5.Reason for glasses or contact lenses_For a 'squint' or 'turn' in an eye since childhood (called 'strabismus'),51730,0.0893811073563035,0.0726170954768031,-0.0529483997782306,0.231710614490838,0.218389656282973
STK24,Serine/threonine-protein kinase 24,Eye measures,X6147#6.Reason for glasses or contact lenses_For a 'lazy' eye or an eye with poor vision since childhood (called 'amblyopia'),51730,0.0567049363704215,0.0517796093669203,-0.0447830979887423,0.158192970729585,0.273475043046955
STK24,Serine/threonine-protein kinase 24,Eye measures,X6147#7.Reason for glasses or contact lenses_Other eye condition,51730,0.161804447319251,0.0780794059101736,0.00876881173531133,0.314840082903192,0.0382479347964885
STK24,Serine/threonine-protein kinase 24,Health and medical history,X6149#1.Mouth or teeth dental problems_Mouth ulcers,51661,0.00606344645316621,0.0157463858315406,-0.0247994697766534,0.0369263626829858,0.700189779914885
STK24,Serine/threonine-protein kinase 24,Health and medical history,X6149#2.Mouth or teeth dental problems_Painful gums,51661,0.0426609389140071,0.0276729366599153,-0.011578016939427,0.0968998947674411,0.123181561167445
STK24,Serine/threonine-protein kinase 24,Health and medical history,X6149#3.Mouth or teeth dental problems_Bleeding gums,51661,0.0374439087259453,0.0143976698227208,0.00922447587341259,0.065663341578478,0.00930952287194124
STK24,Serine/threonine-protein kinase 24,Health and medical history,X6149#4.Mouth or teeth dental problems_Loose teeth,51661,0.0190203367544393,0.0211668152230113,-0.022466621082663,0.0605072945915415,0.368879254109407
STK24,Serine/threonine-protein kinase 24,Health and medical history,X6149#5.Mouth or teeth dental problems_Toothache,51661,0.0295942963262665,0.0214520442097322,-0.0124517103248086,0.0716403029773415,0.167736768885984
STK24,Serine/threonine-protein kinase 24,Health and medical history,X6149#6.Mouth or teeth dental problems_Dentures,51661,0.00171480748325223,0.0121270531150949,-0.0220542166223338,0.0254838315888382,0.887552442304244
STK24,Serine/threonine-protein kinase 24,Health and medical history,X6150#1.Vascular or heart problems diagnosed by doctor_Heart attack,36943,-0.058443454633732,0.0227226725850843,-0.102979892900497,-0.0139070163669668,0.0101274833505598
STK24,Serine/threonine-protein kinase 24,Health and medical history,X6150#2.Vascular or heart problems diagnosed by doctor_Angina,36943,-0.0722737895818882,0.021526111506484,-0.114464968134597,-0.0300826110291796,0.000790042275986343
STK24,Serine/threonine-protein kinase 24,Health and medical history,X6150#3.Vascular or heart problems diagnosed by doctor_Stroke,36943,-0.0258266862409873,0.0314358212039922,-0.0874408958008121,0.0357875233188375,0.411345895099948
STK24,Serine/threonine-protein kinase 24,Health and medical history,X6150#4.Vascular or heart problems diagnosed by doctor_High blood pressure,36943,0.0528466710415039,0.0234347797069849,0.00691450281581354,0.0987788392671943,0.0241558114647527
STK24,Serine/threonine-protein kinase 24,Health and medical history,X6151#1.Fractured bone site(s)_Ankle,51607,-0.0689372205501184,0.0425488337382678,-0.152332934677123,0.0144584935768865,0.105205044589213
STK24,Serine/threonine-protein kinase 24,Health and medical history,X6151#2.Fractured bone site(s)_Leg,51607,0.0269938262941529,0.0526327762272198,-0.0761664151111978,0.130154067699504,0.608046461640226
STK24,Serine/threonine-protein kinase 24,Health and medical history,X6151#3.Fractured bone site(s)_Hip,51607,-0.151859356261417,0.107913179162306,-0.363369187419538,0.0596504748967031,0.159370803543063
STK24,Serine/threonine-protein kinase 24,Health and medical history,X6151#4.Fractured bone site(s)_Spine,51607,0.0509991861542377,0.0995141193923738,-0.144048487854815,0.24604686016329,0.608318696252382
STK24,Serine/threonine-protein kinase 24,Health and medical history,X6151#5.Fractured bone site(s)_Wrist,51607,0.101919769880048,0.040351382904945,0.0228310593863563,0.181008480373741,0.0115499719753943
STK24,Serine/threonine-protein kinase 24,Health and medical history,X6151#6.Fractured bone site(s)_Arm,51607,0.0420189903098774,0.0472610531909068,-0.0506126739442999,0.134650654564055,0.373967868414708
STK24,Serine/threonine-protein kinase 24,Health and medical history,X6151#7.Fractured bone site(s)_Other bones,51607,-0.000918676716692181,0.0199420412205816,-0.040005077509032,0.0381677240756477,0.96325698014726
STK24,Serine/threonine-protein kinase 24,Health and medical history,"X6152#5.Blood clot, DVT, bronchitis, emphysema, asthma, rhinitis, eczema, allergy diagnosed by doctor_Blood clot in the leg (DVT)",35514,-0.0134377469895203,0.0343719438165982,-0.0808067568700527,0.0539312628910121,0.695845475997423
STK24,Serine/threonine-protein kinase 24,Health and medical history,"X6152#6.Blood clot, DVT, bronchitis, emphysema, asthma, rhinitis, eczema, allergy diagnosed by doctor_Emphysema or chronic bronchitis",35514,0.0116423948294479,0.0338724755715837,-0.0547476572908561,0.078032446949752,0.731072926339219
STK24,Serine/threonine-protein kinase 24,Health and medical history,"X6152#7.Blood clot, DVT, bronchitis, emphysema, asthma, rhinitis, eczema, allergy diagnosed by doctor_Blood clot in the lung",35514,-0.0764870148629375,0.0476516152872939,-0.169884180826034,0.0169101511001585,0.108510972344205
STK24,Serine/threonine-protein kinase 24,Health and medical history,"X6152#8.Blood clot, DVT, bronchitis, emphysema, asthma, rhinitis, eczema, allergy diagnosed by doctor_Asthma",35514,0.0583863443011854,0.0173103462044958,0.0244580657403735,0.0923146228619972,0.000747850396563143
STK24,Serine/threonine-protein kinase 24,Health and medical history,"X6154#1.Medication for pain relief, constipation, heartburn_Aspirin",38571,-0.022164947793178,0.0146118740821822,-0.050804220994255,0.00647432540789907,0.129320248137898
STK24,Serine/threonine-protein kinase 24,Health and medical history,"X6154#2.Medication for pain relief, constipation, heartburn_Ibuprofen",38571,0.00470433009753029,0.0161733180360627,-0.0269953732531527,0.0364040334482132,0.771156934061053
STK24,Serine/threonine-protein kinase 24,Health and medical history,"X6154#3.Medication for pain relief, constipation, heartburn_Paracetamol",38571,0.0335495866826785,0.0143301124016209,0.00546256637550148,0.0616366069898555,0.0192417194278434
STK24,Serine/threonine-protein kinase 24,Health and medical history,"X6154#4.Medication for pain relief, constipation, heartburn_Ranitidine",38572,0.0311195587008194,0.0334070084061955,-0.0343581777753238,0.0965972951769627,0.351603136827146
STK24,Serine/threonine-protein kinase 24,Health and medical history,"X6154#5.Medication for pain relief, constipation, heartburn_Omeprazole",38572,-0.0262216923557747,0.019846936776311,-0.0651216884373443,0.0126783037257949,0.186466352473067
STK24,Serine/threonine-protein kinase 24,Health and medical history,"X6154#6.Medication for pain relief, constipation, heartburn_Laxatives",38572,0.0473971786274745,0.0360735025525769,-0.0233068863755763,0.118101243630525,0.188908183487723
STK24,Serine/threonine-protein kinase 24,Health and medical history,X6155#1.Vitamin and mineral supplements_Vitamin A,51661,0.0146515029814926,0.0312032731771262,-0.0465069124456747,0.0758099184086599,0.638680855045944
STK24,Serine/threonine-protein kinase 24,Health and medical history,X6155#2.Vitamin and mineral supplements_Vitamin B,51661,0.0193939242810202,0.0250598048504999,-0.0297232932259596,0.068511141788,0.438994528190855
STK24,Serine/threonine-protein kinase 24,Health and medical history,X6155#3.Vitamin and mineral supplements_Vitamin C,51661,0.0126291833993719,0.0498797796501274,-0.0851351847148778,0.110393551513622,0.800121760763354
STK24,Serine/threonine-protein kinase 24,Health and medical history,X6155#4.Vitamin and mineral supplements_Vitamin D,51661,0.00843087361425741,0.0280852909468434,-0.0466162966415557,0.0634780438700705,0.764036292683377
STK24,Serine/threonine-protein kinase 24,Health and medical history,X6155#5.Vitamin and mineral supplements_Vitamin E,51661,0.0191781046179876,0.0287258816663107,-0.0371246234479813,0.0754808326839565,0.504379945788863
STK24,Serine/threonine-protein kinase 24,Health and medical history,X6155#6.Vitamin and mineral supplements_Folic acid or Folate (Vit B9),51661,0.0271799686345931,0.0345299916810313,-0.0404988150602283,0.0948587523294145,0.431207480130509
STK24,Serine/threonine-protein kinase 24,Health and medical history,X6155#7.Vitamin and mineral supplements_Multivitamins + or - minerals,51661,-0.0325002877673199,0.0100573700306096,-0.0522127330273149,-0.012787842507325,0.00123319555778681
STK24,Serine/threonine-protein kinase 24,Lifestyle factors,X6157#1.Why stopped smoking_Illness or ill health,34064,0.0106777638561105,0.0250278185204537,-0.0383767604439787,0.0597322881561997,0.669661412075834
STK24,Serine/threonine-protein kinase 24,Lifestyle factors,X6157#2.Why stopped smoking_Doctor's advice,34064,-0.0236266310148366,0.0301652538222175,-0.0827505285063829,0.0354972664767096,0.433520182687464
STK24,Serine/threonine-protein kinase 24,Lifestyle factors,X6157#3.Why stopped smoking_Health precaution,34064,-0.00785489231461475,0.0222972360457103,-0.0515574749642069,0.0358476903349774,0.724641132212074
STK24,Serine/threonine-protein kinase 24,Lifestyle factors,X6157#4.Why stopped smoking_Financial reasons,34064,0.0030441618145218,0.0197350125405638,-0.0356364627649832,0.0417247863940268,0.877416872995323
STK24,Serine/threonine-protein kinase 24,Health and medical history,X6159#1.Pain type(s) experienced in last month_Headache,51765,0.0225591251406453,0.012240959583068,-0.00143315564216811,0.0465514059234586,0.0653532705073222
STK24,Serine/threonine-protein kinase 24,Health and medical history,X6159#2.Pain type(s) experienced in last month_Facial pain,51765,0.0844414102855834,0.0403782325370921,0.0053000745128829,0.163582746058284,0.0365155674469929
STK24,Serine/threonine-protein kinase 24,Health and medical history,X6159#3.Pain type(s) experienced in last month_Neck or shoulder pain,51765,-0.0146737764439278,0.0107572400701045,-0.0357579669813326,0.00641041409347702,0.172554459324648
STK24,Serine/threonine-protein kinase 24,Health and medical history,X6159#4.Pain type(s) experienced in last month_Back pain,51765,0.0128638114865909,0.010053845679586,-0.00684172604539778,0.0325693490185795,0.200736796940017
STK24,Serine/threonine-protein kinase 24,Health and medical history,X6159#5.Pain type(s) experienced in last month_Stomach or abdominal pain,51765,0.029579557600457,0.0170140834752805,-0.00376804601109267,0.0629271612120067,0.0821301024391103
STK24,Serine/threonine-protein kinase 24,Health and medical history,X6159#6.Pain type(s) experienced in last month_Hip pain,51765,0.0140353881456351,0.0153831358611621,-0.0161155581422427,0.0441863344335129,0.361574013416103
STK24,Serine/threonine-protein kinase 24,Health and medical history,X6159#7.Pain type(s) experienced in last month_Knee pain,51765,0.000719747034675789,0.0108465423908778,-0.0205394760514446,0.0219789701207962,0.94709395462731
STK24,Serine/threonine-protein kinase 24,Health and medical history,X6159#8.Pain type(s) experienced in last month_Pain all over the body,51765,-0.0139247332910068,0.0356967383720713,-0.0838903405002665,0.0560408739182529,0.696477879383252
STK24,Serine/threonine-protein kinase 24,Lifestyle factors,X6160#1.Leisure or social activities_Sports club or gym,44708,-0.0241473529199965,0.0111735553681167,-0.0460475214415051,-0.00224718439848778,0.0307010436313433
STK24,Serine/threonine-protein kinase 24,Lifestyle factors,X6160#2.Leisure or social activities_Pub or social club,44708,0.0120583532810913,0.0109885820872886,-0.00947926760999432,0.0335959741721769,0.272503523757786
STK24,Serine/threonine-protein kinase 24,Lifestyle factors,X6160#3.Leisure or social activities_Religious group,44708,-0.0165126511347335,0.0142284933989183,-0.0444004981966134,0.0113751959271465,0.245848636258453
STK24,Serine/threonine-protein kinase 24,Lifestyle factors,X6160#4.Leisure or social activities_Adult education class,44709,-0.00578891906891808,0.0221749950286008,-0.0492519093249757,0.0376740711871395,0.794052535398046
STK24,Serine/threonine-protein kinase 24,Lifestyle factors,X6160#5.Leisure or social activities_Other group activity,44709,0.0121756843069615,0.0125853147648544,-0.0124915326321531,0.0368429012460762,0.333332794030577
STK24,Serine/threonine-protein kinase 24,Physical activities,X6162#1.Types of transport used (excluding work)_Car or motor vehicle,51547,0.00217383736388784,0.0115717460708664,-0.0205067849350104,0.0248544596627861,0.850990150946363
STK24,Serine/threonine-protein kinase 24,Physical activities,X6162#2.Types of transport used (excluding work)_Walk,51547,0.00960405977466467,0.00908249758988519,-0.0081976355015103,0.0274057550508396,0.29032881034159
STK24,Serine/threonine-protein kinase 24,Physical activities,X6162#3.Types of transport used (excluding work)_Public transport,51547,0.0188129855451271,0.0102565885001672,-0.00128992791520062,0.0389158990054547,0.0666321756193188
STK24,Serine/threonine-protein kinase 24,Physical activities,X6162#4.Types of transport used (excluding work)_Cycle,51547,0.00523215681004444,0.0157246855245984,-0.0255882268181685,0.0360525404382573,0.739337195379611
STK24,Serine/threonine-protein kinase 24,Physical activities,X6164#1.Types of physical activity in last 4 weeks_Walking for pleasure (not as a means of transport),51569,0.0136413155739298,0.00978063782753857,-0.00552873456804575,0.0328113657159054,0.16311179326354
STK24,Serine/threonine-protein kinase 24,Physical activities,X6164#3.Types of physical activity in last 4 weeks_Strenuous sports,51569,-0.00872748299349806,0.0136591807447034,-0.0354994772531166,0.0180445112661205,0.522864238025107
STK24,Serine/threonine-protein kinase 24,Health and medical history,X6179#1.Mineral and other dietary supplements_Fish oil (including cod liver oil),51661,0.00981377987463115,0.00998184583057965,-0.00975063795330496,0.0293781977025673,0.325537615912489
STK24,Serine/threonine-protein kinase 24,Health and medical history,X6179#2.Mineral and other dietary supplements_Glucosamine,51661,-0.00920784562396982,0.012525906700433,-0.0337586227568185,0.0153429315088789,0.462283560652227
STK24,Serine/threonine-protein kinase 24,Health and medical history,X6179#3.Mineral and other dietary supplements_Calcium,51661,0.0113998817806747,0.0267391927432943,-0.041008935996182,0.0638086995575315,0.669866973038636
STK24,Serine/threonine-protein kinase 24,Health and medical history,X6179#4.Mineral and other dietary supplements_Zinc,51661,-0.0233608598455728,0.0243520369283049,-0.0710908522250504,0.0243691325339048,0.337418709717625
STK24,Serine/threonine-protein kinase 24,Health and medical history,X6179#5.Mineral and other dietary supplements_Iron,51661,0.0563111657787841,0.0295337416330836,-0.00157496782205972,0.114197299379628,0.0565754570753805
STK24,Serine/threonine-protein kinase 24,Health and medical history,X6179#6.Mineral and other dietary supplements_Selenium,51661,0.0114448768741563,0.0304097997885994,-0.0481583307114986,0.0710480844598111,0.706656539263997
STK24,Serine/threonine-protein kinase 24,Physical measures,"X78.Heel bone mineral density (BMD) T-score, automated",41716,-0.0130013210359092,0.00603566367423068,-0.0248312218374013,-0.00117142023441707,0.0312518150515136
STK24,Serine/threonine-protein kinase 24,Physical activities,X864.Number of days or week walked 10+ minutes,51298,0.01239374106641,0.0178974082155762,-0.0226851790361193,0.0474726611689393,0.488637982782062
STK24,Serine/threonine-protein kinase 24,Physical activities,X874.Duration of walks,48715,-0.0041399455139024,0.00469305950961268,-0.0133383421527433,0.00505845112493845,0.377710492815135
STK24,Serine/threonine-protein kinase 24,Physical activities,X884.Number of days or week of moderate physical activity 10+ minutes,50710,0.0255439028248893,0.0172947191316847,-0.00835374667321265,0.0594415523229913,0.139696042245971
STK24,Serine/threonine-protein kinase 24,Physical activities,X894.Duration of moderate activity,46021,0.00633160618318033,0.0207662470234963,-0.0343702379828724,0.0470334503492331,0.760446784785642
STK24,Serine/threonine-protein kinase 24,Physical activities,X90087.No-wear time bias adjusted average acceleration,33235,0.00412194039603146,0.0103678659006794,-0.0161990767693002,0.0244429575613631,0.690966342785923
STK24,Serine/threonine-protein kinase 24,Physical activities,X904.Number of days or week of vigorous physical activity 10+ minutes,50639,-0.00610242961304908,0.0176343184760431,-0.0406656938260935,0.0284608345999954,0.729305301933828
STK24,Serine/threonine-protein kinase 24,Physical activities,X914.Duration of vigorous activity,41778,-0.0035586667194621,0.00565453271654775,-0.0146415508438957,0.00752421740497149,0.529132410376622
