Protein,Protein_definition,Trait_category,Trait,sample_size,Estimated_effect,se,lowerCI,upperCI,Pvalue
AMDHD2,N-acetylglucosamine-6-phosphate deacetylase,Lifestyle factors,X1050.Time spend outdoors in summer,47435,0.00781291906101832,0.0554891341686039,-0.100945783909445,0.116571622031482,0.888028800677972
AMDHD2,N-acetylglucosamine-6-phosphate deacetylase,Lifestyle factors,X1060.Time spent outdoors in winter,45571,0.107135001235267,0.0613956040123411,-0.0132003826289213,0.227470385099456,0.0810045555913745
AMDHD2,N-acetylglucosamine-6-phosphate deacetylase,Physical activities,X1070.Time spent watching television (TV),48470,0.0811817945767691,0.0565402305957171,-0.0296370573908364,0.192000646544375,0.151068784815039
AMDHD2,N-acetylglucosamine-6-phosphate deacetylase,Physical activities,X1080.Time spent using computer,45578,-0.0825850525136101,0.0549239127212267,-0.190235921447214,0.0250658164199943,0.132696830881766
AMDHD2,N-acetylglucosamine-6-phosphate deacetylase,Physical activities,X1090.Time spent driving,41972,-0.0455292387702365,0.0644449778393559,-0.171841395335374,0.080782917794901,0.479901113541366
AMDHD2,N-acetylglucosamine-6-phosphate deacetylase,Lifestyle factors,X1160.Sleep duration,49168,-0.0246338154638291,0.0496772912561649,-0.122001306325912,0.0727336753982542,0.619986802459429
AMDHD2,N-acetylglucosamine-6-phosphate deacetylase,Health and medical history,X120039#0.Location of pain during the past week_None of the given areas,34794,0.0157415886664153,0.0121326264031391,-0.0080383590837374,0.039521536416568,0.19452665333605
AMDHD2,N-acetylglucosamine-6-phosphate deacetylase,Health and medical history,X120039#1.Location of pain during the past week_Left shoulder,34794,-0.00663901445448126,0.0116175341641098,-0.0294093814161365,0.016131352507174,0.567707396148096
AMDHD2,N-acetylglucosamine-6-phosphate deacetylase,Health and medical history,X120039#10.Location of pain during the past week_Upper right leg,34794,0.00706157893996983,0.012704415179589,-0.0178390748120246,0.0319622326919642,0.578344768165198
AMDHD2,N-acetylglucosamine-6-phosphate deacetylase,Health and medical history,X120039#11.Location of pain during the past week_Lower left leg,34794,-0.00689465997278673,0.012826321016538,-0.0320342491652012,0.0182449292196278,0.590916055365639
AMDHD2,N-acetylglucosamine-6-phosphate deacetylase,Health and medical history,X120039#12.Location of pain during the past week_Lower right leg,34794,0.00871536505154772,0.0128990849058978,-0.016566841364012,0.0339975714671074,0.499285945919102
AMDHD2,N-acetylglucosamine-6-phosphate deacetylase,Health and medical history,X120039#13.Location of pain during the past week_Left jaw pain,34794,-0.0634191367179938,0.0331037759182531,-0.12830253751777,0.00146426408178234,0.0554455668275861
AMDHD2,N-acetylglucosamine-6-phosphate deacetylase,Health and medical history,X120039#14.Location of pain during the past week_Right jaw pain,34794,-0.0474954007515082,0.0333439712838145,-0.112849584467785,0.0178587829647681,0.154384283171491
AMDHD2,N-acetylglucosamine-6-phosphate deacetylase,Health and medical history,X120039#15.Location of pain during the past week_Chest pain,34794,-0.012023590526042,0.0226661682248273,-0.0564492802467035,0.0324020991946196,0.595811165919069
AMDHD2,N-acetylglucosamine-6-phosphate deacetylase,Health and medical history,X120039#16.Location of pain during the past week_Abdomen,34794,-0.0436618506657064,0.0160607729319487,-0.0751409656123258,-0.0121827357190869,0.00657727395476112
AMDHD2,N-acetylglucosamine-6-phosphate deacetylase,Health and medical history,X120039#17.Location of pain during the past week_Neck pain,34794,-0.00688078771986562,0.0104470207590227,-0.0273569484075501,0.0135953729678188,0.510156386599329
AMDHD2,N-acetylglucosamine-6-phosphate deacetylase,Health and medical history,X120039#18.Location of pain during the past week_Upper back,34794,-0.00207946360712474,0.0158157636506786,-0.0330783603624547,0.0289194331482053,0.895399979855409
AMDHD2,N-acetylglucosamine-6-phosphate deacetylase,Health and medical history,X120039#19.Location of pain during the past week_Lower back,34794,-0.0107971286961082,0.00845683882368301,-0.0273725327905269,0.00577827539831048,0.201749319692231
AMDHD2,N-acetylglucosamine-6-phosphate deacetylase,Health and medical history,X120039#2.Location of pain during the past week_Right shoulder,34794,-0.0012978065296378,0.0109338487385171,-0.0227281500571313,0.0201325369978557,0.905520287657418
AMDHD2,N-acetylglucosamine-6-phosphate deacetylase,Health and medical history,X120039#3.Location of pain during the past week_Upper left arm,34794,-0.0163794225373834,0.0157873867475934,-0.0473227005626665,0.0145638554878997,0.299547431944323
AMDHD2,N-acetylglucosamine-6-phosphate deacetylase,Health and medical history,X120039#4.Location of pain during the past week_Upper right arm,34794,-0.00429116101950981,0.0147283753776289,-0.0331587767596624,0.0245764547206428,0.770791904940677
AMDHD2,N-acetylglucosamine-6-phosphate deacetylase,Health and medical history,X120039#5.Location of pain during the past week_Lower left arm,34794,0.018063295179645,0.0228225858776607,-0.0266689731405701,0.06279556349986,0.428705772483806
AMDHD2,N-acetylglucosamine-6-phosphate deacetylase,Health and medical history,X120039#6.Location of pain during the past week_Lower right arm,34794,-0.0053020345096511,0.0219942113915998,-0.0484106888371868,0.0378066198178846,0.809513566260031
AMDHD2,N-acetylglucosamine-6-phosphate deacetylase,Health and medical history,X120039#7.Location of pain during the past week_Left hip,34794,-0.0218780463114,0.0114542898183428,-0.0443284543553519,0.000572361732551974,0.056180279869073
AMDHD2,N-acetylglucosamine-6-phosphate deacetylase,Health and medical history,X120039#8.Location of pain during the past week_Right hip,34794,-0.0175782553330533,0.0109134925084532,-0.0389687006496217,0.00381218998351505,0.1073036234804
AMDHD2,N-acetylglucosamine-6-phosphate deacetylase,Health and medical history,X120039#9.Location of pain during the past week_Upper left leg,34794,0.0120468047740293,0.0137425764998531,-0.0148886451656828,0.0389822547137414,0.380739080782296
AMDHD2,N-acetylglucosamine-6-phosphate deacetylase,Health and medical history,X120040.Fatigue severity over the past week,34800,0.0272679546276285,0.0937315588260192,-0.156445900671369,0.210981809926626,0.771126782985414
AMDHD2,N-acetylglucosamine-6-phosphate deacetylase,Health and medical history,X120041.Waking unrefreshed severity over the past week,34799,0.0194350476190913,0.0933585308113258,-0.163547672771107,0.20241776800929,0.835098761633795
AMDHD2,N-acetylglucosamine-6-phosphate deacetylase,Health and medical history,X120042.Cognitive symptoms severity over the past week,34799,-0.0712783868215847,0.0990528032607786,-0.265421881212711,0.122865107569541,0.471801389963825
AMDHD2,N-acetylglucosamine-6-phosphate deacetylase,Health and medical history,X120098.Mobility problems today,34803,0.0952059862366572,0.103518436567365,-0.107690149435378,0.298102121908693,0.357768719110904
AMDHD2,N-acetylglucosamine-6-phosphate deacetylase,Health and medical history,X120099.Self-care problems today,34803,-0.0581505651506409,0.161337539216004,-0.374372142014008,0.258071011712726,0.718540676426687
AMDHD2,N-acetylglucosamine-6-phosphate deacetylase,Health and medical history,X120100.Problems doing usual activities,34803,0.0819957686488288,0.101267860158152,-0.116489237261149,0.280480774558806,0.418151625695266
AMDHD2,N-acetylglucosamine-6-phosphate deacetylase,Health and medical history,X120101.Pain or discomfort today,34803,0.0257868147247385,0.0940032385122837,-0.158459532759338,0.210033162208815,0.783850079587013
AMDHD2,N-acetylglucosamine-6-phosphate deacetylase,Health and medical history,X120102.Anxiety or depression today,34803,-0.0383171472859031,0.118499295092048,-0.270575765666317,0.193941471094511,0.746439694803295
AMDHD2,N-acetylglucosamine-6-phosphate deacetylase,Health and medical history,X120103.Scale to indicate how health is today,34783,0.000296864732914863,0.00371668624235131,-0.00698784030209369,0.00758156976792342,0.93634072728928
AMDHD2,N-acetylglucosamine-6-phosphate deacetylase,Health and medical history,X120104.Little interest or pleasure in doing things over the last two weeks,34780,-0.0573445573996807,0.121614390909514,-0.295708763582328,0.181019648782967,0.637282345914628
AMDHD2,N-acetylglucosamine-6-phosphate deacetylase,Health and medical history,"X120105.Feeling down, depressed, or hopeless over the last two weeks",34770,-0.0934792937317297,0.126548493188861,-0.341514340381897,0.154555752918437,0.460130261468249
AMDHD2,N-acetylglucosamine-6-phosphate deacetylase,Health and medical history,"X120106.Trouble falling or staying asleep, or sleeping too much over the last two weeks",34787,-0.0060638494203218,0.0946968734985879,-0.191669721477554,0.17954202263691,0.948945192685709
AMDHD2,N-acetylglucosamine-6-phosphate deacetylase,Health and medical history,X120107.Feeling tired or having little energy over the last two weeks,34787,-0.0841803401781916,0.0956975278245658,-0.271747494714341,0.103386814357957,0.379086693696013
AMDHD2,N-acetylglucosamine-6-phosphate deacetylase,Health and medical history,X120108.Poor appetite or overeating over the last two weeks,34795,-0.0420786608974431,0.141859186280664,-0.320122666007545,0.235965344212659,0.766765548058917
AMDHD2,N-acetylglucosamine-6-phosphate deacetylase,Health and medical history,X120109.Feeling bad about self over the last two weeks,34779,-0.0978888939786978,0.136406609993742,-0.365245849566432,0.169468061609036,0.473018108855942
AMDHD2,N-acetylglucosamine-6-phosphate deacetylase,Health and medical history,X120110.Trouble concentrating over the last two weeks,34790,-0.0931701699382607,0.135161621915257,-0.358086948892164,0.171746609015643,0.490647895458116
AMDHD2,N-acetylglucosamine-6-phosphate deacetylase,Health and medical history,X120111.Moving or speaking slower or faster than usual over the last two weeks,34787,-0.268775736705653,0.191342189295101,-0.643806427724051,0.106254954312746,0.160170157663798
AMDHD2,N-acetylglucosamine-6-phosphate deacetylase,Health and medical history,X120112.Thoughts of being better off dead or of hurting self over the last two weeks,34767,0.146029459089163,0.287511033802095,-0.417492167162943,0.709551085341269,0.611537228471708
AMDHD2,N-acetylglucosamine-6-phosphate deacetylase,Health and medical history,"X120113.Level of difficultly depression has made to do work, take care of things at home, or get along with other people",32901,0.00800436494731827,0.134253017740723,-0.255131549824499,0.271140279719136,0.952460317817283
AMDHD2,N-acetylglucosamine-6-phosphate deacetylase,Lifestyle factors,X1269.Exposure to tobacco smoke at home,47592,0.0126649105227762,0.124596725069265,-0.231544670612984,0.256874491658536,0.919037806433007
AMDHD2,N-acetylglucosamine-6-phosphate deacetylase,Lifestyle factors,X1279.Exposure to tobacco smoke outside home,46066,0.0375509569885363,0.07586373502951,-0.111141963669303,0.186243877646376,0.620621378187914
AMDHD2,N-acetylglucosamine-6-phosphate deacetylase,Diet and food preferences,X1289.Cooked vegetable intake,48775,-0.0216279380979293,0.0526515801519752,-0.124825035195801,0.0815691589999422,0.681242226767395
AMDHD2,N-acetylglucosamine-6-phosphate deacetylase,Diet and food preferences,X1299.Salad  or  raw vegetable intake,48075,-0.0715109197701453,0.0549446492432968,-0.179202432287007,0.0361805927467164,0.19310038914027
AMDHD2,N-acetylglucosamine-6-phosphate deacetylase,Diet and food preferences,X1309.Fresh fruit intake,48722,-0.0336519768488306,0.0539141228521998,-0.139323657639142,0.0720197039414809,0.532518381268365
AMDHD2,N-acetylglucosamine-6-phosphate deacetylase,Diet and food preferences,X1319.Dried fruit intake,47670,0.00269757600278009,0.0537991663040338,-0.102748789953126,0.108143941958686,0.9600100955157
AMDHD2,N-acetylglucosamine-6-phosphate deacetylase,Health and medical history,X134.Number of self-reported cancers,49350,-0.00530698740280492,0.0839194385306236,-0.169789086922827,0.159175112117217,0.949576759366042
AMDHD2,N-acetylglucosamine-6-phosphate deacetylase,Health and medical history,X135.Number of self-reported non-cancer illnesses,49351,0.0240414086219514,0.0536954779172072,-0.0812017280957747,0.129284545339677,0.654348412948752
AMDHD2,N-acetylglucosamine-6-phosphate deacetylase,Health and medical history,"X136.Number of operations, self-reported",49351,0.0653404604818186,0.0520808797988869,-0.0367380639239997,0.167418984887637,0.209640024752916
AMDHD2,N-acetylglucosamine-6-phosphate deacetylase,Health and medical history,X137.Number of treatments or medications taken,49351,0.039361059051111,0.0514689329987381,-0.0615180496264157,0.140240167728638,0.444427151687842
AMDHD2,N-acetylglucosamine-6-phosphate deacetylase,Diet and food preferences,X1438.Bread intake,48807,0.00099323206669285,0.00201900917053797,-0.00296402590756157,0.00495049004094727,0.622767022274062
AMDHD2,N-acetylglucosamine-6-phosphate deacetylase,Diet and food preferences,X1458.Cereal intake,48524,-0.0359309164091365,0.0516587949051552,-0.137182154423241,0.0653203216049677,0.486723396170615
AMDHD2,N-acetylglucosamine-6-phosphate deacetylase,Diet and food preferences,X1488.Tea intake,48730,0.00131963011049183,0.00195648119983919,-0.00251507304119299,0.00515433326217665,0.500006813550762
AMDHD2,N-acetylglucosamine-6-phosphate deacetylase,Diet and food preferences,X1498.Coffee intake,47864,0.00462060713655544,0.0518212477753031,-0.0969490385030386,0.106190252776149,0.928952264827298
AMDHD2,N-acetylglucosamine-6-phosphate deacetylase,Diet and food preferences,X1528.Water intake,47765,0.00591711597207153,0.0520749893346979,-0.0961498631239364,0.107984095068079,0.909534845975352
AMDHD2,N-acetylglucosamine-6-phosphate deacetylase,Lifestyle factors,X1568.Average weekly red wine intake,42966,-0.0862838854423117,0.0595148552851766,-0.202933001801258,0.0303652309166346,0.147140595909818
AMDHD2,N-acetylglucosamine-6-phosphate deacetylase,Lifestyle factors,X1578.Average weekly champagne plus white wine intake,42967,-0.0139060609773763,0.0608155722678736,-0.133104582622409,0.105292460667656,0.819136936581104
AMDHD2,N-acetylglucosamine-6-phosphate deacetylase,Lifestyle factors,X1588.Average weekly beer plus cider intake,43007,0.0644702141443241,0.0694030828840043,-0.0715598283083242,0.200500256596972,0.352944522517046
AMDHD2,N-acetylglucosamine-6-phosphate deacetylase,Lifestyle factors,X1598.Average weekly spirits intake,42952,-0.122541641987715,0.0648927296485699,-0.249731392098912,0.00464810812348249,0.0589969896974288
AMDHD2,N-acetylglucosamine-6-phosphate deacetylase,Lifestyle factors,X1608.Average weekly fortified wine intake,42995,-0.190217735456346,0.0959240420569532,-0.378228857887974,-0.00220661302471775,0.0473868026951584
AMDHD2,N-acetylglucosamine-6-phosphate deacetylase,Lifestyle factors,X1737.Childhood sunburn occasions,43876,-0.032867440304449,0.0629521661283927,-0.156253685916099,0.0905188053072007,0.601607318810535
AMDHD2,N-acetylglucosamine-6-phosphate deacetylase,Health and medical history,X1807.Father's age at death,47510,0.000519144168468991,0.00188697550061952,-0.00317932781274527,0.00421761614968325,0.783227366052769
AMDHD2,N-acetylglucosamine-6-phosphate deacetylase,Health and medical history,X1845.Mother's age,32173,-0.000959872625999088,0.00876976539489856,-0.0181486128000003,0.0162288675480021,0.912850977817827
AMDHD2,N-acetylglucosamine-6-phosphate deacetylase,Health and medical history,X1873.Number of full brothers,48990,-0.0219610925279194,0.0497815622754263,-0.119532954587755,0.0756107695319162,0.659109861078161
AMDHD2,N-acetylglucosamine-6-phosphate deacetylase,Health and medical history,X1883.Number of full sisters,48994,0.0775882759917636,0.0498882165701692,-0.0201926284857681,0.175369180469295,0.119904303024746
AMDHD2,N-acetylglucosamine-6-phosphate deacetylase,Physical measures,X20015.Sitting height,49210,0.00224043723941169,0.00251643111360653,-0.00269176774325711,0.00717264222208049,0.37330301741305
AMDHD2,N-acetylglucosamine-6-phosphate deacetylase,Cognitive function,X20016.Fluid intelligence score,35886,-0.0486212744983569,0.0813086808820143,-0.207986289027105,0.110743740030391,0.54987101036636
AMDHD2,N-acetylglucosamine-6-phosphate deacetylase,Cognitive function,X20018.Prospective memory result,36179,0.0490375911225807,0.100623368552695,-0.148184211240702,0.246259393485864,0.626034118853324
AMDHD2,N-acetylglucosamine-6-phosphate deacetylase,Physical measures,X20019.Speech-reception-threshold (SRT) estimate (left),35755,-0.00635650868355739,0.00332913448932178,-0.0128816122826281,0.000168594915513305,0.0562595325070873
AMDHD2,N-acetylglucosamine-6-phosphate deacetylase,Physical measures,X20021.Speech-reception-threshold (SRT) estimate (right),35737,0.000279242939240521,0.00333918084977581,-0.00626555152632006,0.0068240374048011,0.93335620936678
AMDHD2,N-acetylglucosamine-6-phosphate deacetylase,Cognitive function,X20023.Mean time to correctly identify matches,49088,0.000370022922882142,0.00205790366683506,-0.00366346826411458,0.00440351410987886,0.857306896574974
AMDHD2,N-acetylglucosamine-6-phosphate deacetylase,Health and medical history,X20107#1.Illnesses of father_Heart disease,46372,0.00188967835918108,0.00430715919948495,-0.00655235367180942,0.0103317103901716,0.660862972987132
AMDHD2,N-acetylglucosamine-6-phosphate deacetylase,Health and medical history,X20107#10.Illnesses of father_Alzheimer's disease or dementia,46002,-0.000669189446872015,0.00906239723509248,-0.0184314880276533,0.0170931091339092,0.941136642435417
AMDHD2,N-acetylglucosamine-6-phosphate deacetylase,Health and medical history,X20107#11.Illnesses of father_Parkinson's disease,45965,-0.00928749686643822,0.0122389110786031,-0.0332757625805002,0.0147007688476238,0.447952995670703
AMDHD2,N-acetylglucosamine-6-phosphate deacetylase,Health and medical history,X20107#12.Illnesses of father_Severe depression,45975,7.33752449730738e-05,0.0114981126133028,-0.0224629254771005,0.0226096759670466,0.994908407360616
AMDHD2,N-acetylglucosamine-6-phosphate deacetylase,Health and medical history,X20107#13.Illnesses of father_Prostate cancer,46000,0.0151815126173543,0.00804023863041502,-0.000577355098259099,0.0309403803329678,0.059017415464399
AMDHD2,N-acetylglucosamine-6-phosphate deacetylase,Health and medical history,X20107#2.Illnesses of father_Stroke,46144,0.00847455780193094,0.00542288008976444,-0.00215428717400737,0.0191034027778692,0.118132162933419
AMDHD2,N-acetylglucosamine-6-phosphate deacetylase,Health and medical history,X20107#3.Illnesses of father_Lung cancer,46105,-0.0121636597235182,0.00661610856598835,-0.0251312325128553,0.000803913065819005,0.0660075313358881
AMDHD2,N-acetylglucosamine-6-phosphate deacetylase,Health and medical history,X20107#4.Illnesses of father_Bowel cancer,46008,-0.018993159491199,0.00852980601840966,-0.035711579287282,-0.00227473969511607,0.0259817752438548
AMDHD2,N-acetylglucosamine-6-phosphate deacetylase,Health and medical history,X20107#6.Illnesses of father_Chronic bronchitis or emphysema,46155,-0.00372328279974131,0.00583771902383213,-0.0151652120864523,0.00771864648696965,0.523614094787538
AMDHD2,N-acetylglucosamine-6-phosphate deacetylase,Health and medical history,X20107#8.Illnesses of father_High blood pressure,46147,0.00440393033723414,0.00542062749459893,-0.00622049955217977,0.015028360226648,0.416551061150537
AMDHD2,N-acetylglucosamine-6-phosphate deacetylase,Health and medical history,X20107#9.Illnesses of father_Diabetes,46035,0.0121597777379994,0.00776180415764351,-0.00305335841098183,0.0273729138869807,0.117222927835256
AMDHD2,N-acetylglucosamine-6-phosphate deacetylase,Health and medical history,X20110#1.Illnesses of mother_Heart disease,47327,0.000459468878734915,0.00466054927890487,-0.00867520770791864,0.00959414546538847,0.921467400024292
AMDHD2,N-acetylglucosamine-6-phosphate deacetylase,Health and medical history,X20110#10.Illnesses of mother_Alzheimer's disease or dementia,47187,0.00644309124937633,0.00610153415331779,-0.00551591569112654,0.0184020981898792,0.290992038471917
AMDHD2,N-acetylglucosamine-6-phosphate deacetylase,Health and medical history,X20110#11.Illnesses of mother_Parkinson's disease,47111,-0.00253167056145251,0.0136093875949676,-0.0292060702475891,0.024142729124684,0.852428170711378
AMDHD2,N-acetylglucosamine-6-phosphate deacetylase,Health and medical history,X20110#12.Illnesses of mother_Severe depression,47133,0.00564631403391544,0.00847212383403098,-0.0109590486807853,0.0222516767486162,0.505127022101582
AMDHD2,N-acetylglucosamine-6-phosphate deacetylase,Health and medical history,X20110#2.Illnesses of mother_Stroke,47281,0.00432610040551566,0.005101421815182,-0.00567268635224106,0.0143248871632724,0.396438853749029
AMDHD2,N-acetylglucosamine-6-phosphate deacetylase,Health and medical history,X20110#3.Illnesses of mother_Lung cancer,47152,-0.00410383912242551,0.00983918199883439,-0.0233886358401409,0.0151809575952899,0.676616471863404
AMDHD2,N-acetylglucosamine-6-phosphate deacetylase,Health and medical history,X20110#4.Illnesses of mother_Bowel cancer,47137,0.00711684135151823,0.008340041015492,-0.00922963903884609,0.0234633217418826,0.393485448907619
AMDHD2,N-acetylglucosamine-6-phosphate deacetylase,Health and medical history,X20110#5.Illnesses of mother_Breast cancer,47142,-0.00679045336046895,0.00728930713267134,-0.0210774953405048,0.00749658861956688,0.351574620386183
AMDHD2,N-acetylglucosamine-6-phosphate deacetylase,Health and medical history,X20110#6.Illnesses of mother_Chronic bronchitis or emphysema,47186,-0.00919343648165131,0.00813956927140602,-0.0251469922536071,0.00676011929030449,0.258712750438913
AMDHD2,N-acetylglucosamine-6-phosphate deacetylase,Health and medical history,X20110#8.Illnesses of mother_High blood pressure,47318,0.0017860909338445,0.00453195552075776,-0.00709654188684071,0.0106687237545297,0.693504148510973
AMDHD2,N-acetylglucosamine-6-phosphate deacetylase,Health and medical history,X20110#9.Illnesses of mother_Diabetes,47198,0.0097305020968582,0.00697113048585927,-0.00393291365542598,0.0233939178491424,0.162783380267147
AMDHD2,N-acetylglucosamine-6-phosphate deacetylase,Health and medical history,X20111#1.Illnesses of siblings_Heart disease,44053,-0.00939852953814085,0.00590915726222226,-0.0209804777720965,0.00218341869581478,0.111742850845867
AMDHD2,N-acetylglucosamine-6-phosphate deacetylase,Health and medical history,X20111#10.Illnesses of siblings_Alzheimer's disease or dementia,43893,-0.0117479122383229,0.0208377229997445,-0.0525898493178222,0.0290940248411763,0.572911787226621
AMDHD2,N-acetylglucosamine-6-phosphate deacetylase,Health and medical history,X20111#11.Illnesses of siblings_Parkinson's disease,43889,0.0111762239421103,0.0217439126111986,-0.031441844775839,0.0537942926600596,0.607264450509496
AMDHD2,N-acetylglucosamine-6-phosphate deacetylase,Health and medical history,X20111#12.Illnesses of siblings_Severe depression,43919,-0.0133744845463309,0.00906263117435531,-0.0311372416480673,0.00438827255540551,0.14002331517524
AMDHD2,N-acetylglucosamine-6-phosphate deacetylase,Health and medical history,X20111#13.Illnesses of siblings_Prostate cancer,43910,0.00230419932812928,0.0123511752153883,-0.0219041040940317,0.0265125027502903,0.852010483387853
AMDHD2,N-acetylglucosamine-6-phosphate deacetylase,Health and medical history,X20111#2.Illnesses of siblings_Stroke,43940,-0.0052499668701439,0.00982253672148897,-0.0245021388442623,0.0140022051039745,0.593016312827855
AMDHD2,N-acetylglucosamine-6-phosphate deacetylase,Health and medical history,X20111#3.Illnesses of siblings_Lung cancer,43909,-0.0251140969871621,0.0110713084472753,-0.0468138615438216,-0.00341433243050257,0.023319586847955
AMDHD2,N-acetylglucosamine-6-phosphate deacetylase,Health and medical history,X20111#4.Illnesses of siblings_Bowel cancer,43902,-0.00520584503361017,0.0111924702499403,-0.0271430867234932,0.0167313966562729,0.641852200959354
AMDHD2,N-acetylglucosamine-6-phosphate deacetylase,Health and medical history,X20111#5.Illnesses of siblings_Breast cancer,43921,-0.000993745591231235,0.00906569509005681,-0.0187625079677426,0.0167750167852801,0.912715383152461
AMDHD2,N-acetylglucosamine-6-phosphate deacetylase,Health and medical history,X20111#6.Illnesses of siblings_Chronic bronchitis or emphysema,43940,-0.0155053222127,0.0108716690458884,-0.0368137935426412,0.00580314911724124,0.153827865792943
AMDHD2,N-acetylglucosamine-6-phosphate deacetylase,Health and medical history,X20111#8.Illnesses of siblings_High blood pressure,44087,0.0017629605676157,0.00498205651132439,-0.00800187019458011,0.0115277913298115,0.723447302642894
AMDHD2,N-acetylglucosamine-6-phosphate deacetylase,Health and medical history,X20111#9.Illnesses of siblings_Diabetes,43994,-0.00818053248713768,0.00682487946032674,-0.0215572962293781,0.00519623125510272,0.230689488295596
AMDHD2,N-acetylglucosamine-6-phosphate deacetylase,Mental health,X20127.Neuroticism score,45015,-0.0105163627462549,0.0520599186055866,-0.112553803213205,0.0915210777206949,0.839915431077002
AMDHD2,N-acetylglucosamine-6-phosphate deacetylase,Cognitive function,X20128.Number of fluid intelligence questions attempted within time limit,35886,-0.0885573116804373,0.0837947438536083,-0.25279500963351,0.0756803862726349,0.290624599909293
AMDHD2,N-acetylglucosamine-6-phosphate deacetylase,Lifestyle factors,X20161.Pack years of smoking,36033,-0.00640956770295679,0.00323124544785356,-0.0127428087807498,-7.63266251638086e-05,0.0473379755583118
AMDHD2,N-acetylglucosamine-6-phosphate deacetylase,Lifestyle factors,X20162.Pack years adult smoking as proportion of life span exposed to smoking,36033,-0.00664081491163724,0.00333915424425742,-0.0131855572303818,-9.60725928927037e-05,0.0467662034091411
AMDHD2,N-acetylglucosamine-6-phosphate deacetylase,Cognitive function,X20191.Fluid intelligence score,33666,0.103319842277802,0.0989159806852336,-0.0905554798652553,0.29719516442086,0.296300908713474
AMDHD2,N-acetylglucosamine-6-phosphate deacetylase,Cognitive function,X20192.Number of fluid intelligence questions attempted within time limit,33667,0.19526012042905,0.100510824795488,-0.00174109617010626,0.392261337028206,0.052117975538646
AMDHD2,N-acetylglucosamine-6-phosphate deacetylase,Cognitive function,X20240.Maximum digits remembered correctly,33109,0.126808943030139,0.106646772905785,-0.0822187318651986,0.335836617925477,0.234490048023826
AMDHD2,N-acetylglucosamine-6-phosphate deacetylase,Physical measures,X20255.Spirometry QC measure,44098,0.00636156228275323,0.0663244874740419,-0.123634433166369,0.136357557731875,0.923588783057229
AMDHD2,N-acetylglucosamine-6-phosphate deacetylase,Eye measures,X20261.avMSE,33752,-0.00428817629266695,0.00372543461910951,-0.0115900281461216,0.00301367556078769,0.249770413081266
AMDHD2,N-acetylglucosamine-6-phosphate deacetylase,Eye measures,X20262.Myopia diagnosis,33752,0.132243634624003,0.131600417065821,-0.125693182825006,0.390180452073011,0.315004303673226
AMDHD2,N-acetylglucosamine-6-phosphate deacetylase,NMR metabolomics,X20280.Glucose-lactate,40498,0.00380814850582826,0.00250631437244283,-0.00110422766415969,0.00872052467581621,0.12868434458546
AMDHD2,N-acetylglucosamine-6-phosphate deacetylase,NMR metabolomics,X20281.Spectrometer-corrected alanine,40521,-0.00147156653808735,0.00256799635647293,-0.00650483939677429,0.00356170632059958,0.566628483501965
AMDHD2,N-acetylglucosamine-6-phosphate deacetylase,Mental health,X20544#11.Mental health problems ever diagnosed by a professional_Depression,35486,-0.0101135205243258,0.0152944992103029,-0.0400907389765194,0.0198636979278679,0.508474832676472
AMDHD2,N-acetylglucosamine-6-phosphate deacetylase,Mental health,X20544#6.Mental health problems ever diagnosed by a professional_Panic attacks,35486,0.0381284685061673,0.028725164099262,-0.0181728531283862,0.0944297901407208,0.184439686762794
AMDHD2,N-acetylglucosamine-6-phosphate deacetylase,Mental health,X20546#1.Substances taken for depression_Unprescribed medication (more than once),35486,0.027151984182251,0.0468048487103054,-0.0645855192899476,0.11888948765445,0.561860876175442
AMDHD2,N-acetylglucosamine-6-phosphate deacetylase,Mental health,X20546#3.Substances taken for depression_Medication prescribed to you (for at least two weeks),35486,-0.00570407482955669,0.0141098609399931,-0.0333594022719431,0.0219512526128297,0.686034107025975
AMDHD2,N-acetylglucosamine-6-phosphate deacetylase,Mental health,X20546#4.Substances taken for depression_Drugs or alcohol (more than once),35486,0.0157980395573378,0.030083048306265,-0.0431647351229416,0.0747608142376172,0.599499116307837
AMDHD2,N-acetylglucosamine-6-phosphate deacetylase,Mental health,X20548#1.Manifestations of mania or irritability_I was more talkative than usual,35489,0.0167280025663587,0.0364159590097728,-0.054647277092796,0.0881032822255134,0.645992167633217
AMDHD2,N-acetylglucosamine-6-phosphate deacetylase,Mental health,X20548#2.Manifestations of mania or irritability_I was more restless than usual,35489,-0.00298754673012484,0.0233457466671291,-0.0487452101976979,0.0427701167374482,0.89817708920221
AMDHD2,N-acetylglucosamine-6-phosphate deacetylase,Mental health,X20548#3.Manifestations of mania or irritability_My thoughts were racing,35489,0.0085246999635343,0.0273179956651458,-0.0450185715401514,0.06206797146722,0.755009537697241
AMDHD2,N-acetylglucosamine-6-phosphate deacetylase,Mental health,X20548#5.Manifestations of mania or irritability_I needed less sleep than usual,35489,0.0036118506077241,0.0429251041562918,-0.0805213535386078,0.087745054754056,0.932945346284403
AMDHD2,N-acetylglucosamine-6-phosphate deacetylase,Mental health,X20548#6.Manifestations of mania or irritability_I was more creative or had more ideas than usual,35489,-0.0337525909661988,0.0491242462022899,-0.130036113522687,0.0625309315902894,0.492053729395304
AMDHD2,N-acetylglucosamine-6-phosphate deacetylase,Mental health,X20548#7.Manifestations of mania or irritability_I was easily distracted,35489,-0.00688892402075021,0.0303029988903516,-0.0662828018458394,0.052504953804339,0.820170853129037
AMDHD2,N-acetylglucosamine-6-phosphate deacetylase,Mental health,X20548#8.Manifestations of mania or irritability_I was more confident than usual,35489,-0.0164690761175084,0.0499759045729605,-0.114421849080511,0.0814836968454941,0.741758279400849
AMDHD2,N-acetylglucosamine-6-phosphate deacetylase,Mental health,X20548#9.Manifestations of mania or irritability_I was more active than usual,35489,0.0154136997271523,0.0351432651820769,-0.0534671000297185,0.0842944994840231,0.660969260861123
AMDHD2,N-acetylglucosamine-6-phosphate deacetylase,Mental health,X20549#1.Substances taken for anxiety_Unprescribed medication (more than once),35489,0.0423282997759567,0.0508856849917161,-0.0574076428078068,0.14206424235972,0.405535790115465
AMDHD2,N-acetylglucosamine-6-phosphate deacetylase,Mental health,X20549#3.Substances taken for anxiety_Medication prescribed to you (for at least two weeks),35489,0.0183305314975911,0.0190787862153268,-0.0190638894844495,0.0557249524796317,0.336699295620907
AMDHD2,N-acetylglucosamine-6-phosphate deacetylase,Mental health,X20549#4.Substances taken for anxiety_Drugs or alcohol (more than once),35489,0.0234949734624862,0.0364235146439292,-0.0478951152396151,0.0948850621645875,0.518918552376033
AMDHD2,N-acetylglucosamine-6-phosphate deacetylase,Mental health,X20553#4.Methods of self-harm used_Ingesting a medication in excess of the normal dose,35490,-0.00326164872944138,0.0606896564004308,-0.122213375274286,0.115690077815403,0.957141568947374
AMDHD2,N-acetylglucosamine-6-phosphate deacetylase,Diet and food preferences,X20600.Liking for adding salt to foods,35366,0.049899911246951,0.0837245282170809,-0.114200164058528,0.21399998655243,0.551196376781709
AMDHD2,N-acetylglucosamine-6-phosphate deacetylase,Diet and food preferences,X20601.Liking for aniseed,35366,0.084208055131437,0.0830448335987228,-0.0785598187220597,0.246975928984934,0.310619146270881
AMDHD2,N-acetylglucosamine-6-phosphate deacetylase,Diet and food preferences,X20602.Liking for apple juice,35366,-0.0103750126925138,0.0840479084031219,-0.175108913162633,0.154358887777605,0.901761400753457
AMDHD2,N-acetylglucosamine-6-phosphate deacetylase,Diet and food preferences,X20603.Liking for apples,35366,-0.0301672753911985,0.0856450296302875,-0.198031533466562,0.137696982684165,0.724673212989083
AMDHD2,N-acetylglucosamine-6-phosphate deacetylase,Diet and food preferences,X20604.Liking for asparagus,35366,0.0632746698661165,0.0846641969920915,-0.102667156238383,0.229216495970616,0.454874542536108
AMDHD2,N-acetylglucosamine-6-phosphate deacetylase,Diet and food preferences,X20605.Liking for aubergine,35366,-0.0743425491152129,0.0824804716318438,-0.236004273513627,0.087319175283201,0.367445365740362
AMDHD2,N-acetylglucosamine-6-phosphate deacetylase,Diet and food preferences,X20606.Liking for avocados,35366,0.0879381974369589,0.0834865566457051,-0.0756954535886232,0.251571848462541,0.292234894379172
AMDHD2,N-acetylglucosamine-6-phosphate deacetylase,Diet and food preferences,X20607.Liking for bacon,35366,-0.179847443350736,0.0846111497337559,-0.345685296828898,-0.0140095898725743,0.033578223020592
AMDHD2,N-acetylglucosamine-6-phosphate deacetylase,Diet and food preferences,X20608.Liking for baked or steamed fish,35366,-0.0382125864214562,0.0846169055240342,-0.204061721248563,0.127636548405651,0.651576536025178
AMDHD2,N-acetylglucosamine-6-phosphate deacetylase,Diet and food preferences,X20609.Liking for bananas,35366,0.0083058649799271,0.0863342755998308,-0.160909315195741,0.177521045155596,0.923360188753421
AMDHD2,N-acetylglucosamine-6-phosphate deacetylase,Diet and food preferences,X20610.Liking for barbequed or grilled meat,35366,-0.166619474641197,0.0833062305270386,-0.329899686474193,-0.00333926280820154,0.0455349769143675
AMDHD2,N-acetylglucosamine-6-phosphate deacetylase,Diet and food preferences,X20611.Liking for beef steak,35366,-0.121007379816782,0.0840688178941905,-0.285782262889396,0.0437675032558314,0.150092311684115
AMDHD2,N-acetylglucosamine-6-phosphate deacetylase,Diet and food preferences,X20612.Liking for beetroot,35366,0.0135164475979117,0.0849299321579729,-0.152946219431715,0.179979114627538,0.873557312466677
AMDHD2,N-acetylglucosamine-6-phosphate deacetylase,Diet and food preferences,X20613.Liking for bell pepper,35366,0.0329046018005704,0.0827468755499374,-0.129279274277307,0.195088477878448,0.690899237909215
AMDHD2,N-acetylglucosamine-6-phosphate deacetylase,Diet and food preferences,X20614.Liking for bicycling,35366,-0.00119272515475408,0.0833766214673214,-0.164610903230704,0.162225452921196,0.98858689755317
AMDHD2,N-acetylglucosamine-6-phosphate deacetylase,Diet and food preferences,X20615.Liking for biscuits,35366,-0.0096089098579202,0.0835046071556785,-0.17327793988305,0.15406012016721,0.908393057658477
AMDHD2,N-acetylglucosamine-6-phosphate deacetylase,Diet and food preferences,X20616.Liking for bitter foods,35366,0.153269476119726,0.0837459610450902,-0.0108726075286512,0.317411559768102,0.0672725606586631
AMDHD2,N-acetylglucosamine-6-phosphate deacetylase,Diet and food preferences,X20617.Liking for bitter or ale,35366,-0.0206557272494141,0.0858026932009741,-0.188829005923323,0.147517551424495,0.809768374400867
AMDHD2,N-acetylglucosamine-6-phosphate deacetylase,Diet and food preferences,X20618.Liking for black olives,35366,0.0372553431455237,0.0842485699443104,-0.127871853945325,0.202382540236372,0.658354630852522
AMDHD2,N-acetylglucosamine-6-phosphate deacetylase,Diet and food preferences,X20619.Liking for black pepper,35366,0.132349854151437,0.0836120111452711,-0.0315296876932943,0.296229395996168,0.113494474686826
AMDHD2,N-acetylglucosamine-6-phosphate deacetylase,Diet and food preferences,X20620.Liking for blue cheese,35366,-0.00172487691540492,0.0827676746018592,-0.163949519135049,0.160499765304239,0.98337397762939
AMDHD2,N-acetylglucosamine-6-phosphate deacetylase,Diet and food preferences,X20621.Liking for bolognese sauce,35366,-0.0122679510250414,0.0841798918880562,-0.177260539125632,0.152724637075549,0.884135408129503
AMDHD2,N-acetylglucosamine-6-phosphate deacetylase,Diet and food preferences,X20622.Liking for broad beans,35366,0.0279002741454263,0.0832560798059572,-0.13528164227425,0.191082190565102,0.737550531979852
AMDHD2,N-acetylglucosamine-6-phosphate deacetylase,Diet and food preferences,X20623.Liking for broccoli,35366,0.109981301338034,0.0862777625125352,-0.0591231131865355,0.279085715862603,0.202451038397582
AMDHD2,N-acetylglucosamine-6-phosphate deacetylase,Diet and food preferences,X20624.Liking for brown rice,35366,0.0215652989668077,0.0837169545297189,-0.142519931911441,0.185650529845057,0.796725968118893
AMDHD2,N-acetylglucosamine-6-phosphate deacetylase,Diet and food preferences,X20625.Liking for brussel sprouts,35366,0.0943751531533583,0.0844258110238387,-0.0710994364533654,0.259849742760082,0.263675847762683
AMDHD2,N-acetylglucosamine-6-phosphate deacetylase,Diet and food preferences,X20626.Liking for burgers (meat),35366,-0.110328498764756,0.0827724643771749,-0.272562528944019,0.0519055314145069,0.182609607959845
AMDHD2,N-acetylglucosamine-6-phosphate deacetylase,Diet and food preferences,X20627.Liking for burn of spicy foods,35366,0.0479065396758417,0.0823455663490285,-0.113490770368254,0.209303849719937,0.56073995098028
AMDHD2,N-acetylglucosamine-6-phosphate deacetylase,Diet and food preferences,X20628.Liking for butter on bread,35366,0.034394116066597,0.0847815931644689,-0.131777806535762,0.200566038668956,0.684992521250423
AMDHD2,N-acetylglucosamine-6-phosphate deacetylase,Diet and food preferences,X20629.Liking for butternut squash,35366,-0.0499699289978585,0.0834313889635606,-0.213495451366437,0.11355559337072,0.549238643414167
AMDHD2,N-acetylglucosamine-6-phosphate deacetylase,Diet and food preferences,X20630.Liking for cabbage,35366,0.130324939558477,0.0842446476586729,-0.0347945698525222,0.295444448969475,0.121918971099509
AMDHD2,N-acetylglucosamine-6-phosphate deacetylase,Diet and food preferences,X20631.Liking for cake,35366,0.123758499645818,0.0832040430103859,-0.0393214246545387,0.286838423946174,0.136957798281294
AMDHD2,N-acetylglucosamine-6-phosphate deacetylase,Diet and food preferences,X20632.Liking for cake icing,35366,0.0998080477984758,0.0831054689274878,-0.0630786712994003,0.262694766896352,0.22980491888073
AMDHD2,N-acetylglucosamine-6-phosphate deacetylase,Diet and food preferences,X20633.Liking for capers,35366,-0.0417053914008245,0.082636130563335,-0.203672207304961,0.120261424503312,0.61379664730543
AMDHD2,N-acetylglucosamine-6-phosphate deacetylase,Diet and food preferences,X20634.Liking for cauliflower,35366,0.0423043928405623,0.0849541313246801,-0.124205704555811,0.208814490236935,0.618524746828363
AMDHD2,N-acetylglucosamine-6-phosphate deacetylase,Diet and food preferences,X20635.Liking for cereal or granola bar,35366,-0.0746257729107129,0.0837355528071029,-0.238747456412635,0.0894959105912089,0.372852522780109
AMDHD2,N-acetylglucosamine-6-phosphate deacetylase,Diet and food preferences,X20636.Liking for cheesecake,35366,0.105870921794771,0.0829517310351417,-0.0567144710341071,0.268456314623648,0.201899170091721
AMDHD2,N-acetylglucosamine-6-phosphate deacetylase,Diet and food preferences,X20637.Liking for cherries,35366,0.167473392804865,0.0881583429121028,-0.00531695930285614,0.340263744912587,0.057520643827889
AMDHD2,N-acetylglucosamine-6-phosphate deacetylase,Diet and food preferences,X20638.Liking for chicken,35366,0.00153554817468096,0.0874016833004508,-0.169771751094203,0.172842847443564,0.985983365506867
AMDHD2,N-acetylglucosamine-6-phosphate deacetylase,Diet and food preferences,X20639.Liking for chilli pepper,35366,0.0304545622900781,0.0824768958696779,-0.131200153614491,0.192109278194647,0.711954360428218
AMDHD2,N-acetylglucosamine-6-phosphate deacetylase,Diet and food preferences,X20640.Liking for chips or french fries,35366,-0.0119946566264936,0.0835120979205301,-0.175678368550733,0.151689055297745,0.885799104269253
AMDHD2,N-acetylglucosamine-6-phosphate deacetylase,Diet and food preferences,X20641.Liking for cigarette smoking,35366,-0.127398740168567,0.141548727207855,-0.404834245495962,0.150036765158829,0.368137048515972
AMDHD2,N-acetylglucosamine-6-phosphate deacetylase,Diet and food preferences,X20642.Liking for cod,35366,0.0210431473339355,0.0865075108144445,-0.148511573862376,0.190597868530247,0.807818082013153
AMDHD2,N-acetylglucosamine-6-phosphate deacetylase,Diet and food preferences,X20643.Liking for coffee with sugar,35366,-0.0694649416691319,0.0916672787340121,-0.249132807987795,0.110202924649532,0.448603106530767
AMDHD2,N-acetylglucosamine-6-phosphate deacetylase,Diet and food preferences,X20644.Liking for coffee without sugar,35366,-0.0511275444888534,0.0854257986681929,-0.218562109878512,0.116307020900805,0.549526761092447
AMDHD2,N-acetylglucosamine-6-phosphate deacetylase,Diet and food preferences,X20645.Liking for coriander,35366,-0.0405852230618634,0.0840208470214765,-0.205266083223957,0.12409563710023,0.62908624135632
AMDHD2,N-acetylglucosamine-6-phosphate deacetylase,Diet and food preferences,X20646.Liking for corn flakes,35366,0.0474087332448369,0.0839472017293738,-0.117127782144736,0.211945248634409,0.572268012106093
AMDHD2,N-acetylglucosamine-6-phosphate deacetylase,Diet and food preferences,X20647.Liking for cream,35366,0.0244414428770943,0.083999135382233,-0.140196862472082,0.189079748226271,0.771082102523103
AMDHD2,N-acetylglucosamine-6-phosphate deacetylase,Diet and food preferences,X20648.Liking for croissant,35366,-0.0972222383721494,0.0838123399708141,-0.261494424714945,0.0670499479706462,0.246094110535295
AMDHD2,N-acetylglucosamine-6-phosphate deacetylase,Diet and food preferences,X20649.Liking for cucumber,35366,-0.0277290667906414,0.083258266675373,-0.190915269474373,0.13545713589309,0.739108766619355
AMDHD2,N-acetylglucosamine-6-phosphate deacetylase,Diet and food preferences,X20650.Liking for curry,35366,0.0437358124936387,0.0836799076658016,-0.120276806531332,0.20774843151861,0.601232394463953
AMDHD2,N-acetylglucosamine-6-phosphate deacetylase,Diet and food preferences,X20651.Liking for dairy products,35366,0.136127852792444,0.0852802440347419,-0.0310214255156499,0.303277131100538,0.110486187334593
AMDHD2,N-acetylglucosamine-6-phosphate deacetylase,Diet and food preferences,X20652.Liking for dark chocolate,35366,-0.012951099781219,0.0840649003559914,-0.177718304478962,0.151816104916524,0.877566897078732
AMDHD2,N-acetylglucosamine-6-phosphate deacetylase,Diet and food preferences,X20653.Liking for diet fizzy drinks,35366,-0.13579784113077,0.0869999275284989,-0.306317699086628,0.0347220168250879,0.118599630008598
AMDHD2,N-acetylglucosamine-6-phosphate deacetylase,Diet and food preferences,X20654.Liking for dried fruit,35366,0.0353340350834533,0.0835073664999605,-0.128340403256469,0.199008473423376,0.672218996116118
AMDHD2,N-acetylglucosamine-6-phosphate deacetylase,Diet and food preferences,X20655.Liking for eggs,35366,-0.0980887614949113,0.0861015350740369,-0.266847770240024,0.070670247250201,0.254654855733756
AMDHD2,N-acetylglucosamine-6-phosphate deacetylase,Diet and food preferences,X20656.Liking for exercising alone,35366,-0.024885892627894,0.0842839215990456,-0.190082378962023,0.140310593706235,0.767803205270119
AMDHD2,N-acetylglucosamine-6-phosphate deacetylase,Diet and food preferences,X20657.Liking for exercising with others,35366,0.026587205154037,0.083056762829273,-0.136204049991338,0.189378460299412,0.748896665672062
AMDHD2,N-acetylglucosamine-6-phosphate deacetylase,Diet and food preferences,X20658.Liking for extra virgin olive oil,35366,0.0371372955982927,0.0843117869366218,-0.128113806797486,0.202388397994071,0.65960803739357
AMDHD2,N-acetylglucosamine-6-phosphate deacetylase,Diet and food preferences,X20659.Liking for fatty foods,35366,0.11000449363989,0.083432727606486,-0.0535236524688231,0.273532639748602,0.187391566026892
AMDHD2,N-acetylglucosamine-6-phosphate deacetylase,Diet and food preferences,X20660.Liking for fresh tomatoes,35366,0.0266929473703376,0.0901410735551468,-0.14998355679775,0.203369451538425,0.76714526095525
AMDHD2,N-acetylglucosamine-6-phosphate deacetylase,Diet and food preferences,X20661.Liking for fried chicken,35366,0.0214937550600828,0.0831780477288634,-0.141535218488489,0.184522728608655,0.796101765793234
AMDHD2,N-acetylglucosamine-6-phosphate deacetylase,Diet and food preferences,X20662.Liking for fried or battered fish,35366,0.00280345720192604,0.0828186220399045,-0.159521041996287,0.165127956400139,0.972997409683577
AMDHD2,N-acetylglucosamine-6-phosphate deacetylase,Diet and food preferences,X20663.Liking for fruit,35366,-0.0167544144988312,0.0948711329107946,-0.202701835003989,0.169193006006326,0.85982696920625
AMDHD2,N-acetylglucosamine-6-phosphate deacetylase,Diet and food preferences,X20664.Liking for garlic,35366,0.0919350505848315,0.0829485723432497,-0.0706441512079378,0.254514252377601,0.267759142360205
AMDHD2,N-acetylglucosamine-6-phosphate deacetylase,Diet and food preferences,X20665.Liking for gherkins,35366,0.125282871326415,0.0824485540627317,-0.0363162946365394,0.286882037289369,0.128680988554546
AMDHD2,N-acetylglucosamine-6-phosphate deacetylase,Diet and food preferences,X20666.Liking for globe artichoke,35366,0.048091674464076,0.0838627960353241,-0.116279405765159,0.212462754693311,0.5663564958757
AMDHD2,N-acetylglucosamine-6-phosphate deacetylase,Diet and food preferences,X20667.Liking for goat's cheese,35366,-0.080725047022501,0.0835494904679089,-0.244482048339602,0.0830319542946005,0.333984842891972
AMDHD2,N-acetylglucosamine-6-phosphate deacetylase,Diet and food preferences,X20668.Liking for going to a cafe,35366,-0.0270113541144623,0.0844570258018796,-0.192547124686146,0.138524416457222,0.749112860772626
AMDHD2,N-acetylglucosamine-6-phosphate deacetylase,Diet and food preferences,X20669.Liking for going to the gym,35366,-0.0881569954892603,0.0832759768326623,-0.251377910081278,0.0750639191027579,0.289817750546265
AMDHD2,N-acetylglucosamine-6-phosphate deacetylase,Diet and food preferences,X20670.Liking for going to the pub,35366,0.0862632613132836,0.0826169836754412,-0.0756660266905812,0.248192549317148,0.296464015614952
AMDHD2,N-acetylglucosamine-6-phosphate deacetylase,Diet and food preferences,X20671.Liking for grapefruit,35366,0.0506706641796745,0.0837625658146681,-0.113503964817075,0.214845293176424,0.545246390249569
AMDHD2,N-acetylglucosamine-6-phosphate deacetylase,Diet and food preferences,X20672.Liking for green olives,35366,0.0401438489556419,0.0832308367253848,-0.122988591026112,0.203276288937396,0.629596182138547
AMDHD2,N-acetylglucosamine-6-phosphate deacetylase,Diet and food preferences,X20673.Liking for haddock,35366,-0.114885515515621,0.0874974944608375,-0.286380604658863,0.0566095736276201,0.18922680731314
AMDHD2,N-acetylglucosamine-6-phosphate deacetylase,Diet and food preferences,X20674.Liking for ham,35366,-0.101424344679484,0.0838546975784728,-0.26577955193329,0.062930862574323,0.226507645128631
AMDHD2,N-acetylglucosamine-6-phosphate deacetylase,Diet and food preferences,X20675.Liking for hard cheese,35366,0.0427603417888372,0.08466229731019,-0.123177760939135,0.20869844451681,0.613528102059361
AMDHD2,N-acetylglucosamine-6-phosphate deacetylase,Diet and food preferences,X20676.Liking for herring,35366,0.0327258413081456,0.0830090146072219,-0.129971827322009,0.1954235099383,0.693414229735052
AMDHD2,N-acetylglucosamine-6-phosphate deacetylase,Diet and food preferences,X20677.Liking for honey,35366,0.132775530376569,0.0838027180124314,-0.0314777969277961,0.297028857680935,0.11315808932189
AMDHD2,N-acetylglucosamine-6-phosphate deacetylase,Diet and food preferences,X20678.Liking for horseradish or wasabi,35366,0.0739032202829254,0.0831037119564925,-0.0889800551517999,0.236786495717651,0.373882468908552
AMDHD2,N-acetylglucosamine-6-phosphate deacetylase,Diet and food preferences,X20679.Liking for ice cream,35366,0.0267873940612535,0.0837975742623337,-0.137455851492921,0.191030639615428,0.749230936136162
AMDHD2,N-acetylglucosamine-6-phosphate deacetylase,Diet and food preferences,X20680.Liking for jam,35366,-0.0517769074817744,0.0831782973837297,-0.214806370353885,0.111252555390336,0.533648680932737
AMDHD2,N-acetylglucosamine-6-phosphate deacetylase,Diet and food preferences,X20681.Liking for kiwi fruit,35366,0.0666768717490971,0.0833394724370605,-0.0966684942275414,0.230022237725736,0.423704832149118
AMDHD2,N-acetylglucosamine-6-phosphate deacetylase,Diet and food preferences,X20682.Liking for lager,35366,0.0405523992750257,0.0839159877489758,-0.123922936712967,0.205027735263018,0.628935419304158
AMDHD2,N-acetylglucosamine-6-phosphate deacetylase,Diet and food preferences,X20683.Liking for lamb,35366,-0.0534684562622969,0.085116106594318,-0.22029602518716,0.113359112662566,0.529907611217117
AMDHD2,N-acetylglucosamine-6-phosphate deacetylase,Diet and food preferences,X20684.Liking for lemons,35366,-0.0181586362198294,0.0835061339034565,-0.181830658670604,0.145513386230945,0.827862745348552
AMDHD2,N-acetylglucosamine-6-phosphate deacetylase,Diet and food preferences,X20685.Liking for lentils or beans,35366,-0.0246962410823896,0.0833197308856967,-0.188002913618355,0.138610431453576,0.76693211223588
AMDHD2,N-acetylglucosamine-6-phosphate deacetylase,Diet and food preferences,X20686.Liking for liver,35366,-0.0634473836085759,0.0831477586584416,-0.226416990579122,0.0995222233619697,0.445452123336636
AMDHD2,N-acetylglucosamine-6-phosphate deacetylase,Diet and food preferences,X20687.Liking for mackerel,35366,-0.0525090556482017,0.0837350261012652,-0.216629706806681,0.111611595510278,0.530626147217485
AMDHD2,N-acetylglucosamine-6-phosphate deacetylase,Diet and food preferences,X20688.Liking for marzipan,35366,0.0786499673331722,0.082885482269885,-0.0838055779158024,0.241105512582147,0.342709090786385
AMDHD2,N-acetylglucosamine-6-phosphate deacetylase,Diet and food preferences,X20689.Liking for mayonnaise,35366,0.0704788598356148,0.0830364144916007,-0.0922725125679226,0.233230232239152,0.396041968424324
AMDHD2,N-acetylglucosamine-6-phosphate deacetylase,Diet and food preferences,X20690.Liking for melon,35366,-0.0890740847150955,0.0858342426130639,-0.257309200236701,0.0791610308065097,0.299429346198104
AMDHD2,N-acetylglucosamine-6-phosphate deacetylase,Diet and food preferences,X20691.Liking for milk chocolate,35366,-0.0202669782500052,0.0828910213235472,-0.182733380044158,0.142199423544147,0.806850587313522
AMDHD2,N-acetylglucosamine-6-phosphate deacetylase,Diet and food preferences,X20692.Liking for mushrooms,35366,-0.0730299414519285,0.0851275967267112,-0.239880031036283,0.0938201481324256,0.390987686028834
AMDHD2,N-acetylglucosamine-6-phosphate deacetylase,Diet and food preferences,X20694.Liking for orange juice,35366,0.0708951724100456,0.0827859690606861,-0.0913653269488992,0.23315567176899,0.39182810369177
AMDHD2,N-acetylglucosamine-6-phosphate deacetylase,Diet and food preferences,X20695.Liking for oranges,35366,-0.002447581454781,0.085653756807717,-0.170328944797906,0.165433781888344,0.977204240192628
AMDHD2,N-acetylglucosamine-6-phosphate deacetylase,Diet and food preferences,X20696.Liking for pasta,35366,0.05309524426115,0.0847895551136255,-0.113092283761556,0.219282772283856,0.531206765971411
AMDHD2,N-acetylglucosamine-6-phosphate deacetylase,Diet and food preferences,X20697.Liking for pears,35366,-0.100130993292898,0.0858039403718502,-0.268306716421724,0.0680447298359287,0.243265898574422
AMDHD2,N-acetylglucosamine-6-phosphate deacetylase,Diet and food preferences,X20698.Liking for pizza,35366,-0.0695681676864379,0.0830413664739064,-0.232329245975295,0.0931929106024187,0.402201833539661
AMDHD2,N-acetylglucosamine-6-phosphate deacetylase,Diet and food preferences,X20699.Liking for plain yogurt,35366,0.0417012903532398,0.083750072125193,-0.122448851012139,0.205851431718618,0.618554371509509
AMDHD2,N-acetylglucosamine-6-phosphate deacetylase,Diet and food preferences,X20700.Liking for plums,35366,0.0629741277611994,0.0856025714133599,-0.104806912208986,0.230755167731385,0.461967482109564
AMDHD2,N-acetylglucosamine-6-phosphate deacetylase,Diet and food preferences,X20701.Liking for pollock,35366,0.0162083039363557,0.0841059284843674,-0.148639315893005,0.181055923765716,0.847190108918528
AMDHD2,N-acetylglucosamine-6-phosphate deacetylase,Diet and food preferences,X20702.Liking for pork chop,35366,-0.160200963111927,0.0826881405495465,-0.322269718589038,0.00186779236518453,0.052740681908252
AMDHD2,N-acetylglucosamine-6-phosphate deacetylase,Diet and food preferences,X20703.Liking for porridge,35366,-0.0347164053889642,0.0849227954341399,-0.201165084439878,0.13173227366195,0.68270093252252
AMDHD2,N-acetylglucosamine-6-phosphate deacetylase,Diet and food preferences,X20704.Liking for potato crisps,35366,-0.028863682006774,0.0835576134812391,-0.192636604430003,0.134909240416455,0.729779537470335
AMDHD2,N-acetylglucosamine-6-phosphate deacetylase,Diet and food preferences,X20705.Liking for potatoes,35366,0.0581454003542215,0.0852118803532327,-0.108869885138115,0.225160685846558,0.495035338468493
AMDHD2,N-acetylglucosamine-6-phosphate deacetylase,Diet and food preferences,X20706.Liking for prawns,35366,0.0433414317027789,0.0860035306153407,-0.125225488303289,0.211908351708847,0.614314915516339
AMDHD2,N-acetylglucosamine-6-phosphate deacetylase,Diet and food preferences,X20707.Liking for raw carrots,35366,-0.0149896807892682,0.0850156831244061,-0.181620419713104,0.151641058134568,0.860050972145222
AMDHD2,N-acetylglucosamine-6-phosphate deacetylase,Diet and food preferences,X20708.Liking for red meat,35366,-0.140409080085234,0.0836545734336254,-0.30437204401514,0.0235538838446718,0.0933121706226264
AMDHD2,N-acetylglucosamine-6-phosphate deacetylase,Diet and food preferences,X20709.Liking for red wine,35366,-0.0266658601613109,0.0850824287640519,-0.193427420538853,0.140095700216231,0.753978221044247
AMDHD2,N-acetylglucosamine-6-phosphate deacetylase,Diet and food preferences,X20710.Liking for regular (non-diet) fizzy drinks,35366,0.0446385073705428,0.0872703463287273,-0.126411371433763,0.215688386174848,0.609021517369352
AMDHD2,N-acetylglucosamine-6-phosphate deacetylase,Diet and food preferences,X20711.Liking for roast chicken,35366,-0.0700185154659624,0.0870490647529799,-0.240634682381803,0.100597651449878,0.421221913378325
AMDHD2,N-acetylglucosamine-6-phosphate deacetylase,Diet and food preferences,X20712.Liking for salad dressing,35366,0.122669735370141,0.0831405281218574,-0.0402856997486999,0.285625170488981,0.140142546367268
AMDHD2,N-acetylglucosamine-6-phosphate deacetylase,Diet and food preferences,X20713.Liking for salad leaves,35366,0.1708822573868,0.0856983712092134,0.00291344981674152,0.338851064956858,0.0461964195293837
AMDHD2,N-acetylglucosamine-6-phosphate deacetylase,Diet and food preferences,X20714.Liking for salami,35366,0.112834752980197,0.0827058707829715,-0.049268753754427,0.274938259714821,0.172526277640034
AMDHD2,N-acetylglucosamine-6-phosphate deacetylase,Diet and food preferences,X20715.Liking for salmon,35366,0.0175603628192159,0.08869601644762,-0.156283829418119,0.191404555056551,0.843064370288959
AMDHD2,N-acetylglucosamine-6-phosphate deacetylase,Diet and food preferences,X20716.Liking for salty foods,35366,-0.0299921559290733,0.0834908562164387,-0.193634234113293,0.133649922255146,0.71943771061844
AMDHD2,N-acetylglucosamine-6-phosphate deacetylase,Diet and food preferences,X20717.Liking for salty pretzels,35366,-0.0125885840230301,0.0827798049067313,-0.174837001640223,0.149659833594163,0.879134234757702
AMDHD2,N-acetylglucosamine-6-phosphate deacetylase,Diet and food preferences,X20718.Liking for sardines,35366,-0.133824647450601,0.0834764540424212,-0.297438497373746,0.0297892024725448,0.108954450904068
AMDHD2,N-acetylglucosamine-6-phosphate deacetylase,Diet and food preferences,X20719.Liking for sausages (meat),35366,-0.0600214092309274,0.0834421617873002,-0.223568046334036,0.103525227872181,0.471972574562548
AMDHD2,N-acetylglucosamine-6-phosphate deacetylase,Diet and food preferences,X20720.Liking for savoury biscuits,35366,-0.0515640005019546,0.0839418912242035,-0.216090107301394,0.112962106297484,0.539051609539915
AMDHD2,N-acetylglucosamine-6-phosphate deacetylase,Diet and food preferences,X20721.Liking for shellfish (other than prawns),35366,-0.0259543809747172,0.0830749285871984,-0.188781241005626,0.136872479056192,0.754730900123314
AMDHD2,N-acetylglucosamine-6-phosphate deacetylase,Diet and food preferences,X20722.Liking for skimmed milk,35366,-0.0376608576818355,0.0833863138492587,-0.201098032826383,0.125776317462712,0.651541970040523
AMDHD2,N-acetylglucosamine-6-phosphate deacetylase,Diet and food preferences,X20723.Liking for smoked fish,35366,-0.0408944098594633,0.0834243774604776,-0.204406189681999,0.122617369963073,0.624011696411267
AMDHD2,N-acetylglucosamine-6-phosphate deacetylase,Diet and food preferences,X20724.Liking for soft cheese,35366,-0.0513544071737328,0.0840143054650277,-0.216022445885187,0.113313631537722,0.541051407808306
AMDHD2,N-acetylglucosamine-6-phosphate deacetylase,Diet and food preferences,X20725.Liking for soy sauce,35366,-0.0535153102649819,0.0830506366849093,-0.216294558167404,0.10926393763744,0.519359737014027
AMDHD2,N-acetylglucosamine-6-phosphate deacetylase,Diet and food preferences,X20726.Liking for soya milk,35366,-0.122332375224243,0.0841513724975634,-0.287269065319467,0.0426043148709811,0.14607539031203
AMDHD2,N-acetylglucosamine-6-phosphate deacetylase,Diet and food preferences,X20727.Liking for spicy foods,35366,0.00844290168831075,0.0834297862074621,-0.155079479278315,0.171965282654936,0.919396821904326
AMDHD2,N-acetylglucosamine-6-phosphate deacetylase,Diet and food preferences,X20728.Liking for spinach,35366,0.00138801200650647,0.0850416705082484,-0.16529366218966,0.168069686202673,0.986978392526119
AMDHD2,N-acetylglucosamine-6-phosphate deacetylase,Diet and food preferences,X20729.Liking for spirits,35366,-0.0898463006183406,0.0833026038183302,-0.253119404102268,0.0734268028655865,0.280829106966004
AMDHD2,N-acetylglucosamine-6-phosphate deacetylase,Diet and food preferences,X20730.Liking for strawberries,35366,-0.124001421107567,0.0915631417772701,-0.303465178991017,0.0554623367758821,0.175699189814802
AMDHD2,N-acetylglucosamine-6-phosphate deacetylase,Diet and food preferences,X20731.Liking for sweet coffee house drinks,35366,-0.0484942503081043,0.0858885576555775,-0.216835823313036,0.119847322696828,0.572353972693142
AMDHD2,N-acetylglucosamine-6-phosphate deacetylase,Diet and food preferences,X20732.Liking for sweet foods,35366,0.00115481556583996,0.0827295809004743,-0.16099516299909,0.16330479413077,0.988863207103623
AMDHD2,N-acetylglucosamine-6-phosphate deacetylase,Diet and food preferences,X20733.Liking for taking the stairs,35366,-0.00980728757897036,0.0844168713355397,-0.175264355396628,0.155649780238687,0.907516155777804
AMDHD2,N-acetylglucosamine-6-phosphate deacetylase,Diet and food preferences,X20734.Liking for tea with sugar,35366,0.0445942636324161,0.102437362483596,-0.156182966835432,0.245371494100264,0.663336692896781
AMDHD2,N-acetylglucosamine-6-phosphate deacetylase,Diet and food preferences,X20735.Liking for tea without sugar,35366,-0.0643304476087998,0.087704406543932,-0.236231084434907,0.107570189217307,0.46328653427638
AMDHD2,N-acetylglucosamine-6-phosphate deacetylase,Diet and food preferences,X20736.Liking for tomato ketchup,35366,0.0106767750070604,0.0825001983727584,-0.151023613803546,0.172377163817667,0.897033388895255
AMDHD2,N-acetylglucosamine-6-phosphate deacetylase,Diet and food preferences,X20737.Liking for tinned tuna,35366,0.0192760627268632,0.0829604949411337,-0.143326507357759,0.181878632811485,0.816272100636163
AMDHD2,N-acetylglucosamine-6-phosphate deacetylase,Diet and food preferences,X20738.Liking for turnip (white),35366,0.137747285087292,0.0828543906198092,-0.0246473205275337,0.300141890702118,0.0964589162054221
AMDHD2,N-acetylglucosamine-6-phosphate deacetylase,Diet and food preferences,X20739.Liking for vegetables,35366,0.0626172702795046,0.0924551875382105,-0.118594897295388,0.243829437854397,0.498259085089974
AMDHD2,N-acetylglucosamine-6-phosphate deacetylase,Diet and food preferences,X20740.Liking for vinegar,35366,0.125366323545684,0.083987507960181,-0.0392491920562706,0.289981839147639,0.135572625554834
AMDHD2,N-acetylglucosamine-6-phosphate deacetylase,Diet and food preferences,X20741.Liking for watching television,35366,-0.109363814718951,0.0844775981738937,-0.274939907139782,0.056212277701881,0.195510364652508
AMDHD2,N-acetylglucosamine-6-phosphate deacetylase,Diet and food preferences,X20742.Liking for whisky,35366,-0.107556267668561,0.0855288609421361,-0.275192835115147,0.0600802997780262,0.208604527137842
AMDHD2,N-acetylglucosamine-6-phosphate deacetylase,Diet and food preferences,X20743.Liking for white bread,35366,0.0512159546720031,0.0835391875695396,-0.112520852964294,0.214952762308301,0.539848048873038
AMDHD2,N-acetylglucosamine-6-phosphate deacetylase,Diet and food preferences,X20744.Liking for white rice,35366,-0.0102871586351939,0.0846218636602742,-0.176146011409331,0.155571694138943,0.903246544483757
AMDHD2,N-acetylglucosamine-6-phosphate deacetylase,Diet and food preferences,X20745.Liking for white wine,35366,-0.0583145876159655,0.0838987674563163,-0.222756171830346,0.106126996598415,0.487044574647264
AMDHD2,N-acetylglucosamine-6-phosphate deacetylase,Diet and food preferences,X20746.Liking for whole grain breakfast cereal,35366,-0.0209849673819473,0.0850856967353246,-0.187752932983183,0.145782998219289,0.805200233997785
AMDHD2,N-acetylglucosamine-6-phosphate deacetylase,Diet and food preferences,X20747.Liking for whole milk,35366,0.0122243181537371,0.0829125676281247,-0.150284314397387,0.174732950704862,0.882792516624783
AMDHD2,N-acetylglucosamine-6-phosphate deacetylase,Diet and food preferences,X20748.Liking for wholemeal bread,35366,-0.0161504605566718,0.088855690605723,-0.190307614143889,0.158006693030545,0.855776610770462
AMDHD2,N-acetylglucosamine-6-phosphate deacetylase,Diet and food preferences,X20749.Liking for working up a sweat,35366,-0.0146664061035175,0.0831011105780763,-0.177544582836547,0.148211770629512,0.859915832671278
AMDHD2,N-acetylglucosamine-6-phosphate deacetylase,Physical measures,X21001.Body mass index (BMI),49261,-0.00247719388827132,0.00884330073261747,-0.0198100633242016,0.0148556755476589,0.779387592054458
AMDHD2,N-acetylglucosamine-6-phosphate deacetylase,Physical measures,X21002.Weight,49276,0.00287171680141661,0.00475150856794906,-0.00644123999176355,0.0121846735945968,0.545597849939786
AMDHD2,N-acetylglucosamine-6-phosphate deacetylase,Physical measures,X21021.Pulse wave Arterial Stiffness index,36138,7.39698207142571e-06,0.00314881358646829,-0.00616427764740642,0.00617907161154927,0.998125732209637
AMDHD2,N-acetylglucosamine-6-phosphate deacetylase,Health and medical history,X21025.Frequency of discomfort or pain in abdomen in last 3 months,35189,0.0756798079703553,0.0899708153098683,-0.100662990036987,0.252022605977697,0.400292151092551
AMDHD2,N-acetylglucosamine-6-phosphate deacetylase,Health and medical history,X21033.Frequency of hard or lumpy stools in the last 3 months,35205,-0.0537025994077998,0.0917201478820169,-0.233474089256553,0.126068890440953,0.558230238872645
AMDHD2,N-acetylglucosamine-6-phosphate deacetylase,Health and medical history,X21034.Frequency of loose or mushy or watery stools in the last 3 months,35207,-0.0827657522720317,0.0910278729126305,-0.261180383180788,0.0956488786367241,0.363262412362555
AMDHD2,N-acetylglucosamine-6-phosphate deacetylase,Health and medical history,X21040.Satisfaction with bowel habits,35163,-0.0756143988153579,0.0849769416195796,-0.242169204389734,0.0909404067590181,0.373597091374366
AMDHD2,N-acetylglucosamine-6-phosphate deacetylase,Health and medical history,X21041.Degree to which abdominal pain or discomfort or altered bowel habits affect or interfere with life in general,35144,0.0565839305890461,0.0915610756330746,-0.12287577765178,0.236043638829872,0.536604888627485
AMDHD2,N-acetylglucosamine-6-phosphate deacetylase,Health and medical history,X21042.Greatest number of times bowels opened per day,35165,-0.152345204069156,0.0893078789333871,-0.327388646778595,0.0226982386402828,0.0880893635168867
AMDHD2,N-acetylglucosamine-6-phosphate deacetylase,Health and medical history,X21043.Least number of times bowels opened per week,35107,0.140868892511951,0.0900084719566967,-0.0355477125231742,0.317285497547077,0.117621754828119
AMDHD2,N-acetylglucosamine-6-phosphate deacetylase,Health and medical history,X21044.Average number of times bowels opened per day,35134,-0.144578931364689,0.101729130118587,-0.34396802639712,0.0548101636677416,0.155306928884279
AMDHD2,N-acetylglucosamine-6-phosphate deacetylase,Health and medical history,X21048.Degree bothered by back pain in the past 3 months,35208,0.0141199579992941,0.0904075763172087,-0.163078891582435,0.191318807581023,0.87589548829356
AMDHD2,N-acetylglucosamine-6-phosphate deacetylase,Health and medical history,X21049.Degree bothered by pain in arms or legs or joints in the past 3 months,35204,-0.0132900427832245,0.0923874026164779,-0.194369351911521,0.167789266345072,0.885622760641874
AMDHD2,N-acetylglucosamine-6-phosphate deacetylase,Health and medical history,X21050.Degree bothered by menstrual cramps or other problems with period in the last 3 months,32361,-0.0234293264768838,0.157962578461111,-0.333035980260662,0.286177327306894,0.882098094956559
AMDHD2,N-acetylglucosamine-6-phosphate deacetylase,Health and medical history,X21051.Degree bothered by headaches in the last 3 months,35207,0.056252297586305,0.104978807402142,-0.149506164921893,0.262010760094503,0.592085971910435
AMDHD2,N-acetylglucosamine-6-phosphate deacetylase,Health and medical history,X21052.Degree bothered by chest pain in the last 3 months,35206,0.0627413897321912,0.138798047348815,-0.209302783071487,0.334785562535869,0.651261042413647
AMDHD2,N-acetylglucosamine-6-phosphate deacetylase,Health and medical history,X21053.Degree bothered by dizziness in the last 3 months,35203,-0.156969804045334,0.105272415056165,-0.363303737555417,0.0493641294647487,0.135992464504884
AMDHD2,N-acetylglucosamine-6-phosphate deacetylase,Health and medical history,X21054.Degree bothered by fainting spells in the last 3 months,35203,-0.0678568439834694,0.262704426009053,-0.582757518961213,0.447043830994274,0.796183379862564
AMDHD2,N-acetylglucosamine-6-phosphate deacetylase,Health and medical history,X21055.Degree bothered by feeling heart pound or race in the last 3 months,35209,-0.011397053627667,0.107938495356533,-0.222956504526472,0.200162397271138,0.915912445733758
AMDHD2,N-acetylglucosamine-6-phosphate deacetylase,Health and medical history,X21056.Degree bothered by shortness of breath in the last 3 months,35206,0.0288080896158596,0.0994456332235246,-0.166105351502249,0.223721530733968,0.772065828902622
AMDHD2,N-acetylglucosamine-6-phosphate deacetylase,Health and medical history,X21057.Degree bothered by pain or problems during intercourse in the last 3 months,35066,-0.053774899824541,0.0957202189733112,-0.241386529012231,0.133836729363149,0.57427886045789
AMDHD2,N-acetylglucosamine-6-phosphate deacetylase,Health and medical history,X21058.Degree bothered by urinary frequency or bladder irritability in the last 3 months,35202,-0.0637823006481633,0.0920274921694929,-0.24415618530037,0.116591584004043,0.488286917639315
AMDHD2,N-acetylglucosamine-6-phosphate deacetylase,Health and medical history,X21059.Degree bothered by nausea in the last 3 months,35205,-0.1949978759998,0.148863983624818,-0.486771283904444,0.0967755319048433,0.190277587697364
AMDHD2,N-acetylglucosamine-6-phosphate deacetylase,Health and medical history,X21060.Degree bothered by feeling tired all the time in the last 3 months,35210,0.0542732056082828,0.0920991639952675,-0.126241155822442,0.234787567039007,0.555688233229814
AMDHD2,N-acetylglucosamine-6-phosphate deacetylase,Health and medical history,X21061.Degree bothered by trouble sleeping in the last 3 months,35209,-0.0517027804497333,0.0906606950870717,-0.229397742820394,0.125992181920927,0.568503129564979
AMDHD2,N-acetylglucosamine-6-phosphate deacetylase,Working and living environment,X21100.Water hardness (USGS classification),49230,0.029319115387152,0.0501714917141959,-0.0690170083726719,0.127655239146976,0.558972612997985
AMDHD2,N-acetylglucosamine-6-phosphate deacetylase,Lifestyle factors,X2139.Age first had sexual intercourse,45957,-0.00313581996883993,0.00219647533626326,-0.00744091162791592,0.00116927169023606,0.15340837423232
AMDHD2,N-acetylglucosamine-6-phosphate deacetylase,Health and medical history,X2149.Lifetime number of sexual partners,44917,0.0174262236355153,0.0567262674980884,-0.093757260660738,0.128609707931769,0.758696364660007
AMDHD2,N-acetylglucosamine-6-phosphate deacetylase,Physical activities,X22032.IPAQ activity group,44899,0.0424652407988606,0.0562323685324344,-0.0677502015247108,0.152680683122432,0.450155718854419
AMDHD2,N-acetylglucosamine-6-phosphate deacetylase,Physical activities,X22033.Summed days activity,45334,-0.000539533315258381,0.00215225433737751,-0.00475795181651831,0.00367888518600155,0.802062489046378
AMDHD2,N-acetylglucosamine-6-phosphate deacetylase,Physical activities,X22034.Summed minutes activity,44899,0.00120572165514828,0.00214143833776024,-0.0029914974868618,0.00540294079715836,0.573413708457617
AMDHD2,N-acetylglucosamine-6-phosphate deacetylase,Physical activities,X22037.MET minutes per week for walking,44050,0.00125285572206954,0.0022924845597607,-0.00324041401506144,0.00574612545920052,0.5847266252301
AMDHD2,N-acetylglucosamine-6-phosphate deacetylase,Physical activities,X22038.MET minutes per week for moderate activity,44899,0.000871173527000317,0.00208474418396196,-0.00321492507356512,0.00495727212756576,0.676040348984816
AMDHD2,N-acetylglucosamine-6-phosphate deacetylase,Physical activities,X22039.MET minutes per week for vigorous activity,44899,0.0482903370735203,0.0560883189898968,-0.0616427681466775,0.158223442293718,0.389267936052923
AMDHD2,N-acetylglucosamine-6-phosphate deacetylase,Physical activities,X22040.Summed MET minutes per week for all activity,44050,0.000977280271474929,0.002225820711386,-0.00338532832284163,0.00533988886579148,0.660620726435052
AMDHD2,N-acetylglucosamine-6-phosphate deacetylase,Eye measures,X2217.Age started wearing glasses or contact lenses,47615,-0.00203376650009249,0.00179760775937912,-0.00555707770847556,0.00148954470829058,0.257912480676933
AMDHD2,N-acetylglucosamine-6-phosphate deacetylase,Working and living environment,X22501.Year ended full time education,33507,-0.00506116470645119,0.00897800076283425,-0.0226580462016063,0.0125357167887039,0.572967483600134
AMDHD2,N-acetylglucosamine-6-phosphate deacetylase,Lifestyle factors,X22506.Tobacco smoking,33484,-0.114757755964498,0.226451122661043,-0.558601956380143,0.329086444451147,0.612344990384694
AMDHD2,N-acetylglucosamine-6-phosphate deacetylase,Lifestyle factors,X2277.Frequency of solarium or sunlamp use,48216,0.257680278892738,0.189926999836131,-0.114576640786078,0.629937198571554,0.174882079377278
AMDHD2,N-acetylglucosamine-6-phosphate deacetylase,Physical measures,X23098.Weight,48856,0.00359894187206222,0.00481106804748223,-0.00583075150100294,0.0130286352451274,0.454436135588201
AMDHD2,N-acetylglucosamine-6-phosphate deacetylase,Physical measures,X23099.Body fat percentage,48848,0.00266295221818274,0.00459025025024263,-0.00633393827229282,0.0116598427086583,0.56183208583731
AMDHD2,N-acetylglucosamine-6-phosphate deacetylase,Physical measures,X23100.Whole body fat mass,48834,0.0042644680732275,0.00452457225888832,-0.0046036935541936,0.0131326297006486,0.34594166303627
AMDHD2,N-acetylglucosamine-6-phosphate deacetylase,Physical measures,X23101.Whole body fat-free mass,48855,0.00185841556877064,0.00391506645787271,-0.00581511468865987,0.00953194582620116,0.635018194898855
AMDHD2,N-acetylglucosamine-6-phosphate deacetylase,Physical measures,X23102.Whole body water mass,48856,0.00175518836700669,0.00392674259203636,-0.00594122711338458,0.00945160384739796,0.654892040208132
AMDHD2,N-acetylglucosamine-6-phosphate deacetylase,Physical measures,X23104.Body mass index (BMI),48856,-0.00147414424947666,0.00883966187571439,-0.0187998815258769,0.0158515930269236,0.86755684854963
AMDHD2,N-acetylglucosamine-6-phosphate deacetylase,Physical measures,X23105.Basal metabolic rate,48856,0.0018977291222866,0.00418083910480309,-0.00629671552312746,0.0100921737677007,0.649897850646157
AMDHD2,N-acetylglucosamine-6-phosphate deacetylase,Physical measures,X23106.Impedance of whole body,48853,0.00193017892889997,0.00320080833623161,-0.00434340541011398,0.00820376326791392,0.546496628284168
AMDHD2,N-acetylglucosamine-6-phosphate deacetylase,Physical measures,X23107.Impedance of leg (right),48856,-0.000234268493545685,0.0025964398807443,-0.0053232906598045,0.00485475367271314,0.92810789720198
AMDHD2,N-acetylglucosamine-6-phosphate deacetylase,Physical measures,X23108.Impedance of leg (left),48856,0.000617329417822488,0.00257594802907076,-0.00443152871915621,0.00566618755480118,0.810603052545641
AMDHD2,N-acetylglucosamine-6-phosphate deacetylase,Physical measures,X23109.Impedance of arm (right),48854,0.00130621020686725,0.00316268615297345,-0.0048926546529607,0.00750507506669521,0.679606293444625
AMDHD2,N-acetylglucosamine-6-phosphate deacetylase,Physical measures,X23110.Impedance of arm (left),48856,0.00247235797869696,0.00317178879982834,-0.00374434806896659,0.00868906402636051,0.435704160262728
AMDHD2,N-acetylglucosamine-6-phosphate deacetylase,Physical measures,X23111.Leg fat percentage (right),48856,-0.00103474597571294,0.00540360462987379,-0.0116258110502656,0.00955631909883969,0.848142281840592
AMDHD2,N-acetylglucosamine-6-phosphate deacetylase,Physical measures,X23112.Leg fat mass (right),48856,0.00529581426893684,0.00592794550817797,-0.00632295892709199,0.0169145874649657,0.37167310439732
AMDHD2,N-acetylglucosamine-6-phosphate deacetylase,Physical measures,X23113.Leg fat-free mass (right),48855,0.00272997477271887,0.00399321122237445,-0.00509671922313505,0.0105566687685728,0.494201742107869
AMDHD2,N-acetylglucosamine-6-phosphate deacetylase,Physical measures,X23114.Leg predicted mass (right),48855,0.00290886747031379,0.00401628762459845,-0.00496305627389917,0.0107807912145268,0.468910010091288
AMDHD2,N-acetylglucosamine-6-phosphate deacetylase,Physical measures,X23115.Leg fat percentage (left),48853,0.000560637134129732,0.0056844981428774,-0.01058097922591,0.0117022534941694,0.92143653564464
AMDHD2,N-acetylglucosamine-6-phosphate deacetylase,Physical measures,X23116.Leg fat mass (left),48853,0.00723150342378717,0.00620896047623334,-0.00493805910963018,0.0194010659572045,0.244159332410275
AMDHD2,N-acetylglucosamine-6-phosphate deacetylase,Physical measures,X23117.Leg fat-free mass (left),48852,0.00271081021085153,0.00419432205069962,-0.00551006100851971,0.0109316814302228,0.518089565511421
AMDHD2,N-acetylglucosamine-6-phosphate deacetylase,Physical measures,X23118.Leg predicted mass (left),48852,0.00310535781787486,0.00422192969890994,-0.00516962439198862,0.0113803400277383,0.462025282491513
AMDHD2,N-acetylglucosamine-6-phosphate deacetylase,Physical measures,X23119.Arm fat percentage (right),48852,0.000918352317366867,0.00514701467603139,-0.00916979644765465,0.0110065010823884,0.858391631892774
AMDHD2,N-acetylglucosamine-6-phosphate deacetylase,Physical measures,X23120.Arm fat mass (right),48850,0.000940762722384058,0.005150636209691,-0.0091544842486103,0.0110360096933784,0.855074683061873
AMDHD2,N-acetylglucosamine-6-phosphate deacetylase,Physical measures,X23121.Arm fat-free mass (right),48851,0.00138231525590323,0.00400095780268555,-0.00645956203736044,0.0092241925491669,0.729725150278267
AMDHD2,N-acetylglucosamine-6-phosphate deacetylase,Physical measures,X23122.Arm predicted mass (right),48851,0.00134328754612992,0.00401008747308858,-0.0065164839011237,0.00920305899338354,0.737645921295647
AMDHD2,N-acetylglucosamine-6-phosphate deacetylase,Physical measures,X23123.Arm fat percentage (left),48850,0.00117841902088939,0.00528183583924174,-0.00917397922402443,0.0115308172658032,0.82345388984282
AMDHD2,N-acetylglucosamine-6-phosphate deacetylase,Physical measures,X23124.Arm fat mass (left),48850,0.000357303484163707,0.00515581877670407,-0.00974810131817626,0.0104627082865037,0.944750721270845
AMDHD2,N-acetylglucosamine-6-phosphate deacetylase,Physical measures,X23125.Arm fat-free mass (left),48850,0.00109059958969594,0.00408516793526743,-0.00691632956342821,0.0090975287428201,0.789498395073602
AMDHD2,N-acetylglucosamine-6-phosphate deacetylase,Physical measures,X23126.Arm predicted mass (left),48848,0.000114645589812235,0.00408740961209491,-0.00789667724989378,0.00812596842951825,0.977623776877596
AMDHD2,N-acetylglucosamine-6-phosphate deacetylase,Physical measures,X23127.Trunk fat percentage,48848,0.00206551836026553,0.00327768887786494,-0.00435875184034976,0.00848978856088081,0.528587266322458
AMDHD2,N-acetylglucosamine-6-phosphate deacetylase,Physical measures,X23128.Trunk fat mass,48848,0.00349687053729517,0.0036696651407698,-0.00369567313861364,0.010689414213204,0.340646020941084
AMDHD2,N-acetylglucosamine-6-phosphate deacetylase,Physical measures,X23129.Trunk fat-free mass,48847,0.00145835567439126,0.00353397994509558,-0.00546824501799608,0.0083849563667786,0.679855361830252
AMDHD2,N-acetylglucosamine-6-phosphate deacetylase,Physical measures,X23130.Trunk predicted mass,48844,0.00124164003157207,0.00355063103783349,-0.00571759680258158,0.00820087686572571,0.726570907886613
AMDHD2,N-acetylglucosamine-6-phosphate deacetylase,NMR metabolomics,X23400.Total Cholesterol,40527,-0.00109145301865507,0.00251621280035445,-0.0060232301073498,0.00384032407003966,0.664465055334848
AMDHD2,N-acetylglucosamine-6-phosphate deacetylase,NMR metabolomics,X23401.Total Cholesterol Minus HDL-C,40527,-0.00131750811817713,0.00243715947438616,-0.00609434068797401,0.00345932445161975,0.588799682335329
AMDHD2,N-acetylglucosamine-6-phosphate deacetylase,NMR metabolomics,"X23402.Remnant Cholesterol (Non-HDL, Non-LDL -Cholesterol)",40527,-0.00181794483267501,0.00243389457906705,-0.00658837820764643,0.0029524885422964,0.455122314563577
AMDHD2,N-acetylglucosamine-6-phosphate deacetylase,NMR metabolomics,X23403.VLDL Cholesterol,40527,-0.0010075241571718,0.00246995669956082,-0.00584863928831102,0.00383359097396742,0.683346231863039
AMDHD2,N-acetylglucosamine-6-phosphate deacetylase,NMR metabolomics,X23404.Clinical LDL Cholesterol,40527,-0.00138103549341597,0.00243280945484771,-0.00614934202491747,0.00338727103808554,0.570269599027806
AMDHD2,N-acetylglucosamine-6-phosphate deacetylase,NMR metabolomics,X23405.LDL Cholesterol,40527,-0.000833701997960702,0.00244387951366694,-0.00562370584474791,0.00395630184882651,0.733005456228408
AMDHD2,N-acetylglucosamine-6-phosphate deacetylase,NMR metabolomics,X23406.HDL Cholesterol,40527,0.00061305754508939,0.00282781328040871,-0.00492945648451168,0.00615557157469046,0.828371524601026
AMDHD2,N-acetylglucosamine-6-phosphate deacetylase,NMR metabolomics,X23407.Total Triglycerides,40527,0.00153347037066173,0.00266514975285963,-0.00369022314494316,0.00675716388626661,0.565046637086936
AMDHD2,N-acetylglucosamine-6-phosphate deacetylase,NMR metabolomics,X23408.Triglycerides in VLDL,40527,0.00182107958302991,0.00265431106798503,-0.00338137011022075,0.00702352927628058,0.492674358381884
AMDHD2,N-acetylglucosamine-6-phosphate deacetylase,NMR metabolomics,X23409.Triglycerides in LDL,40527,0.00065351444916808,0.00265283661033229,-0.00454604530708321,0.00585307420541937,0.80541922688332
AMDHD2,N-acetylglucosamine-6-phosphate deacetylase,NMR metabolomics,X23410.Triglycerides in HDL,40527,0.000537135706494494,0.00260506980912524,-0.00456880111939098,0.00564307253237997,0.836647293295868
AMDHD2,N-acetylglucosamine-6-phosphate deacetylase,NMR metabolomics,X23411.Total Phospholipids in Lipoprotein Particles,40527,-0.000325113485632714,0.00261369026940217,-0.00544794641366096,0.00479771944239553,0.901009740925345
AMDHD2,N-acetylglucosamine-6-phosphate deacetylase,NMR metabolomics,X23412.Phospholipids in VLDL,40527,-4.41876900203706e-05,0.00254990889814511,-0.0050420091303848,0.00495363375034405,0.986174355754489
AMDHD2,N-acetylglucosamine-6-phosphate deacetylase,NMR metabolomics,X23413.Phospholipids in LDL,40527,-0.00107883435047149,0.00243020815888534,-0.00584204234188675,0.00368437364094377,0.657104037007439
AMDHD2,N-acetylglucosamine-6-phosphate deacetylase,NMR metabolomics,X23414.Phospholipids in HDL,40527,0.00102554175495302,0.00280031003439367,-0.00446306591245857,0.0065141494223646,0.714204501191067
AMDHD2,N-acetylglucosamine-6-phosphate deacetylase,NMR metabolomics,X23415.Total Esterified Cholesterol,40527,-0.00100778725200386,0.00252934551571497,-0.00596530446280521,0.00394972995879749,0.690314891682935
AMDHD2,N-acetylglucosamine-6-phosphate deacetylase,NMR metabolomics,X23416.Cholesteryl Esters in VLDL,40527,-0.0014372655812954,0.00244042468829254,-0.00622049797034878,0.00334596680775798,0.555912749072085
AMDHD2,N-acetylglucosamine-6-phosphate deacetylase,NMR metabolomics,X23417.Cholesteryl Esters in LDL,40527,-0.000665160759404894,0.0024469874625948,-0.00546125618609071,0.00413093466728092,0.785758895828652
AMDHD2,N-acetylglucosamine-6-phosphate deacetylase,NMR metabolomics,X23418.Cholesteryl Esters in HDL,40527,0.000812449296478576,0.00281242848149491,-0.00469991052725144,0.0063248091202086,0.772679865160045
AMDHD2,N-acetylglucosamine-6-phosphate deacetylase,NMR metabolomics,X23419.Total Free Cholesterol,40527,-0.0012317809081772,0.00248668109128279,-0.00610567584709146,0.00364211403073706,0.62036171318204
AMDHD2,N-acetylglucosamine-6-phosphate deacetylase,NMR metabolomics,X23420.Free Cholesterol in VLDL,40527,-0.000357776263539956,0.00252055970297063,-0.00529807328136239,0.00458252075428247,0.887127408751571
AMDHD2,N-acetylglucosamine-6-phosphate deacetylase,NMR metabolomics,X23421.Free Cholesterol in LDL,40527,-0.00125889784393129,0.00244759990825691,-0.00605619366411485,0.00353839797625226,0.607024527427959
AMDHD2,N-acetylglucosamine-6-phosphate deacetylase,NMR metabolomics,X23422.Free Cholesterol in HDL,40527,-9.80955983425163e-05,0.00285225452212419,-0.00568851446170594,0.0054923232650209,0.972564927800523
AMDHD2,N-acetylglucosamine-6-phosphate deacetylase,NMR metabolomics,X23423.Total Lipids in Lipoprotein Particles,40527,-0.000207545818835652,0.00251405287031966,-0.00513508944466218,0.00471999780699088,0.934207416155632
AMDHD2,N-acetylglucosamine-6-phosphate deacetylase,NMR metabolomics,X23424.Total Lipids in VLDL,40527,0.000700085029153469,0.00258355334320528,-0.00436367952352887,0.00576384958183581,0.786413212042198
AMDHD2,N-acetylglucosamine-6-phosphate deacetylase,NMR metabolomics,X23425.Total Lipids in LDL,40527,-0.000836525882825264,0.00244313101075254,-0.00562506266390025,0.00395201089824972,0.732056908106514
AMDHD2,N-acetylglucosamine-6-phosphate deacetylase,NMR metabolomics,X23426.Total Lipids in HDL,40527,0.000972458625163361,0.00281893253554241,-0.00455264914449975,0.00649756639482648,0.730120267746263
AMDHD2,N-acetylglucosamine-6-phosphate deacetylase,NMR metabolomics,X23427.Total Concentration of Lipoprotein Particles,40527,0.00177699238703867,0.00266015473279049,-0.00343691088923069,0.00699089566330804,0.50414503010447
AMDHD2,N-acetylglucosamine-6-phosphate deacetylase,NMR metabolomics,X23428.Concentration of VLDL Particles,40527,-0.00065882742059789,0.00251465667068174,-0.00558755449513409,0.00426989965393832,0.79333007508434
AMDHD2,N-acetylglucosamine-6-phosphate deacetylase,NMR metabolomics,X23429.Concentration of LDL Particles,40527,-0.00135339994939442,0.0024207007406076,-0.00609797340098532,0.00339117350219648,0.576108422502582
AMDHD2,N-acetylglucosamine-6-phosphate deacetylase,NMR metabolomics,X23430.Concentration of HDL Particles,40527,0.00214805014470381,0.0026645178255122,-0.00307440479330009,0.00737050508270772,0.42016265640988
AMDHD2,N-acetylglucosamine-6-phosphate deacetylase,NMR metabolomics,X23431.Average Diameter for VLDL Particles,40527,0.00371668470138782,0.00270628163390205,-0.00158762730106021,0.00902099670383585,0.169669261800057
AMDHD2,N-acetylglucosamine-6-phosphate deacetylase,NMR metabolomics,X23432.Average Diameter for LDL Particles,40527,-0.00232034516624042,0.00256645773487934,-0.00735060232660393,0.00270991199412309,0.365959379673126
AMDHD2,N-acetylglucosamine-6-phosphate deacetylase,NMR metabolomics,X23433.Average Diameter for HDL Particles,40527,-0.00144930652437231,0.00289558372493132,-0.00712465062523771,0.00422603757649308,0.616716518767429
AMDHD2,N-acetylglucosamine-6-phosphate deacetylase,NMR metabolomics,X23434.Phosphoglycerides,40516,-0.000148837173138146,0.00266524398881608,-0.00537271539121766,0.00507504104494137,0.955467280924394
AMDHD2,N-acetylglucosamine-6-phosphate deacetylase,NMR metabolomics,X23435.Triglycerides to Phosphoglycerides ratio,40516,0.00199738865387333,0.00277574256625407,-0.00344306677598464,0.0074378440837313,0.471794085268876
AMDHD2,N-acetylglucosamine-6-phosphate deacetylase,NMR metabolomics,X23436.Total Cholines,40516,-0.000284680437637736,0.00266942067251482,-0.00551674495576678,0.00494738408049131,0.915072485927568
AMDHD2,N-acetylglucosamine-6-phosphate deacetylase,NMR metabolomics,X23437.Phosphatidylcholines,40516,-0.000280052351407228,0.00268879813274224,-0.00555009669158203,0.00498999198876757,0.91704801759113
AMDHD2,N-acetylglucosamine-6-phosphate deacetylase,NMR metabolomics,X23438.Sphingomyelins,40516,-0.000944233871399324,0.0026145846328047,-0.00606881975169653,0.00418035200889788,0.71800073677169
AMDHD2,N-acetylglucosamine-6-phosphate deacetylase,NMR metabolomics,X23439.Apolipoprotein B,40527,-0.00153189132121167,0.00242086138960782,-0.00627677964484299,0.00321299700241964,0.52688505441239
AMDHD2,N-acetylglucosamine-6-phosphate deacetylase,NMR metabolomics,X23440.Apolipoprotein A1,40527,0.00156969773825449,0.00275086812118757,-0.00382200377927314,0.00696139925578212,0.568269219444752
AMDHD2,N-acetylglucosamine-6-phosphate deacetylase,NMR metabolomics,X23441.Apolipoprotein B to Apolipoprotein A1 ratio,40527,-0.00211881628050181,0.0024784679150544,-0.00697661339400843,0.00273898083300482,0.392630376737055
AMDHD2,N-acetylglucosamine-6-phosphate deacetylase,NMR metabolomics,X23442.Total Fatty Acids,40516,0.000376747883112393,0.00258944572849147,-0.00469856574473089,0.00545206151095567,0.884323727308662
AMDHD2,N-acetylglucosamine-6-phosphate deacetylase,NMR metabolomics,X23443.Degree of Unsaturation,40516,-0.00440761577324982,0.00260218905494834,-0.00950790632094858,0.000692674774448933,0.0903287580448358
AMDHD2,N-acetylglucosamine-6-phosphate deacetylase,NMR metabolomics,X23444.Omega-3 Fatty Acids,40516,-0.00269954279810483,0.00258852894986241,-0.00777305953983515,0.00237397394362549,0.297022968503501
AMDHD2,N-acetylglucosamine-6-phosphate deacetylase,NMR metabolomics,X23445.Omega-6 Fatty Acids,40516,-0.000707737107731233,0.00255113689249265,-0.00570796541701683,0.00429249120155436,0.781462477300134
AMDHD2,N-acetylglucosamine-6-phosphate deacetylase,NMR metabolomics,X23446.Polyunsaturated Fatty Acids,40516,-0.00115594452209504,0.00258783937574754,-0.00622810969856021,0.00391622065437014,0.655112315514503
AMDHD2,N-acetylglucosamine-6-phosphate deacetylase,NMR metabolomics,X23447.Monounsaturated Fatty Acids,40516,0.0018220847777066,0.00264661474858018,-0.00336528012951056,0.00700944968492376,0.491178116096946
AMDHD2,N-acetylglucosamine-6-phosphate deacetylase,NMR metabolomics,X23448.Saturated Fatty Acids,40516,0.000486943521576272,0.00258770180587482,-0.00458495201793838,0.00555883906109092,0.850742013628548
AMDHD2,N-acetylglucosamine-6-phosphate deacetylase,NMR metabolomics,X23449.Linoleic Acid,40516,-0.000258900507349496,0.002495473332966,-0.00515002823996286,0.00463222722526387,0.917371126713623
AMDHD2,N-acetylglucosamine-6-phosphate deacetylase,NMR metabolomics,X23450.Docosahexaenoic Acid,40516,-0.00231659187257268,0.00258566510794906,-0.00738449548415284,0.00275131173900748,0.37030570047945
AMDHD2,N-acetylglucosamine-6-phosphate deacetylase,NMR metabolomics,X23451.Omega-3 Fatty Acids to Total Fatty Acids percentage,40516,-0.00345645374579215,0.0025454288708879,-0.00844549433273243,0.00153258684114813,0.174520497620825
AMDHD2,N-acetylglucosamine-6-phosphate deacetylase,NMR metabolomics,X23452.Omega-6 Fatty Acids to Total Fatty Acids percentage,40516,-0.0016516216318399,0.00276192246041184,-0.00706498965424711,0.00376174639056731,0.549853826720558
AMDHD2,N-acetylglucosamine-6-phosphate deacetylase,NMR metabolomics,X23453.Polyunsaturated Fatty Acids to Total Fatty Acids percentage,40516,-0.00301971674342644,0.00271867415411919,-0.00834831808550005,0.00230888459864718,0.266707570852673
AMDHD2,N-acetylglucosamine-6-phosphate deacetylase,NMR metabolomics,X23454.Monounsaturated Fatty Acids to Total Fatty Acids percentage,40516,0.00405297812268787,0.00276561769256675,-0.00136763255474296,0.0094735888001187,0.142815732810786
AMDHD2,N-acetylglucosamine-6-phosphate deacetylase,NMR metabolomics,X23455.Saturated Fatty Acids to Total Fatty Acids percentage,40516,0.000325004574947976,0.00250211742910595,-0.00457914558609969,0.00522915473599564,0.896654327348512
AMDHD2,N-acetylglucosamine-6-phosphate deacetylase,NMR metabolomics,X23456.Linoleic Acid to Total Fatty Acids percentage,40516,-0.000633834955671056,0.00264526657115406,-0.00581855743513302,0.00455088752379091,0.810636177594312
AMDHD2,N-acetylglucosamine-6-phosphate deacetylase,NMR metabolomics,X23457.Docosahexaenoic Acid to Total Fatty Acids percentage,40516,-0.00223838072699934,0.00254505999808757,-0.00722669832325097,0.0027499368692523,0.379148801491088
AMDHD2,N-acetylglucosamine-6-phosphate deacetylase,NMR metabolomics,X23458.Polyunsaturated Fatty Acids to Monounsaturated Fatty Acids ratio,40516,-0.00376599019000312,0.00276379364849941,-0.00918302574106196,0.00165104536105573,0.173030581068827
AMDHD2,N-acetylglucosamine-6-phosphate deacetylase,NMR metabolomics,X23459.Omega-6 Fatty Acids to Omega-3 Fatty Acids ratio,40516,0.00270147725182943,0.00252309567413865,-0.00224379026948232,0.00764674477314117,0.284327395915035
AMDHD2,N-acetylglucosamine-6-phosphate deacetylase,NMR metabolomics,X23460.Alanine,40521,-0.0049392515330804,0.00250958942404622,-0.00985804680421098,-2.04562619498094e-05,0.0490749914034311
AMDHD2,N-acetylglucosamine-6-phosphate deacetylase,NMR metabolomics,X23461.Glutamine,40488,-0.00185706859974495,0.00251132976254014,-0.00677927493432362,0.00306513773483372,0.459633253221817
AMDHD2,N-acetylglucosamine-6-phosphate deacetylase,NMR metabolomics,X23462.Glycine,40512,0.00500543370012095,0.00265639789521738,-0.000201106174505116,0.010211973574747,0.0595508709398261
AMDHD2,N-acetylglucosamine-6-phosphate deacetylase,NMR metabolomics,X23463.Histidine,40508,0.00308440909730347,0.00246283723747351,-0.00174275188814462,0.00791157008275156,0.210457169573085
AMDHD2,N-acetylglucosamine-6-phosphate deacetylase,NMR metabolomics,X23464.Total Concentration of Branched-Chain Amino Acids (Leucine + Isoleucine + Valine),40519,-0.00125806057139295,0.00261273361675472,-0.0063790184602322,0.00386289731744631,0.63016250558567
AMDHD2,N-acetylglucosamine-6-phosphate deacetylase,NMR metabolomics,X23465.Isoleucine,40523,-0.00181612789904719,0.00254338849326213,-0.00680116934584098,0.00316891354774659,0.475205783651041
AMDHD2,N-acetylglucosamine-6-phosphate deacetylase,NMR metabolomics,X23466.Leucine,40523,-1.91002110889904e-05,0.00257123084067224,-0.00505871265880659,0.00502051223662861,0.994073154836347
AMDHD2,N-acetylglucosamine-6-phosphate deacetylase,NMR metabolomics,X23467.Valine,40519,-0.00172533507403588,0.0026430815315894,-0.0069057748759511,0.00345510472787934,0.513915196379841
AMDHD2,N-acetylglucosamine-6-phosphate deacetylase,NMR metabolomics,X23468.Phenylalanine,40521,0.00242423912097037,0.0024942859107175,-0.00246456126403593,0.00731303950597667,0.331112547404936
AMDHD2,N-acetylglucosamine-6-phosphate deacetylase,NMR metabolomics,X23469.Tyrosine,40510,-0.000587143980976133,0.002537769829495,-0.00556117284678633,0.00438688488483406,0.817037620799819
AMDHD2,N-acetylglucosamine-6-phosphate deacetylase,NMR metabolomics,X23470.Glucose,40502,0.00273627242515286,0.00248341259191213,-0.00213121625499491,0.00760376110530064,0.270563600893843
AMDHD2,N-acetylglucosamine-6-phosphate deacetylase,NMR metabolomics,X23471.Lactate,40504,0.00182303176561601,0.00249790111252968,-0.00307285441494217,0.00671891794617418,0.465512010201045
AMDHD2,N-acetylglucosamine-6-phosphate deacetylase,NMR metabolomics,X23472.Pyruvate,40490,0.00140905620671872,0.00249229359821745,-0.00347583924578748,0.00629395165922492,0.57183658046379
AMDHD2,N-acetylglucosamine-6-phosphate deacetylase,NMR metabolomics,X23473.Citrate,40524,0.00190107259562253,0.00249841587001211,-0.00299582250960121,0.00679796770084627,0.446725949133303
AMDHD2,N-acetylglucosamine-6-phosphate deacetylase,NMR metabolomics,X23474.3-Hydroxybutyrate,40338,-0.0012375722629917,0.00263238901671269,-0.00639705473574858,0.00392191020976518,0.638269383751668
AMDHD2,N-acetylglucosamine-6-phosphate deacetylase,NMR metabolomics,X23475.Acetate,40515,-0.00278748724197776,0.00246368310775528,-0.00761630613317812,0.00204133164922259,0.257897730115183
AMDHD2,N-acetylglucosamine-6-phosphate deacetylase,NMR metabolomics,X23476.Acetoacetate,40525,-0.00154587585449753,0.00252606051922866,-0.0064969544721857,0.00340520276319064,0.540569204654238
AMDHD2,N-acetylglucosamine-6-phosphate deacetylase,NMR metabolomics,X23477.Acetone,40525,-0.000406288739524851,0.00249985981313698,-0.00530601397327333,0.00449343649422363,0.870895648547609
AMDHD2,N-acetylglucosamine-6-phosphate deacetylase,NMR metabolomics,X23478.Creatinine,40260,-0.00238925694916004,0.00291319990233033,-0.00809912875772748,0.0033206148594074,0.412149039558137
AMDHD2,N-acetylglucosamine-6-phosphate deacetylase,NMR metabolomics,X23479.Albumin,40524,0.000284355400570739,0.00250561739187332,-0.00462665468750097,0.00519536548864245,0.909646353282744
AMDHD2,N-acetylglucosamine-6-phosphate deacetylase,NMR metabolomics,X23480.Glycoprotein Acetyls,40527,-0.00167224319441944,0.00266809105576028,-0.0069017016637096,0.00355721527487071,0.530831539933595
AMDHD2,N-acetylglucosamine-6-phosphate deacetylase,NMR metabolomics,X23481.Concentration of Chylomicrons and Extremely Large VLDL Particles,40527,0.000752726624908962,0.00267716333115713,-0.00449451350415902,0.00599996675397695,0.778588409091574
AMDHD2,N-acetylglucosamine-6-phosphate deacetylase,NMR metabolomics,X23482.Total Lipids in Chylomicrons and Extremely Large VLDL,40527,0.000875957855199335,0.00264160655499225,-0.00430159099258548,0.00605350670298415,0.740197130550317
AMDHD2,N-acetylglucosamine-6-phosphate deacetylase,NMR metabolomics,X23483.Phospholipids in Chylomicrons and Extremely Large VLDL,40527,0.000906782548501006,0.00268400960194948,-0.00435387627131998,0.00616744136832199,0.735485320592241
AMDHD2,N-acetylglucosamine-6-phosphate deacetylase,NMR metabolomics,X23484.Cholesterol in Chylomicrons and Extremely Large VLDL,40527,0.000924647694433583,0.0026533760743852,-0.0042759694113614,0.00612526480022857,0.727486430841631
AMDHD2,N-acetylglucosamine-6-phosphate deacetylase,NMR metabolomics,X23485.Cholesteryl Esters in Chylomicrons and Extremely Large VLDL,40527,0.00125500529355635,0.00261993551451829,-0.00388006831489949,0.0063900789020122,0.631932615419642
AMDHD2,N-acetylglucosamine-6-phosphate deacetylase,NMR metabolomics,X23486.Free Cholesterol in Chylomicrons and Extremely Large VLDL,40527,0.00106936949363676,0.00267935652877064,-0.00418216930275369,0.00632090829002722,0.689816509447042
AMDHD2,N-acetylglucosamine-6-phosphate deacetylase,NMR metabolomics,X23487.Triglycerides in Chylomicrons and Extremely Large VLDL,40527,0.000494479669392098,0.0026192118281835,-0.00463917551384756,0.00562813485263175,0.850261188720084
AMDHD2,N-acetylglucosamine-6-phosphate deacetylase,NMR metabolomics,X23488.Concentration of Very Large VLDL Particles,40527,0.00152618659689538,0.0026668517453225,-0.00370084282393672,0.00675321601772748,0.567143475841399
AMDHD2,N-acetylglucosamine-6-phosphate deacetylase,NMR metabolomics,X23489.Total Lipids in Very Large VLDL,40527,0.00166319082017891,0.00265305756600715,-0.0035368020091951,0.00686318364955292,0.530740125392837
AMDHD2,N-acetylglucosamine-6-phosphate deacetylase,NMR metabolomics,X23490.Phospholipids in Very Large VLDL,40527,0.00112706084528876,0.0026472640295146,-0.00406157665255985,0.00631569834313737,0.670301361402141
AMDHD2,N-acetylglucosamine-6-phosphate deacetylase,NMR metabolomics,X23491.Cholesterol in Very Large VLDL,40527,0.000533345554996211,0.00258606625080018,-0.00453534429657214,0.00560203540656456,0.836608582887875
AMDHD2,N-acetylglucosamine-6-phosphate deacetylase,NMR metabolomics,X23492.Cholesteryl Esters in Very Large VLDL,40527,0.000249572789028899,0.00254359264521304,-0.00473586879558867,0.00523501437364646,0.921840153112186
AMDHD2,N-acetylglucosamine-6-phosphate deacetylase,NMR metabolomics,X23493.Free Cholesterol in Very Large VLDL,40527,0.00082320085244227,0.00262887100183708,-0.00432938631115841,0.00597578801604295,0.75418116480662
AMDHD2,N-acetylglucosamine-6-phosphate deacetylase,NMR metabolomics,X23494.Triglycerides in Very Large VLDL,40527,0.00194153739939602,0.00266696644914682,-0.00328571684093175,0.0071687916397238,0.466631880351217
AMDHD2,N-acetylglucosamine-6-phosphate deacetylase,NMR metabolomics,X23495.Concentration of Large VLDL Particles,40527,0.00157069168731875,0.00263568667057559,-0.0035952541870094,0.0067366375616469,0.551232135603082
AMDHD2,N-acetylglucosamine-6-phosphate deacetylase,NMR metabolomics,X23496.Total Lipids in Large VLDL,40527,0.00165114191765975,0.00261960789449666,-0.0034832895555537,0.0067855733908732,0.528510266867867
AMDHD2,N-acetylglucosamine-6-phosphate deacetylase,NMR metabolomics,X23497.Phospholipids in Large VLDL,40527,0.00153585381509068,0.00263322175961402,-0.0036252608337528,0.00669696846393417,0.559729663730625
AMDHD2,N-acetylglucosamine-6-phosphate deacetylase,NMR metabolomics,X23498.Cholesterol in Large VLDL,40527,0.000587351941877489,0.0025814517419331,-0.0044722934723114,0.00564699735606637,0.820017487340302
AMDHD2,N-acetylglucosamine-6-phosphate deacetylase,NMR metabolomics,X23499.Cholesteryl Esters in Large VLDL,40527,-6.40772168451048e-06,0.00253593885197464,-0.0049768478715548,0.00496403242818578,0.997983979788447
AMDHD2,N-acetylglucosamine-6-phosphate deacetylase,NMR metabolomics,X23500.Free Cholesterol in Large VLDL,40527,0.00114037879735631,0.00262761946470285,-0.00400975535346128,0.0062905129481739,0.664298927397027
AMDHD2,N-acetylglucosamine-6-phosphate deacetylase,NMR metabolomics,X23501.Triglycerides in Large VLDL,40527,0.00175351981204931,0.00261331835453618,-0.00336858416284161,0.00687562378694023,0.502238300484009
AMDHD2,N-acetylglucosamine-6-phosphate deacetylase,NMR metabolomics,X23502.Concentration of Medium VLDL Particles,40527,-0.000345531650372945,0.00247221426360175,-0.00519107160703238,0.00450000830628648,0.888847312835561
AMDHD2,N-acetylglucosamine-6-phosphate deacetylase,NMR metabolomics,X23503.Total Lipids in Medium VLDL,40527,0.000218304150598372,0.00249962986346611,-0.00468097038179521,0.00511757868299195,0.930407102765964
AMDHD2,N-acetylglucosamine-6-phosphate deacetylase,NMR metabolomics,X23504.Phospholipids in Medium VLDL,40527,-0.000542799834128643,0.0024622180444514,-0.00536874720125338,0.0042831475329961,0.825523456898625
AMDHD2,N-acetylglucosamine-6-phosphate deacetylase,NMR metabolomics,X23505.Cholesterol in Medium VLDL,40527,-0.00180081234460235,0.00241720440104489,-0.00653853297065033,0.00293690828144564,0.456288402800741
AMDHD2,N-acetylglucosamine-6-phosphate deacetylase,NMR metabolomics,X23506.Cholesteryl Esters in Medium VLDL,40527,-0.00227616675661115,0.00242510378648574,-0.00702937017812321,0.00247703666490091,0.347963707149
AMDHD2,N-acetylglucosamine-6-phosphate deacetylase,NMR metabolomics,X23507.Free Cholesterol in Medium VLDL,40527,-0.00102715591489806,0.00244428480187849,-0.0058179541265799,0.00376364229678379,0.674327167361151
AMDHD2,N-acetylglucosamine-6-phosphate deacetylase,NMR metabolomics,X23508.Triglycerides in Medium VLDL,40527,0.00167002627739008,0.00259318726407884,-0.00341262076020443,0.0067526733149846,0.519585046040589
AMDHD2,N-acetylglucosamine-6-phosphate deacetylase,NMR metabolomics,X23509.Concentration of Small VLDL Particles,40527,9.76448543503893e-05,0.00255173301246256,-0.00490375185007622,0.005099041558777,0.969476198350044
AMDHD2,N-acetylglucosamine-6-phosphate deacetylase,NMR metabolomics,X23510.Total Lipids in Small VLDL,40527,0.000125790653320447,0.00254417084771592,-0.00486078420820275,0.00511236551484364,0.960567378458308
AMDHD2,N-acetylglucosamine-6-phosphate deacetylase,NMR metabolomics,X23511.Phospholipids in Small VLDL,40527,-0.000537462397452823,0.00248471475728447,-0.00540750332173038,0.00433257852682474,0.828751968962453
AMDHD2,N-acetylglucosamine-6-phosphate deacetylase,NMR metabolomics,X23512.Cholesterol in Small VLDL,40527,-0.00108867276242117,0.00245875479027501,-0.00590783215136018,0.00373048662651784,0.657937641553985
AMDHD2,N-acetylglucosamine-6-phosphate deacetylase,NMR metabolomics,X23513.Cholesteryl Esters in Small VLDL,40527,-0.00106503537697613,0.00247005709180183,-0.00590634727690773,0.00377627652295546,0.666346826328825
AMDHD2,N-acetylglucosamine-6-phosphate deacetylase,NMR metabolomics,X23514.Free Cholesterol in Small VLDL,40527,-0.00111139399643365,0.00244193806040412,-0.00589759259482573,0.00367480460195842,0.64902598831101
AMDHD2,N-acetylglucosamine-6-phosphate deacetylase,NMR metabolomics,X23515.Triglycerides in Small VLDL,40527,0.00145250082106363,0.00264035386285876,-0.00372259275013954,0.00662759439226681,0.582250676588715
AMDHD2,N-acetylglucosamine-6-phosphate deacetylase,NMR metabolomics,X23516.Concentration of Very Small VLDL Particles,40527,-0.00274335019751095,0.00248318156699224,-0.00761038606881575,0.00212368567379385,0.269281722564648
AMDHD2,N-acetylglucosamine-6-phosphate deacetylase,NMR metabolomics,X23517.Total Lipids in Very Small VLDL,40527,-0.00283054577686894,0.00250629111505065,-0.00774287636236822,0.00208178480863034,0.258763031766104
AMDHD2,N-acetylglucosamine-6-phosphate deacetylase,NMR metabolomics,X23518.Phospholipids in Very Small VLDL,40527,-0.00297914227803394,0.00250647895913681,-0.00789184103794209,0.00193355648187422,0.234631219651299
AMDHD2,N-acetylglucosamine-6-phosphate deacetylase,NMR metabolomics,X23519.Cholesterol in Very Small VLDL,40527,-0.0036329808039405,0.00247487535457189,-0.0084837364989014,0.0012177748910204,0.142146926157026
AMDHD2,N-acetylglucosamine-6-phosphate deacetylase,NMR metabolomics,X23520.Cholesteryl Esters in Very Small VLDL,40527,-0.00368804106606325,0.00247893808953697,-0.00854675972155572,0.00117067758942921,0.136844559893785
AMDHD2,N-acetylglucosamine-6-phosphate deacetylase,NMR metabolomics,X23521.Free Cholesterol in Very Small VLDL,40527,-0.00333005582615498,0.00248601939504768,-0.00820265384044843,0.00154254218813847,0.180430516857997
AMDHD2,N-acetylglucosamine-6-phosphate deacetylase,NMR metabolomics,X23522.Triglycerides in Very Small VLDL,40527,0.000178233955867984,0.0026375349734226,-0.00499133459204032,0.00534780250377629,0.946124385478573
AMDHD2,N-acetylglucosamine-6-phosphate deacetylase,NMR metabolomics,X23523.Concentration of IDL Particles,40527,-0.00260505024982505,0.00241153792649453,-0.00733166458575432,0.00212156408610422,0.280056365996296
AMDHD2,N-acetylglucosamine-6-phosphate deacetylase,NMR metabolomics,X23524.Total Lipids in IDL,40527,-0.0025710595566916,0.00248570071995319,-0.00744303296779985,0.00230091385441665,0.300999337510417
AMDHD2,N-acetylglucosamine-6-phosphate deacetylase,NMR metabolomics,X23525.Phospholipids in IDL,40527,-0.00289624489708112,0.00248940853763107,-0.00777548563083802,0.00198299583667578,0.244680828779547
AMDHD2,N-acetylglucosamine-6-phosphate deacetylase,NMR metabolomics,X23526.Cholesterol in IDL,40527,-0.0025337013255302,0.00248493163344813,-0.00740416732708853,0.00233676467602813,0.307927553672696
AMDHD2,N-acetylglucosamine-6-phosphate deacetylase,NMR metabolomics,X23527.Cholesteryl Esters in IDL,40527,-0.00236801190104813,0.00248806917343249,-0.00724462748097581,0.00250860367887954,0.341245699928372
AMDHD2,N-acetylglucosamine-6-phosphate deacetylase,NMR metabolomics,X23528.Free Cholesterol in IDL,40527,-0.00286735962677987,0.00247398750389274,-0.00771637513440963,0.0019816558808499,0.246479268782778
AMDHD2,N-acetylglucosamine-6-phosphate deacetylase,NMR metabolomics,X23529.Triglycerides in IDL,40527,-0.00042423853185465,0.00264141152787711,-0.00560140512649378,0.00475292806278448,0.872403015578574
AMDHD2,N-acetylglucosamine-6-phosphate deacetylase,NMR metabolomics,X23530.Concentration of Large LDL Particles,40527,-0.00171054244907612,0.0024210561202468,-0.00645581244475984,0.0030347275466076,0.479874753828649
AMDHD2,N-acetylglucosamine-6-phosphate deacetylase,NMR metabolomics,X23531.Total Lipids in Large LDL,40527,-0.00113323162313457,0.00245818869700478,-0.00595128146926393,0.0036848182229948,0.644805515504939
AMDHD2,N-acetylglucosamine-6-phosphate deacetylase,NMR metabolomics,X23532.Phospholipids in Large LDL,40527,-0.0013364174245922,0.00244120336109498,-0.00612117601233836,0.00344834116315396,0.584085838486081
AMDHD2,N-acetylglucosamine-6-phosphate deacetylase,NMR metabolomics,X23533.Cholesterol in Large LDL,40527,-0.00110723329814347,0.00246229013622557,-0.00593332196514559,0.00371885536885866,0.652952527149981
AMDHD2,N-acetylglucosamine-6-phosphate deacetylase,NMR metabolomics,X23534.Cholesteryl Esters in Large LDL,40527,-0.000952554367127104,0.00246175313751269,-0.00577759051665198,0.00387248178239778,0.698806807798611
AMDHD2,N-acetylglucosamine-6-phosphate deacetylase,NMR metabolomics,X23535.Free Cholesterol in Large LDL,40527,-0.00147888228863831,0.00246720760690304,-0.00631460919816827,0.00335684462089165,0.548907878003439
AMDHD2,N-acetylglucosamine-6-phosphate deacetylase,NMR metabolomics,X23536.Triglycerides in Large LDL,40527,0.000149714295872795,0.00264609059804308,-0.00503662327629164,0.00533605186803723,0.954881218771925
AMDHD2,N-acetylglucosamine-6-phosphate deacetylase,NMR metabolomics,X23537.Concentration of Medium LDL Particles,40527,-0.00066546544692235,0.00243393053606887,-0.00543596929761733,0.00410503840377262,0.78454162811725
AMDHD2,N-acetylglucosamine-6-phosphate deacetylase,NMR metabolomics,X23538.Total Lipids in Medium LDL,40527,-0.00020216741497637,0.00244917646916779,-0.00500255329454524,0.0045982184645925,0.934214746820227
AMDHD2,N-acetylglucosamine-6-phosphate deacetylase,NMR metabolomics,X23539.Phospholipids in Medium LDL,40527,-0.000332517942335185,0.00244211508335451,-0.00511906350571001,0.00445402762103965,0.891697359230922
AMDHD2,N-acetylglucosamine-6-phosphate deacetylase,NMR metabolomics,X23540.Cholesterol in Medium LDL,40527,-0.000268247706050797,0.00244335366944955,-0.00505722089817192,0.00452072548607033,0.912580492825655
AMDHD2,N-acetylglucosamine-6-phosphate deacetylase,NMR metabolomics,X23541.Cholesteryl Esters in Medium LDL,40527,-6.82170753315373e-05,0.00245685161453505,-0.00488364623982023,0.00474721208915716,0.977849229154678
AMDHD2,N-acetylglucosamine-6-phosphate deacetylase,NMR metabolomics,X23542.Free Cholesterol in Medium LDL,40527,-0.000727715608175128,0.00243425721440624,-0.00549885974841135,0.0040434285320611,0.764985428427838
AMDHD2,N-acetylglucosamine-6-phosphate deacetylase,NMR metabolomics,X23543.Triglycerides in Medium LDL,40527,0.00130222231022777,0.00265857235918885,-0.00390857951378237,0.00651302413423791,0.624270652335407
AMDHD2,N-acetylglucosamine-6-phosphate deacetylase,NMR metabolomics,X23544.Concentration of Small LDL Particles,40527,-0.000844322373769849,0.00242001732269568,-0.00558755632625339,0.00389891157871369,0.727177589451853
AMDHD2,N-acetylglucosamine-6-phosphate deacetylase,NMR metabolomics,X23545.Total Lipids in Small LDL,40527,-0.000737817403194689,0.00242406486806768,-0.00548898454460735,0.00401334973821797,0.760850107354411
AMDHD2,N-acetylglucosamine-6-phosphate deacetylase,NMR metabolomics,X23546.Phospholipids in Small LDL,40527,-0.00143746902591333,0.00240398870246056,-0.00614928688273602,0.00327434883090936,0.549884139298034
AMDHD2,N-acetylglucosamine-6-phosphate deacetylase,NMR metabolomics,X23547.Cholesterol in Small LDL,40527,-0.000587993956670696,0.0024225462739235,-0.00533618465356075,0.00416019674021936,0.808228775957734
AMDHD2,N-acetylglucosamine-6-phosphate deacetylase,NMR metabolomics,X23548.Cholesteryl Esters in Small LDL,40527,-0.000356476382840613,0.00243955405391086,-0.0051380023285059,0.00442504956282467,0.883826427438833
AMDHD2,N-acetylglucosamine-6-phosphate deacetylase,NMR metabolomics,X23549.Free Cholesterol in Small LDL,40527,-0.00108180417522189,0.00241325098456952,-0.00581177610497815,0.00364816775453438,0.653962087522073
AMDHD2,N-acetylglucosamine-6-phosphate deacetylase,NMR metabolomics,X23550.Triglycerides in Small LDL,40527,0.00162011702282031,0.0026678013642049,-0.00360877365102129,0.0068490076966619,0.543673641793545
AMDHD2,N-acetylglucosamine-6-phosphate deacetylase,NMR metabolomics,X23551.Concentration of Very Large HDL Particles,40527,-0.00257258567547469,0.00276902908396217,-0.00799988268004054,0.00285471132909117,0.352879367888178
AMDHD2,N-acetylglucosamine-6-phosphate deacetylase,NMR metabolomics,X23552.Total Lipids in Very Large HDL,40527,-0.00302033237163016,0.00278169893235226,-0.00847246227904059,0.00243179753578027,0.277596360427746
AMDHD2,N-acetylglucosamine-6-phosphate deacetylase,NMR metabolomics,X23553.Phospholipids in Very Large HDL,40527,-0.00305049578276546,0.00279751294277163,-0.00853362115059785,0.00243262958506693,0.275546367014881
AMDHD2,N-acetylglucosamine-6-phosphate deacetylase,NMR metabolomics,X23554.Cholesterol in Very Large HDL,40527,-0.00293376754555967,0.00275534502529681,-0.00833424379514141,0.00246670870402208,0.287009473075795
AMDHD2,N-acetylglucosamine-6-phosphate deacetylase,NMR metabolomics,X23555.Cholesteryl Esters in Very Large HDL,40527,-0.00266845055311486,0.00278573198050027,-0.0081284852348954,0.00279158412866568,0.338134002424174
AMDHD2,N-acetylglucosamine-6-phosphate deacetylase,NMR metabolomics,X23556.Free Cholesterol in Very Large HDL,40527,-0.00342107329960562,0.00263042185563263,-0.00857670013664558,0.00173455353743434,0.193428800634055
AMDHD2,N-acetylglucosamine-6-phosphate deacetylase,NMR metabolomics,X23557.Triglycerides in Very Large HDL,40527,5.67482616365695e-05,0.00259959926675086,-0.00503846630119511,0.00515196282446825,0.982584251548189
AMDHD2,N-acetylglucosamine-6-phosphate deacetylase,NMR metabolomics,X23558.Concentration of Large HDL Particles,40527,-0.00121963287644612,0.00290839956120592,-0.00692009601640973,0.00448083026351748,0.674969433683131
AMDHD2,N-acetylglucosamine-6-phosphate deacetylase,NMR metabolomics,X23559.Total Lipids in Large HDL,40527,-0.00108720894089882,0.00291338080580978,-0.00679743532028599,0.00462301743848835,0.709023122534705
AMDHD2,N-acetylglucosamine-6-phosphate deacetylase,NMR metabolomics,X23560.Phospholipids in Large HDL,40527,-0.000716786042185591,0.00291102351068839,-0.00642239212313484,0.00498882003876366,0.805507397116083
AMDHD2,N-acetylglucosamine-6-phosphate deacetylase,NMR metabolomics,X23561.Cholesterol in Large HDL,40527,-0.00153654273296547,0.00288479257841102,-0.00719073618665107,0.00411765072072012,0.594296414830791
AMDHD2,N-acetylglucosamine-6-phosphate deacetylase,NMR metabolomics,X23562.Cholesteryl Esters in Large HDL,40527,-0.00138552497284374,0.00287959031013373,-0.00702952198070586,0.00425847203501838,0.630416691825865
AMDHD2,N-acetylglucosamine-6-phosphate deacetylase,NMR metabolomics,X23563.Free Cholesterol in Large HDL,40527,-0.00186793112874436,0.00288649001027492,-0.00752545154888321,0.00378958929139449,0.517561624065777
AMDHD2,N-acetylglucosamine-6-phosphate deacetylase,NMR metabolomics,X23564.Triglycerides in Large HDL,40527,-0.000655923860398045,0.00267239099770714,-0.00589381021590404,0.00458196249510795,0.806116666332939
AMDHD2,N-acetylglucosamine-6-phosphate deacetylase,NMR metabolomics,X23565.Concentration of Medium HDL Particles,40527,0.00188496466455166,0.00272627196705136,-0.003458528390869,0.00722845771997233,0.489323705622708
AMDHD2,N-acetylglucosamine-6-phosphate deacetylase,NMR metabolomics,X23566.Total Lipids in Medium HDL,40527,0.0019226224320021,0.00270237107000892,-0.00337402486521539,0.00721926972921958,0.476815360429454
AMDHD2,N-acetylglucosamine-6-phosphate deacetylase,NMR metabolomics,X23567.Phospholipids in Medium HDL,40527,0.00193667281332414,0.00268622627855377,-0.00332833069264125,0.00720167631928953,0.47094645093393
AMDHD2,N-acetylglucosamine-6-phosphate deacetylase,NMR metabolomics,X23568.Cholesterol in Medium HDL,40527,0.00183953924716351,0.00272173756515077,-0.003495066380532,0.00717414487485901,0.499137332284953
AMDHD2,N-acetylglucosamine-6-phosphate deacetylase,NMR metabolomics,X23569.Cholesteryl Esters in Medium HDL,40527,0.00195317539431554,0.00270697550098685,-0.00335249658761869,0.00725884737624977,0.470595793676984
AMDHD2,N-acetylglucosamine-6-phosphate deacetylase,NMR metabolomics,X23570.Free Cholesterol in Medium HDL,40527,0.0013645404753871,0.002769327956268,-0.00406334231889818,0.00679242326967239,0.622210495981312
AMDHD2,N-acetylglucosamine-6-phosphate deacetylase,NMR metabolomics,X23571.Triglycerides in Medium HDL,40527,0.000628811072151778,0.00259088338558254,-0.00444932036359001,0.00570694250789357,0.808241100768605
AMDHD2,N-acetylglucosamine-6-phosphate deacetylase,NMR metabolomics,X23572.Concentration of Small HDL Particles,40527,0.00297125449874981,0.0024905627976538,-0.00191024858465164,0.00785275758215125,0.23289229132812
AMDHD2,N-acetylglucosamine-6-phosphate deacetylase,NMR metabolomics,X23573.Total Lipids in Small HDL,40527,0.00306827014483599,0.00251145748133424,-0.00185418651857913,0.00799072680825111,0.221843112761357
AMDHD2,N-acetylglucosamine-6-phosphate deacetylase,NMR metabolomics,X23574.Phospholipids in Small HDL,40527,0.002905658855982,0.00252734354701839,-0.00204793449617404,0.00785925220813804,0.250296283093951
AMDHD2,N-acetylglucosamine-6-phosphate deacetylase,NMR metabolomics,X23575.Cholesterol in Small HDL,40527,0.00309068222334112,0.00248936212192047,-0.00178846753562301,0.00796983198230524,0.21442615740499
AMDHD2,N-acetylglucosamine-6-phosphate deacetylase,NMR metabolomics,X23576.Cholesteryl Esters in Small HDL,40527,0.00326160638348143,0.00247217733122334,-0.00158386118571631,0.00810707395267918,0.187086998280106
AMDHD2,N-acetylglucosamine-6-phosphate deacetylase,NMR metabolomics,X23577.Free Cholesterol in Small HDL,40527,0.00222994309393723,0.00256027048535687,-0.00278818705736224,0.00724807324523669,0.383783798334097
AMDHD2,N-acetylglucosamine-6-phosphate deacetylase,NMR metabolomics,X23578.Triglycerides in Small HDL,40527,0.0013723674248466,0.00264341715288855,-0.00380873019481496,0.00655346504450816,0.603656413044144
AMDHD2,N-acetylglucosamine-6-phosphate deacetylase,NMR metabolomics,X23579.Phospholipids to Total Lipids in Chylomicrons and Extremely Large VLDL percentage,40097,-0.000801112023218979,0.00253666064811191,-0.00577296689351833,0.00417074284708037,0.752150012138808
AMDHD2,N-acetylglucosamine-6-phosphate deacetylase,NMR metabolomics,X23580.Cholesterol to Total Lipids in Chylomicrons and Extremely Large VLDL percentage,40097,0.000231116876307974,0.00261213325947235,-0.00488866431225783,0.00535089806487378,0.929498226930661
AMDHD2,N-acetylglucosamine-6-phosphate deacetylase,NMR metabolomics,X23581.Cholesteryl Esters to Total Lipids in Chylomicrons and Extremely Large VLDL percentage,40097,0.000723558953961546,0.0025798363509626,-0.00433292029392514,0.00578003820184824,0.77912456365454
AMDHD2,N-acetylglucosamine-6-phosphate deacetylase,NMR metabolomics,X23582.Free Cholesterol to Total Lipids in Chylomicrons and Extremely Large VLDL percentage,40097,-0.000787894173569304,0.0026280362687673,-0.0059388452603532,0.0043630569132146,0.764332847072934
AMDHD2,N-acetylglucosamine-6-phosphate deacetylase,NMR metabolomics,X23583.Triglycerides to Total Lipids in Chylomicrons and Extremely Large VLDL percentage,40097,-0.00058656643790344,0.00259310822053373,-0.00566905855014954,0.00449592567434266,0.821048503702827
AMDHD2,N-acetylglucosamine-6-phosphate deacetylase,NMR metabolomics,X23584.Phospholipids to Total Lipids in Very Large VLDL percentage,40428,-0.00199553069475195,0.00251839253373539,-0.00693158006087331,0.00294051867136941,0.428154291372617
AMDHD2,N-acetylglucosamine-6-phosphate deacetylase,NMR metabolomics,X23585.Cholesterol to Total Lipids in Very Large VLDL percentage,40428,-0.00272149144409352,0.00264571555957244,-0.00790709394085549,0.00246411105266845,0.303670560204428
AMDHD2,N-acetylglucosamine-6-phosphate deacetylase,NMR metabolomics,X23586.Cholesteryl Esters to Total Lipids in Very Large VLDL percentage,40428,-0.00209357850854668,0.00265307220495157,-0.00729360003025176,0.0031064430131584,0.430061573240282
AMDHD2,N-acetylglucosamine-6-phosphate deacetylase,NMR metabolomics,X23587.Free Cholesterol to Total Lipids in Very Large VLDL percentage,40428,-0.00384424335825842,0.00260752428467166,-0.00895499095621488,0.00126650423969804,0.140431921249929
AMDHD2,N-acetylglucosamine-6-phosphate deacetylase,NMR metabolomics,X23588.Triglycerides to Total Lipids in Very Large VLDL percentage,40428,0.00215585382933269,0.00259909409477246,-0.00293837059642134,0.00725007825508672,0.406859775114489
AMDHD2,N-acetylglucosamine-6-phosphate deacetylase,NMR metabolomics,X23589.Phospholipids to Total Lipids in Large VLDL percentage,40526,0.00178937541291434,0.00258806801530774,-0.00328323789708883,0.0068619887229175,0.489331963489966
AMDHD2,N-acetylglucosamine-6-phosphate deacetylase,NMR metabolomics,X23590.Cholesterol to Total Lipids in Large VLDL percentage,40526,-0.00205933915923581,0.00250772911516933,-0.00697448822496769,0.00285580990649608,0.41155144644067
AMDHD2,N-acetylglucosamine-6-phosphate deacetylase,NMR metabolomics,X23591.Cholesteryl Esters to Total Lipids in Large VLDL percentage,40526,-0.00289876851834198,0.00257691753990842,-0.00794952689656249,0.00215198985987853,0.260656227984596
AMDHD2,N-acetylglucosamine-6-phosphate deacetylase,NMR metabolomics,X23592.Free Cholesterol to Total Lipids in Large VLDL percentage,40526,-7.91338567206631e-05,0.00247423374557644,-0.00492863199805049,0.00477036428460916,0.974486029818805
AMDHD2,N-acetylglucosamine-6-phosphate deacetylase,NMR metabolomics,X23593.Triglycerides to Total Lipids in Large VLDL percentage,40526,0.000200210925919709,0.00246524034541471,-0.00463166015109312,0.00503208200293254,0.935273556113006
AMDHD2,N-acetylglucosamine-6-phosphate deacetylase,NMR metabolomics,X23594.Phospholipids to Total Lipids in Medium VLDL percentage,40527,-0.00265105824442548,0.00250971708504286,-0.00757010373110948,0.00226798724225851,0.290845669439933
AMDHD2,N-acetylglucosamine-6-phosphate deacetylase,NMR metabolomics,X23595.Cholesterol to Total Lipids in Medium VLDL percentage,40527,-0.00333364980534577,0.00260733841977009,-0.00844403310809516,0.00177673349740361,0.201076712709357
AMDHD2,N-acetylglucosamine-6-phosphate deacetylase,NMR metabolomics,X23596.Cholesteryl Esters to Total Lipids in Medium VLDL percentage,40527,-0.00328374798616938,0.00263493680681503,-0.00844822412752683,0.00188072815518807,0.212704239018439
AMDHD2,N-acetylglucosamine-6-phosphate deacetylase,NMR metabolomics,X23597.Free Cholesterol to Total Lipids in Medium VLDL percentage,40527,-0.00335377695864264,0.00254181778359229,-0.00833573981448353,0.00162818589719824,0.187048592769556
AMDHD2,N-acetylglucosamine-6-phosphate deacetylase,NMR metabolomics,X23598.Triglycerides to Total Lipids in Medium VLDL percentage,40527,0.00319477978185,0.0025825070745423,-0.00186693408425291,0.00825649364795291,0.216081301719247
AMDHD2,N-acetylglucosamine-6-phosphate deacetylase,NMR metabolomics,X23599.Phospholipids to Total Lipids in Small VLDL percentage,40527,-0.00228416979665108,0.00260141530166613,-0.00738294378791669,0.00281460419461453,0.379935806186207
AMDHD2,N-acetylglucosamine-6-phosphate deacetylase,NMR metabolomics,X23600.Cholesterol to Total Lipids in Small VLDL percentage,40527,-0.00293144915379363,0.00253611295049663,-0.00790223053676702,0.00203933222917977,0.247753495601928
AMDHD2,N-acetylglucosamine-6-phosphate deacetylase,NMR metabolomics,X23601.Cholesteryl Esters to Total Lipids in Small VLDL percentage,40527,-0.00284196564538543,0.00248721702904381,-0.0077169110223113,0.00203297973154045,0.253216908431451
AMDHD2,N-acetylglucosamine-6-phosphate deacetylase,NMR metabolomics,X23602.Free Cholesterol to Total Lipids in Small VLDL percentage,40527,-0.00246607407490598,0.00261195449619773,-0.00758550488745353,0.00265335673764158,0.345113669387922
AMDHD2,N-acetylglucosamine-6-phosphate deacetylase,NMR metabolomics,X23603.Triglycerides to Total Lipids in Small VLDL percentage,40527,0.00279358956819803,0.00255822533809022,-0.0022205320944588,0.00780771123085485,0.274855026260382
AMDHD2,N-acetylglucosamine-6-phosphate deacetylase,NMR metabolomics,X23604.Phospholipids to Total Lipids in Very Small VLDL percentage,40527,-0.00241698168875917,0.00254248805374866,-0.00740025827410655,0.00256629489658821,0.341809256642104
AMDHD2,N-acetylglucosamine-6-phosphate deacetylase,NMR metabolomics,X23605.Cholesterol to Total Lipids in Very Small VLDL percentage,40527,-0.00271569459065571,0.00263393072241825,-0.00787819880659548,0.00244680962528405,0.302542879546542
AMDHD2,N-acetylglucosamine-6-phosphate deacetylase,NMR metabolomics,X23606.Cholesteryl Esters to Total Lipids in Very Small VLDL percentage,40527,-0.00242811861517346,0.00265542447280971,-0.0076327505818805,0.00277651335153357,0.360526456747456
AMDHD2,N-acetylglucosamine-6-phosphate deacetylase,NMR metabolomics,X23607.Free Cholesterol to Total Lipids in Very Small VLDL percentage,40527,-0.00440539334669042,0.00249811246722249,-0.0093016937824465,0.000490907089065663,0.0778450276586592
AMDHD2,N-acetylglucosamine-6-phosphate deacetylase,NMR metabolomics,X23608.Triglycerides to Total Lipids in Very Small VLDL percentage,40527,0.00376248307108386,0.00262325500313,-0.00137909673505094,0.00890406287721866,0.151519870375795
AMDHD2,N-acetylglucosamine-6-phosphate deacetylase,NMR metabolomics,X23609.Phospholipids to Total Lipids in IDL percentage,40527,-0.00120380381504907,0.00240448631804657,-0.00591659699842035,0.0035089893683222,0.616627850884386
AMDHD2,N-acetylglucosamine-6-phosphate deacetylase,NMR metabolomics,X23610.Cholesterol to Total Lipids in IDL percentage,40527,-0.00128047606346967,0.00254588757594247,-0.00627041571231692,0.00370946358537757,0.615003150138469
AMDHD2,N-acetylglucosamine-6-phosphate deacetylase,NMR metabolomics,X23611.Cholesteryl Esters to Total Lipids in IDL percentage,40527,-0.000147229963876814,0.00254879512794748,-0.00514286841465387,0.00484840848690025,0.953937206815006
AMDHD2,N-acetylglucosamine-6-phosphate deacetylase,NMR metabolomics,X23612.Free Cholesterol to Total Lipids in IDL percentage,40527,-0.00247452634369958,0.00243957449753294,-0.00725609235886414,0.00230703967146498,0.310448386625451
AMDHD2,N-acetylglucosamine-6-phosphate deacetylase,NMR metabolomics,X23613.Triglycerides to Total Lipids in IDL percentage,40527,0.00171940129303168,0.00262417446659522,-0.00342398066149494,0.00686278324755831,0.512341945174813
AMDHD2,N-acetylglucosamine-6-phosphate deacetylase,NMR metabolomics,X23614.Phospholipids to Total Lipids in Large LDL percentage,40527,-0.000944292419375264,0.00243455867218917,-0.00571602741686603,0.0038274425781155,0.698119480020436
AMDHD2,N-acetylglucosamine-6-phosphate deacetylase,NMR metabolomics,X23615.Cholesterol to Total Lipids in Large LDL percentage,40527,2.86174329486734e-05,0.00263461480082093,-0.00513522757666035,0.0051924624425577,0.991333664715214
AMDHD2,N-acetylglucosamine-6-phosphate deacetylase,NMR metabolomics,X23616.Cholesteryl Esters to Total Lipids in Large LDL percentage,40527,0.00136652198333719,0.00244300808418922,-0.00342177386167368,0.00615481782834806,0.575926834052276
AMDHD2,N-acetylglucosamine-6-phosphate deacetylase,NMR metabolomics,X23617.Free Cholesterol to Total Lipids in Large LDL percentage,40527,-0.00293109522037129,0.00263395512450314,-0.00809364726439744,0.00223145682365486,0.265813052728283
AMDHD2,N-acetylglucosamine-6-phosphate deacetylase,NMR metabolomics,X23618.Triglycerides to Total Lipids in Large LDL percentage,40527,0.000616336793899818,0.00262844111267499,-0.00453540778694316,0.0057680813747428,0.81461071070195
AMDHD2,N-acetylglucosamine-6-phosphate deacetylase,NMR metabolomics,X23619.Phospholipids to Total Lipids in Medium LDL percentage,40527,-0.00065668212716117,0.00248431475508407,-0.00552593904712596,0.00421257479280362,0.791529457115144
AMDHD2,N-acetylglucosamine-6-phosphate deacetylase,NMR metabolomics,X23620.Cholesterol to Total Lipids in Medium LDL percentage,40527,0.000278298673486051,0.00242802862714983,-0.00448063743572762,0.00503723478269972,0.908748999381999
AMDHD2,N-acetylglucosamine-6-phosphate deacetylase,NMR metabolomics,X23621.Cholesteryl Esters to Total Lipids in Medium LDL percentage,40527,0.00127213587497918,0.00251029792109544,-0.00364804805036788,0.00619231980032624,0.612328248575337
AMDHD2,N-acetylglucosamine-6-phosphate deacetylase,NMR metabolomics,X23622.Free Cholesterol to Total Lipids in Medium LDL percentage,40527,-0.00222824645151199,0.00268854625803323,-0.00749779711725712,0.00304130421423315,0.407239397333847
AMDHD2,N-acetylglucosamine-6-phosphate deacetylase,NMR metabolomics,X23623.Triglycerides to Total Lipids in Medium LDL percentage,40527,0.000867397812238411,0.00258131660989267,-0.00419198274315122,0.00592677836762804,0.736855051299481
AMDHD2,N-acetylglucosamine-6-phosphate deacetylase,NMR metabolomics,X23624.Phospholipids to Total Lipids in Small LDL percentage,40527,-0.00351120295718255,0.00246272497171952,-0.00833814390175281,0.00131573798738771,0.153971246263398
AMDHD2,N-acetylglucosamine-6-phosphate deacetylase,NMR metabolomics,X23625.Cholesterol to Total Lipids in Small LDL percentage,40527,0.00124253854446189,0.00247647844088271,-0.00361135919966823,0.00609643628859201,0.615862939496443
AMDHD2,N-acetylglucosamine-6-phosphate deacetylase,NMR metabolomics,X23626.Cholesteryl Esters to Total Lipids in Small LDL percentage,40527,0.00238841408448818,0.0024669664336295,-0.00244684012542563,0.007223668294402,0.332985966217575
AMDHD2,N-acetylglucosamine-6-phosphate deacetylase,NMR metabolomics,X23627.Free Cholesterol to Total Lipids in Small LDL percentage,40527,-0.00102990299135238,0.00263121027996179,-0.0061870751400775,0.00412726915737273,0.695495669077139
AMDHD2,N-acetylglucosamine-6-phosphate deacetylase,NMR metabolomics,X23628.Triglycerides to Total Lipids in Small LDL percentage,40527,0.00200563767682494,0.00263059091092606,-0.00315032050859015,0.00716159586224002,0.445820125354718
AMDHD2,N-acetylglucosamine-6-phosphate deacetylase,NMR metabolomics,X23629.Phospholipids to Total Lipids in Very Large HDL percentage,40518,-0.00302441558759175,0.00273406530385952,-0.00838318358315641,0.0023343524079729,0.268664641645628
AMDHD2,N-acetylglucosamine-6-phosphate deacetylase,NMR metabolomics,X23630.Cholesterol to Total Lipids in Very Large HDL percentage,40518,0.00150648360801652,0.00258911663237206,-0.00356818499143272,0.00658115220746576,0.5606777184834
AMDHD2,N-acetylglucosamine-6-phosphate deacetylase,NMR metabolomics,X23631.Cholesteryl Esters to Total Lipids in Very Large HDL percentage,40518,0.00177855049276522,0.00251891861046745,-0.00315852998375098,0.00671563096928142,0.480154780481328
AMDHD2,N-acetylglucosamine-6-phosphate deacetylase,NMR metabolomics,X23632.Free Cholesterol to Total Lipids in Very Large HDL percentage,40518,0.000890497889482611,0.00287359526266599,-0.00474174882534274,0.00652274460430796,0.756650454529715
AMDHD2,N-acetylglucosamine-6-phosphate deacetylase,NMR metabolomics,X23633.Triglycerides to Total Lipids in Very Large HDL percentage,40518,0.00285796082135932,0.00273793826256874,-0.00250839817327541,0.00822431981599405,0.296583166825433
AMDHD2,N-acetylglucosamine-6-phosphate deacetylase,NMR metabolomics,X23634.Phospholipids to Total Lipids in Large HDL percentage,40527,0.00228929430524295,0.00266431753920722,-0.00293276807160322,0.00751135668208911,0.390225029515943
AMDHD2,N-acetylglucosamine-6-phosphate deacetylase,NMR metabolomics,X23635.Cholesterol to Total Lipids in Large HDL percentage,40527,-0.000986832571499718,0.00275719347772214,-0.00639093178783511,0.00441726664483567,0.720415852110892
AMDHD2,N-acetylglucosamine-6-phosphate deacetylase,NMR metabolomics,X23636.Cholesteryl Esters to Total Lipids in Large HDL percentage,40527,-0.000226430773032248,0.0027735024380221,-0.00566249555155556,0.00520963400549106,0.934933850549975
AMDHD2,N-acetylglucosamine-6-phosphate deacetylase,NMR metabolomics,X23637.Free Cholesterol to Total Lipids in Large HDL percentage,40527,-0.00422250123984011,0.00261263750387841,-0.00934327074744178,0.000898268267761566,0.106082510994799
AMDHD2,N-acetylglucosamine-6-phosphate deacetylase,NMR metabolomics,X23638.Triglycerides to Total Lipids in Large HDL percentage,40527,0.00011351247558856,0.00273443255730712,-0.0052459753367334,0.00547300028791052,0.966888250395112
AMDHD2,N-acetylglucosamine-6-phosphate deacetylase,NMR metabolomics,X23639.Phospholipids to Total Lipids in Medium HDL percentage,40527,-0.00074811046853409,0.00270967588084988,-0.00605907519499985,0.00456285425793167,0.782485093633948
AMDHD2,N-acetylglucosamine-6-phosphate deacetylase,NMR metabolomics,X23640.Cholesterol to Total Lipids in Medium HDL percentage,40527,0.000718528236857243,0.00268650503010404,-0.00454702162214667,0.00598407809586115,0.789121135444707
AMDHD2,N-acetylglucosamine-6-phosphate deacetylase,NMR metabolomics,X23641.Cholesteryl Esters to Total Lipids in Medium HDL percentage,40527,0.000986056939414213,0.00266542402786,-0.00423817415519138,0.0062102880340198,0.71143132112503
AMDHD2,N-acetylglucosamine-6-phosphate deacetylase,NMR metabolomics,X23642.Free Cholesterol to Total Lipids in Medium HDL percentage,40527,-0.000569960785317236,0.00282999442584031,-0.00611674985996425,0.00497682828932978,0.84038945515326
AMDHD2,N-acetylglucosamine-6-phosphate deacetylase,NMR metabolomics,X23643.Triglycerides to Total Lipids in Medium HDL percentage,40527,-0.00068372565942062,0.0026494450465631,-0.0058766379506843,0.00450918663184306,0.796362412304351
AMDHD2,N-acetylglucosamine-6-phosphate deacetylase,NMR metabolomics,X23644.Phospholipids to Total Lipids in Small HDL percentage,40527,-0.000762882605373787,0.00257593846688555,-0.00581172200046947,0.0042859567897219,0.767115494423475
AMDHD2,N-acetylglucosamine-6-phosphate deacetylase,NMR metabolomics,X23645.Cholesterol to Total Lipids in Small HDL percentage,40527,0.000798265556577394,0.0025758631667457,-0.00425042625024417,0.00584695736339896,0.756641059010861
AMDHD2,N-acetylglucosamine-6-phosphate deacetylase,NMR metabolomics,X23646.Cholesteryl Esters to Total Lipids in Small HDL percentage,40527,0.00144982838647669,0.00260050853887581,-0.0036471683497199,0.00654682512267328,0.57718508333629
AMDHD2,N-acetylglucosamine-6-phosphate deacetylase,NMR metabolomics,X23647.Free Cholesterol to Total Lipids in Small HDL percentage,40527,-0.00226053460833221,0.0025841580946786,-0.00732548447390226,0.00280441525723784,0.381719574049018
AMDHD2,N-acetylglucosamine-6-phosphate deacetylase,NMR metabolomics,X23648.Triglycerides to Total Lipids in Small HDL percentage,40527,9.97386712749859e-05,0.00267576326612481,-0.00514475733032965,0.00534423467287962,0.970266515790524
AMDHD2,N-acetylglucosamine-6-phosphate deacetylase,Working and living environment,X24003.Nitrogen dioxide air pollution; 2010,49107,0.00233073821695476,0.00216394108454565,-0.00191058630875472,0.00657206274266424,0.281457461031371
AMDHD2,N-acetylglucosamine-6-phosphate deacetylase,Working and living environment,X24004.Nitrogen oxides air pollution; 2010,49107,0.00255276596313829,0.00211059089523694,-0.00158399219152612,0.0066895241178027,0.226484028573673
AMDHD2,N-acetylglucosamine-6-phosphate deacetylase,Working and living environment,X24005.Particulate matter air pollution (pm10); 2010,47762,0.00240475640661402,0.00200563071078077,-0.00152627978651629,0.00633579259974433,0.230542241500745
AMDHD2,N-acetylglucosamine-6-phosphate deacetylase,Working and living environment,X24006.Particulate matter air pollution (pm2.5); 2010,47762,0.00371295158223029,0.00221138444271872,-0.000621361925498401,0.00804726508995898,0.0931655994700132
AMDHD2,N-acetylglucosamine-6-phosphate deacetylase,Working and living environment,X24007.Particulate matter air pollution (pm2.5) absorbance; 2010,47762,0.000594013253162104,0.00214361473387477,-0.00360747162523244,0.00479549813155665,0.781700098598135
AMDHD2,N-acetylglucosamine-6-phosphate deacetylase,Working and living environment,X24008.Particulate matter air pollution 2.5-10um; 2010,47762,0.00218686212354878,0.00196432927271477,-0.00166322325097217,0.00603694749806974,0.265599625701945
AMDHD2,N-acetylglucosamine-6-phosphate deacetylase,Working and living environment,X24009.Traffic intensity on the nearest road,49107,0.0558098202191894,0.110680753660667,-0.161124456955718,0.272744097394097,0.614097317435158
AMDHD2,N-acetylglucosamine-6-phosphate deacetylase,Working and living environment,X24010.Inverse distance to the nearest road,49107,0.000161210987682024,0.00190115630773548,-0.00356505537547951,0.00388747735084356,0.932424201340028
AMDHD2,N-acetylglucosamine-6-phosphate deacetylase,Working and living environment,X24011.Traffic intensity on the nearest major road,49107,0.00116633375306622,0.00186588509755163,-0.00249080103813498,0.00482346854426742,0.531923501718901
AMDHD2,N-acetylglucosamine-6-phosphate deacetylase,Working and living environment,X24012.Inverse distance to the nearest major road,49107,0.00268771575581821,0.00191621666329157,-0.00106806890423327,0.00644350041586969,0.160747029481416
AMDHD2,N-acetylglucosamine-6-phosphate deacetylase,Working and living environment,X24013.Total traffic load on major roads,49107,0.0403834434929381,0.0779784674987272,-0.112454352804567,0.193221239790443,0.604548155535588
AMDHD2,N-acetylglucosamine-6-phosphate deacetylase,Working and living environment,X24015.Sum of road length of major roads within 100m,49107,0.0197974095793876,0.0757197226922267,-0.128613246897377,0.168208066056152,0.793743236934586
AMDHD2,N-acetylglucosamine-6-phosphate deacetylase,Working and living environment,X24016.Nitrogen dioxide air pollution; 2005,49107,0.00134087139133599,0.00215664540419607,-0.00288615360088831,0.00556789638356028,0.53412036605009
AMDHD2,N-acetylglucosamine-6-phosphate deacetylase,Working and living environment,X24017.Nitrogen dioxide air pollution; 2006,49107,0.00133726554077502,0.00215190637184146,-0.00288047094803423,0.00555500202958428,0.53432190670745
AMDHD2,N-acetylglucosamine-6-phosphate deacetylase,Working and living environment,X24018.Nitrogen dioxide air pollution; 2007,49107,0.00102255732864932,0.00212761237302157,-0.00314756292247295,0.00519267757977159,0.630797133839531
AMDHD2,N-acetylglucosamine-6-phosphate deacetylase,Working and living environment,X24019.Particulate matter air pollution (pm10); 2007,49056,0.00374566299512318,0.00211746626428855,-0.000404570882882381,0.00789589687312875,0.0769198453736789
AMDHD2,N-acetylglucosamine-6-phosphate deacetylase,Working and living environment,X24020.Average daytime sound level of noise pollution,49107,0.00130968908811684,0.00190433055004819,-0.00242279878997761,0.00504217696621128,0.49162295026282
AMDHD2,N-acetylglucosamine-6-phosphate deacetylase,Working and living environment,X24021.Average evening sound level of noise pollution,49107,0.00133070437515287,0.00190481112603293,-0.00240272543187168,0.00506413418217742,0.484809111792515
AMDHD2,N-acetylglucosamine-6-phosphate deacetylase,Working and living environment,X24022.Average night-time sound level of noise pollution,49107,0.00130459510591256,0.00190424506158337,-0.00242772521479085,0.00503691542661597,0.493289850330044
AMDHD2,N-acetylglucosamine-6-phosphate deacetylase,Working and living environment,X24023.Average 16-hour sound level of noise pollution,49107,0.00132535523746955,0.00190446356026989,-0.00240739334065943,0.00505810381559853,0.486486738754304
AMDHD2,N-acetylglucosamine-6-phosphate deacetylase,Working and living environment,X24024.Average 24-hour sound level of noise pollution,49107,0.0013217854899615,0.00190446389911574,-0.00241096375230535,0.00505453473222836,0.487661478160987
AMDHD2,N-acetylglucosamine-6-phosphate deacetylase,Health and medical history,X2405.Number of children fathered,38602,0.0400972631952984,0.0874966523716663,-0.131396175453168,0.211590701843764,0.646767644689228
AMDHD2,N-acetylglucosamine-6-phosphate deacetylase,Working and living environment,"X24500.Greenspace percentage, buffer 1000m",46984,0.000426801272363037,0.00220755417283269,-0.00390000490638903,0.0047536074511151,0.846697481335981
AMDHD2,N-acetylglucosamine-6-phosphate deacetylase,Working and living environment,"X24501.Domestic garden percentage, buffer 1000m",46984,-0.000525733199482701,0.00198272770836603,-0.00441187950788013,0.00336041310891473,0.790891952663201
AMDHD2,N-acetylglucosamine-6-phosphate deacetylase,Working and living environment,"X24502.Water percentage, buffer 1000m",46984,0.000180233967370688,0.00201110909239504,-0.00376153985372359,0.00412200778846496,0.928590843411587
AMDHD2,N-acetylglucosamine-6-phosphate deacetylase,Working and living environment,"X24503.Greenspace percentage, buffer 300m",46984,0.000735726252068669,0.00206141903665177,-0.0033046550597688,0.00477610756390614,0.721168797147643
AMDHD2,N-acetylglucosamine-6-phosphate deacetylase,Working and living environment,"X24504.Domestic garden percentage, buffer 300m",46984,-0.00126489530293379,0.00199100043388163,-0.00516725615334179,0.0026374655474742,0.525236776500907
AMDHD2,N-acetylglucosamine-6-phosphate deacetylase,Working and living environment,"X24505.Water percentage, buffer 300m",46984,0.00192001914916754,0.00203427609192934,-0.00206716199101398,0.00590720028934905,0.345267248394567
AMDHD2,N-acetylglucosamine-6-phosphate deacetylase,Working and living environment,"X24506.Natural environment percentage, buffer 1000m",49230,-7.77793208009607e-05,0.00211260181649236,-0.00421847888112599,0.00406292023952407,0.97063141440711
AMDHD2,N-acetylglucosamine-6-phosphate deacetylase,Working and living environment,"X24507.Natural environment percentage, buffer 300m",49230,-0.00284013931377844,0.0019842003521451,-0.00672917200398283,0.00104889337642596,0.152337712182948
AMDHD2,N-acetylglucosamine-6-phosphate deacetylase,Working and living environment,X24508.Distance (Euclidean) to coast,49230,0.000449086973534615,0.00186413762078617,-0.00320462276320627,0.0041027967102755,0.809628342957911
AMDHD2,N-acetylglucosamine-6-phosphate deacetylase,Health and medical history,X2684.Years since last breast cancer screening  or  mammogram,34761,0.0676384582454938,0.100715542742974,-0.129764005530735,0.265040922021722,0.501879523785868
AMDHD2,N-acetylglucosamine-6-phosphate deacetylase,Health and medical history,X2704.Years since last cervical smear test,37337,-0.0698911864148276,0.0880829473013352,-0.242533763125445,0.10275139029579,0.42752709325682
AMDHD2,N-acetylglucosamine-6-phosphate deacetylase,Health and medical history,X2714.Age when periods started (menarche),39456,-0.0128640923767511,0.0698751697541597,-0.149819425094904,0.124091240341402,0.853937817501771
AMDHD2,N-acetylglucosamine-6-phosphate deacetylase,Health and medical history,X2734.Number of live births,39771,0.0287897544548291,0.0675040194780298,-0.103518123722109,0.161097632631767,0.669759894280775
AMDHD2,N-acetylglucosamine-6-phosphate deacetylase,Health and medical history,X2744.Birth weight of first child,38179,0.117142075926158,0.0720405489077272,-0.0240573999329877,0.258341551785303,0.103972521347441
AMDHD2,N-acetylglucosamine-6-phosphate deacetylase,Health and medical history,X2754.Age at first live birth,37091,-0.00173220103569344,0.00343523416213549,-0.00846525999347899,0.00500085792209211,0.614103004314228
AMDHD2,N-acetylglucosamine-6-phosphate deacetylase,Health and medical history,X2764.Age at last live birth,37066,-0.000849837726356248,0.00314763449391715,-0.00701920133443387,0.00531952588172138,0.787173095003746
AMDHD2,N-acetylglucosamine-6-phosphate deacetylase,Health and medical history,X2794.Age started oral contraceptive pill,36123,-2.40600643187421e-05,0.00479592498686893,-0.00942407303858184,0.00937595290994435,0.995997355912615
AMDHD2,N-acetylglucosamine-6-phosphate deacetylase,Health and medical history,X2804.Age when last used oral contraceptive pill,35445,0.0024379831668537,0.00367320928908584,-0.00476150703975454,0.00963747337346194,0.506893888206849
AMDHD2,N-acetylglucosamine-6-phosphate deacetylase,Lifestyle factors,X2867.Age started smoking in former smokers,35343,-0.00304515232689492,0.00350401793305668,-0.00991302747568601,0.00382272282189617,0.384855953168455
AMDHD2,N-acetylglucosamine-6-phosphate deacetylase,Mental health,"X28735.Feeling anxious, nervous or on edge over the last 2 weeks",35207,-0.204370854388464,0.113196051077385,-0.426235114500138,0.0174934057232097,0.0710528629920631
AMDHD2,N-acetylglucosamine-6-phosphate deacetylase,Mental health,X28736.Not being able to stop or control worrying over the last 2 weeks,35205,-0.181251435098667,0.124158822995938,-0.424602728170706,0.0620998579733716,0.144387614469819
AMDHD2,N-acetylglucosamine-6-phosphate deacetylase,Mental health,X28737.Little interest or pleasure in doing things over the last 2 weeks,35216,-0.20284776488525,0.128649497820637,-0.4550007806137,0.0493052508431993,0.114906196327622
AMDHD2,N-acetylglucosamine-6-phosphate deacetylase,Mental health,"X28738.Feeling down, depressed or hopeless over the last 2 weeks",35192,-0.0535475176902372,0.126275046715514,-0.301046609252645,0.193951573872171,0.671541187904289
AMDHD2,N-acetylglucosamine-6-phosphate deacetylase,Mental health,X28739.Difficulty with standing for long periods,35220,-0.0529517106624616,0.0967196967471035,-0.242522316286784,0.136618894961861,0.584072054544684
AMDHD2,N-acetylglucosamine-6-phosphate deacetylase,Mental health,X28740.Difficulty with taking care of household responsibilities,35242,-0.0795409563598776,0.107680146928616,-0.290594044339965,0.13151213162021,0.460131221443205
AMDHD2,N-acetylglucosamine-6-phosphate deacetylase,Mental health,X28741.Difficulty learning a new task,35185,-0.0900530216470394,0.122814102756873,-0.330768663050511,0.150662619756432,0.463436750076068
AMDHD2,N-acetylglucosamine-6-phosphate deacetylase,Mental health,X28742.Difficulty with joining in community activities,34958,-0.0438894566566951,0.134062012467099,-0.30665100109221,0.21887208777882,0.743391060890869
AMDHD2,N-acetylglucosamine-6-phosphate deacetylase,Mental health,X28743.Difficulty with being emotionally affected by health problems,35210,0.0632808693076795,0.111241480336146,-0.154752432151167,0.281314170766526,0.569472149368273
AMDHD2,N-acetylglucosamine-6-phosphate deacetylase,Mental health,X28744.Difficulty with concentrating on doing something for ten minutes,35243,0.0160350513507854,0.170777127429789,-0.318688118411601,0.350758221113172,0.925195988796967
AMDHD2,N-acetylglucosamine-6-phosphate deacetylase,Lifestyle factors,X2887.Number of cigarettes previously smoked daily,34939,-0.201844699812821,0.102440487927574,-0.402628056150865,-0.00106134347477588,0.0488450059257213
AMDHD2,N-acetylglucosamine-6-phosphate deacetylase,Lifestyle factors,X2897.Age stopped smoking,35340,-0.00355362984578109,0.00329428581437483,-0.0100104300419558,0.00290317035039358,0.280752477200183
AMDHD2,N-acetylglucosamine-6-phosphate deacetylase,Mental health,X29001#0.Mental health conditions experienced by first degree blood relatives_None of the above,34601,-0.00363553460035041,0.00821088775300472,-0.0197288745962397,0.0124578053955388,0.657949831689463
AMDHD2,N-acetylglucosamine-6-phosphate deacetylase,Mental health,X29001#1.Mental health conditions experienced by first degree blood relatives_Depression,34601,0.00701412125339229,0.00917648669875449,-0.0109717926761665,0.0250000351829511,0.444687270116499
AMDHD2,N-acetylglucosamine-6-phosphate deacetylase,Mental health,X29001#3.Mental health conditions experienced by first degree blood relatives_Schizophrenia,34601,0.0615049007768287,0.030901781651114,0.00093740874064533,0.122072392813012,0.046604300093053
AMDHD2,N-acetylglucosamine-6-phosphate deacetylase,Mental health,X29001#4.Mental health conditions experienced by first degree blood relatives_Any other type of psychosis or psychotic illness,34601,-0.00171485276815309,0.037366654302596,-0.0749534952012413,0.0715237896649352,0.963397550309315
AMDHD2,N-acetylglucosamine-6-phosphate deacetylase,Mental health,X29001#5.Mental health conditions experienced by first degree blood relatives_A personality disorder,34601,0.0455767573344241,0.0431839975766269,-0.0390638779157646,0.130217392584613,0.291285700245751
AMDHD2,N-acetylglucosamine-6-phosphate deacetylase,Mental health,X29001#7.Mental health conditions experienced by first degree blood relatives_Attention deficit or attention deficit and hyperactivity disorder,34601,0.0557875848198933,0.0350242058821348,-0.012859858709091,0.124435028348878,0.11125692056692
AMDHD2,N-acetylglucosamine-6-phosphate deacetylase,Mental health,X29001#8.Mental health conditions experienced by first degree blood relatives_An anxiety disorder,34601,-0.0303239129304368,0.0151425256191181,-0.0600032631439082,-0.000644562716965363,0.0452736914621812
AMDHD2,N-acetylglucosamine-6-phosphate deacetylase,Mental health,X29001#9.Mental health conditions experienced by first degree blood relatives_An eating disorder,34601,-0.0386959182207755,0.0260870318789157,-0.0898265007034503,0.0124346642618993,0.138042583931954
AMDHD2,N-acetylglucosamine-6-phosphate deacetylase,Mental health,X29002.Recent lack of interest or pleasure in doing things,34572,-0.347194098619625,0.131888720986018,-0.60569599175222,-0.0886922054870296,0.00850070055456554
AMDHD2,N-acetylglucosamine-6-phosphate deacetylase,Mental health,X29003.Recent feelings of depression,34561,-0.213006737185513,0.128402059554376,-0.46467477391209,0.0386612995410645,0.0971935171753342
AMDHD2,N-acetylglucosamine-6-phosphate deacetylase,Mental health,"X29004.Trouble falling or staying asleep, or sleeping too much",34575,-0.0680385771544698,0.100249891759947,-0.264528365003966,0.128451210695027,0.497363639763666
AMDHD2,N-acetylglucosamine-6-phosphate deacetylase,Mental health,X29005.Recent feelings of tiredness or low energy,34578,-0.109457832652893,0.0986553557794381,-0.302822329980591,0.0839066646748058,0.267265359759851
AMDHD2,N-acetylglucosamine-6-phosphate deacetylase,Mental health,X29006.Recent poor appetite or overeating,34587,-0.00628943549683078,0.157094302706018,-0.314194268800626,0.301615397806965,0.968065867389147
AMDHD2,N-acetylglucosamine-6-phosphate deacetylase,Mental health,X29007.Recent feelings of inadequacy,34558,-0.280329098153263,0.144868284487948,-0.564270935749642,0.00361273944311613,0.0530352244066397
AMDHD2,N-acetylglucosamine-6-phosphate deacetylase,Mental health,X29008.Recent trouble concentrating on things,34585,-0.216114173488362,0.140667554462291,-0.491822580234451,0.0595942332577281,0.124512007788992
AMDHD2,N-acetylglucosamine-6-phosphate deacetylase,Mental health,X29009.Recent changes in speed or amount of moving or speaking,34579,-0.185416115877735,0.240314908430041,-0.656433336400615,0.285601104645146,0.440412034055897
AMDHD2,N-acetylglucosamine-6-phosphate deacetylase,Mental health,X29010.Recent thoughts of suicide or self-harm,34559,-0.370805314437307,0.265689606736524,-0.891556943640895,0.14994631476628,0.162882668652187
AMDHD2,N-acetylglucosamine-6-phosphate deacetylase,Mental health,X29038#0.Substances taken for depression_None of options listed,35438,0.0049738800454635,0.0158420391677689,-0.0260765167233636,0.0360242768142906,0.753556469620196
AMDHD2,N-acetylglucosamine-6-phosphate deacetylase,Mental health,X29038#1.Substances taken for depression_Drugs or alcohol (more than once),35438,0.012835143217369,0.0391715911406859,-0.0639411754183753,0.0896114618531133,0.74317626755858
AMDHD2,N-acetylglucosamine-6-phosphate deacetylase,Mental health,X29038#2.Substances taken for depression_Medication prescribed to participant (for at least 2 weeks),35438,0.00973748490979219,0.0160271155842051,-0.0216756616352498,0.0411506314548341,0.543499338598681
AMDHD2,N-acetylglucosamine-6-phosphate deacetylase,Mental health,X29038#3.Substances taken for depression_Unprescribed medication (more than once),35438,-0.0259764088508223,0.0495326144213903,-0.123060333116747,0.0711075154151028,0.599997832429573
AMDHD2,N-acetylglucosamine-6-phosphate deacetylase,Mental health,X29039#1.Use of specific medications_Citalopram (sometimes called Cipramil),35438,-0.00718193245106321,0.0405172179077504,-0.086595679550254,0.0722318146481276,0.85931281796031
AMDHD2,N-acetylglucosamine-6-phosphate deacetylase,Mental health,X29039#2.Use of specific medications_Fluoxetine (Prozac or Oxactin),35438,-0.000346698768968692,0.0437359266222412,-0.0860691149485615,0.0853757174106241,0.993675414162223
AMDHD2,N-acetylglucosamine-6-phosphate deacetylase,Mental health,X29039#3.Use of specific medications_Sertraline (Lustral),35438,-0.0405440555884936,0.0456677301032478,-0.130052806590859,0.0489646954138721,0.374679655290376
AMDHD2,N-acetylglucosamine-6-phosphate deacetylase,Mental health,X29039#5.Use of specific medications_Amitriptyline (Elavil),35438,0.039501278222677,0.0425965051323052,-0.0439878718366413,0.122990428281995,0.353787883888261
AMDHD2,N-acetylglucosamine-6-phosphate deacetylase,Mental health,X29039#7.Use of specific medications_Other antidepressant(s),35438,0.0420621072587949,0.0279564865344502,-0.0127326063487276,0.0968568208663173,0.132488773423289
AMDHD2,N-acetylglucosamine-6-phosphate deacetylase,Mental health,X29047#0.Activities undertaken to treat depression_None of options listed,35438,-0.010105213805559,0.0144650437293381,-0.0384566995150618,0.0182462719039437,0.484830902521181
AMDHD2,N-acetylglucosamine-6-phosphate deacetylase,Mental health,X29051#0.Manifestations of mania or irritability_None of options listed,35438,0.0122695160739789,0.0252031040466289,-0.0371285678574137,0.0616676000053716,0.626399019651208
AMDHD2,N-acetylglucosamine-6-phosphate deacetylase,Mental health,X29051#1.Manifestations of mania or irritability_More active than usual,35438,-0.00659643530792551,0.0405106827865923,-0.0859973735696465,0.0728045029537955,0.870655985203327
AMDHD2,N-acetylglucosamine-6-phosphate deacetylase,Mental health,X29051#2.Manifestations of mania or irritability_More confident than usual,35438,0.0126115003108642,0.0545863154014661,-0.0943776778760094,0.119600678497738,0.817293033146291
AMDHD2,N-acetylglucosamine-6-phosphate deacetylase,Mental health,X29051#3.Manifestations of mania or irritability_Easily distracted,35438,0.0141173043210067,0.0395661732009796,-0.0634323951529133,0.0916670037949268,0.721251819654685
AMDHD2,N-acetylglucosamine-6-phosphate deacetylase,Mental health,X29051#4.Manifestations of mania or irritability_More creative or had more ideas than usual,35438,0.0524488483386529,0.0571229731672371,-0.0595121790691317,0.164409875746438,0.358563063616713
AMDHD2,N-acetylglucosamine-6-phosphate deacetylase,Mental health,X29051#5.Manifestations of mania or irritability_Neded less sleep than usual,35438,-0.0156675530281305,0.0524243912716161,-0.118419359920498,0.087084253864237,0.765056822024017
AMDHD2,N-acetylglucosamine-6-phosphate deacetylase,Mental health,X29051#6.Manifestations of mania or irritability_Thoughts were racing,35438,0.0479639816221479,0.0308236761522683,-0.012450423636298,0.108378386880594,0.119740710193613
AMDHD2,N-acetylglucosamine-6-phosphate deacetylase,Mental health,X29051#7.Manifestations of mania or irritability_More restless than usual,35438,0.0388202760364658,0.0296213965134545,-0.019237661129905,0.0968782132028365,0.190058559057252
AMDHD2,N-acetylglucosamine-6-phosphate deacetylase,Mental health,X29051#8.Manifestations of mania or irritability_More talkative than usual,35438,-0.0267364088760203,0.0436808032635723,-0.112350783272622,0.0588779655205814,0.54050313585595
AMDHD2,N-acetylglucosamine-6-phosphate deacetylase,Mental health,X29058.Recent feelings or nervousness or anxiety,34495,-0.193760933421373,0.118856214386858,-0.426719113619613,0.0391972467768681,0.103115942405564
AMDHD2,N-acetylglucosamine-6-phosphate deacetylase,Mental health,X29059.Recent inability to stop or control worrying,34507,-0.197217526134544,0.121314575587008,-0.43499409428508,0.0405590420159922,0.104079101411548
AMDHD2,N-acetylglucosamine-6-phosphate deacetylase,Mental health,X29060.Recent worrying too much about different things,34505,-0.116968996437821,0.112185326286279,-0.336852235958928,0.102914243083286,0.297162168213273
AMDHD2,N-acetylglucosamine-6-phosphate deacetylase,Mental health,X29061.Recent trouble relaxing,34503,-0.0804931930017187,0.121891989941562,-0.31940149328718,0.158415107283743,0.509048345145966
AMDHD2,N-acetylglucosamine-6-phosphate deacetylase,Mental health,X29062.Recent restlessness,34517,0.251265190623251,0.180178224477364,-0.101884129352382,0.604414510598884,0.163213738201096
AMDHD2,N-acetylglucosamine-6-phosphate deacetylase,Mental health,X29063.Recent easy annoyance or irritability,34488,0.00886446427968423,0.12442792045781,-0.235014259817623,0.252743188376992,0.943208036704123
AMDHD2,N-acetylglucosamine-6-phosphate deacetylase,Mental health,X29064.Recent feelings of foreboding,34492,-0.149970408091035,0.140574078407326,-0.425495601769393,0.125554785587324,0.28609157128082
AMDHD2,N-acetylglucosamine-6-phosphate deacetylase,Mental health,X29065#1.Symptoms of panic attack_Heart was pounding or racing,35438,0.0256592289117416,0.0180675476426299,-0.00975316446781306,0.0610716222912963,0.155604260171247
AMDHD2,N-acetylglucosamine-6-phosphate deacetylase,Mental health,X29065#11.Symptoms of panic attack_Felt like things weren't real or detached from self,35438,0.000112511998449568,0.0319238599670079,-0.0624582535368859,0.062683277533785,0.997188065401546
AMDHD2,N-acetylglucosamine-6-phosphate deacetylase,Mental health,X29065#12.Symptoms of panic attack_Afraid of losing control or 'going crazy',35438,-0.0960684561577209,0.0400400791154675,-0.174547011224037,-0.0175899010914046,0.0164552495139338
AMDHD2,N-acetylglucosamine-6-phosphate deacetylase,Mental health,X29065#13.Symptoms of panic attack_Afraid I was going to die,35438,-0.0117986908703845,0.0375069115541674,-0.0853122375165525,0.0617148557757836,0.753095801660383
AMDHD2,N-acetylglucosamine-6-phosphate deacetylase,Mental health,X29065#2.Symptoms of panic attack_Sweating,35438,0.0465597855252807,0.0278108942009175,-0.00794956710851754,0.101069138159079,0.0941499559321738
AMDHD2,N-acetylglucosamine-6-phosphate deacetylase,Mental health,X29065#3.Symptoms of panic attack_Trembling or shaking,35438,0.016646928142979,0.0298615276359716,-0.0418816660235253,0.0751755223094833,0.577225823302124
AMDHD2,N-acetylglucosamine-6-phosphate deacetylase,Mental health,X29065#6.Symptoms of panic attack_Pain or discomfort in chest,35438,0.0286078574609151,0.0300304136044991,-0.0302517532039031,0.0874674681257333,0.340814706990922
AMDHD2,N-acetylglucosamine-6-phosphate deacetylase,Mental health,X29065#7.Symptoms of panic attack_Nauseous or felt sick in the stomach,35438,0.0602507040243026,0.0294693215791617,0.00249083372914576,0.11801057431946,0.0409437633263283
AMDHD2,N-acetylglucosamine-6-phosphate deacetylase,Mental health,X29065#9.Symptoms of panic attack_Felt hot or cold,35438,0.0193259503515329,0.037563063673907,-0.0542976544493248,0.0929495551523906,0.606925245623453
AMDHD2,N-acetylglucosamine-6-phosphate deacetylase,Mental health,X29076.Felt loved as a child,34489,-0.081515882528635,0.104788773382888,-0.286901878359095,0.123870113301825,0.436658829965895
AMDHD2,N-acetylglucosamine-6-phosphate deacetylase,Mental health,X29077.Physically abused by family as a child,34510,0.318054256460427,0.156072197305308,0.0121527497420225,0.623955763178831,0.0416127488816873
AMDHD2,N-acetylglucosamine-6-phosphate deacetylase,Mental health,X29078.Felt hated by family member as a child,34495,0.26661886263003,0.1569500344082,-0.0410032048100427,0.574240930070102,0.0894250214299896
AMDHD2,N-acetylglucosamine-6-phosphate deacetylase,Mental health,X29079.Sexually molested as a child,34455,0.196398370582445,0.198586166559741,-0.192830515874647,0.585627257039536,0.322716898341193
AMDHD2,N-acetylglucosamine-6-phosphate deacetylase,Mental health,X29080.Someone to take to doctor when needed as a child,34474,-0.0154075531708,0.143858084328126,-0.297369398453927,0.266554292112327,0.914711775561215
AMDHD2,N-acetylglucosamine-6-phosphate deacetylase,Mental health,X29081.Stopped from seeing friends or family by partner or ex-partner as an adult,34498,0.353738819064912,0.233818240950932,-0.104544933198915,0.81202257132874,0.130369865376232
AMDHD2,N-acetylglucosamine-6-phosphate deacetylase,Mental health,X29082.Belittlement by partner or ex-partner as an adult,34465,0.128588666919148,0.17205444980269,-0.208638054694124,0.46581538853242,0.454872426369727
AMDHD2,N-acetylglucosamine-6-phosphate deacetylase,Mental health,X29083.Physical violence by partner or ex-partner as an adult,34503,-0.240503468845607,0.196433133687656,-0.625512410873412,0.144505473182199,0.220873481339989
AMDHD2,N-acetylglucosamine-6-phosphate deacetylase,Mental health,X29084.Sexual interference by partner or ex-partner without consent as an adult,34491,0.282400021796469,0.278665437654551,-0.263784236006452,0.82858427959939,0.310914634063039
AMDHD2,N-acetylglucosamine-6-phosphate deacetylase,Mental health,X29085.Sexual intercourse by partner or ex-partner without consent as an adult,34493,0.039693721371638,0.251387524376871,-0.453025826407029,0.532413269150305,0.874542771389225
AMDHD2,N-acetylglucosamine-6-phosphate deacetylase,Mental health,X29086.Experienced a violent or sexual assault,34506,-0.471023614387989,0.23659516239761,-0.934750132687304,-0.00729709608867418,0.0465494046807345
AMDHD2,N-acetylglucosamine-6-phosphate deacetylase,Mental health,X29087.Experienced a life-threatening injury or illness,34503,-0.0479110904642937,0.115346121090867,-0.273989487802394,0.178167306873806,0.677889299784025
AMDHD2,N-acetylglucosamine-6-phosphate deacetylase,Mental health,X29088.Experienced a marital separation or divorce,34504,0.211901751148994,0.117121604708338,-0.0176565940793479,0.441460096377337,0.0704693900841
AMDHD2,N-acetylglucosamine-6-phosphate deacetylase,Mental health,X29089.Experienced the death of a spouse or partner,34513,-0.208383291014079,0.125440979950442,-0.454247611716944,0.0374810296887867,0.096731054478231
AMDHD2,N-acetylglucosamine-6-phosphate deacetylase,Mental health,X29090.Experienced the death of a close friend or family member due to suicide,34502,0.196044581041877,0.15086318337354,-0.0996472583702617,0.491736420454015,0.193833671459083
AMDHD2,N-acetylglucosamine-6-phosphate deacetylase,Lifestyle factors,X29091.Frequency of drinking alcohol,34501,0.0902786078342014,0.0947659735586842,-0.0954627003408195,0.276019916009222,0.340811897975436
AMDHD2,N-acetylglucosamine-6-phosphate deacetylase,Lifestyle factors,X29092.Amount of alcohol drunk on a typical drinking day,33848,0.182012831296355,0.118318208392294,-0.0498908571525408,0.41391651974525,0.124035184790327
AMDHD2,N-acetylglucosamine-6-phosphate deacetylase,Lifestyle factors,X29093.Frequency of consuming six or more units of alcohol,33869,-0.00539653391066346,0.12161872400737,-0.243769232965109,0.232976165143782,0.964609331770363
AMDHD2,N-acetylglucosamine-6-phosphate deacetylase,Mental health,X29104.Ever used cannabis,34503,0.0842010813279589,0.174320080157265,-0.25746627578028,0.425868438436198,0.629097406589817
AMDHD2,N-acetylglucosamine-6-phosphate deacetylase,Mental health,X29108.Ever thought that life not worth living,34477,-0.121998647645087,0.128822084692025,-0.374489933641457,0.130492638351283,0.343665751304774
AMDHD2,N-acetylglucosamine-6-phosphate deacetylase,Mental health,X29109.Ever contemplated self-harm,34496,-0.169845547717438,0.191277293114989,-0.544749042222816,0.20505794678794,0.374605472510746
AMDHD2,N-acetylglucosamine-6-phosphate deacetylase,Mental health,X29111.Ever self-harmed,34503,-0.410862385366599,0.335212486183141,-1.06787885828556,0.246154087552358,0.220374457235225
AMDHD2,N-acetylglucosamine-6-phosphate deacetylase,Diet and food preferences,X29132.Ever had recurrent episodes of excessive overeating or binge eating,34490,-0.0840511609452143,0.197775529223505,-0.471691198223285,0.303588876332856,0.670866619304289
AMDHD2,N-acetylglucosamine-6-phosphate deacetylase,Diet and food preferences,X29136#1.Actions and feelings during periods of overeating or binge eating_Eaten much more rapidly than normal,35989,-0.0189390607834628,0.0445858792736522,-0.106327384159821,0.0684492625928956,0.671012617679287
AMDHD2,N-acetylglucosamine-6-phosphate deacetylase,Diet and food preferences,X29136#2.Actions and feelings during periods of overeating or binge eating_Eaten until feeling uncomfortably full,35989,-0.0136129155420551,0.0328128486141463,-0.0779260988257819,0.0507002677416716,0.678253537959937
AMDHD2,N-acetylglucosamine-6-phosphate deacetylase,Diet and food preferences,X29136#3.Actions and feelings during periods of overeating or binge eating_Eaten large amounts of food when not physically hungry,35989,-0.00764103738466954,0.0385619076302643,-0.0832223763399875,0.0679403015706484,0.842933727102019
AMDHD2,N-acetylglucosamine-6-phosphate deacetylase,Diet and food preferences,X29136#4.Actions and feelings during periods of overeating or binge eating_Eaten alone because of feeling embarrassed by overeating,35989,-0.0428731338607887,0.0589775449389147,-0.158469121941061,0.072722854219484,0.46728778207547
AMDHD2,N-acetylglucosamine-6-phosphate deacetylase,Diet and food preferences,X29149.Dependency of self-esteem on body shape or weight currently,34482,0.0862114471712387,0.109011570633909,-0.127451231271223,0.2998741256137,0.429068894458298
AMDHD2,N-acetylglucosamine-6-phosphate deacetylase,Health and medical history,X29153.Pain or discomfort today,34494,-0.0388287458190375,0.0982084379918985,-0.231317284283159,0.153659792645084,0.692585198369126
AMDHD2,N-acetylglucosamine-6-phosphate deacetylase,Mental health,X29154.Anxiety or depression today,34494,-0.103116120579779,0.128351290603924,-0.35468465016347,0.148452409003911,0.421785504015622
AMDHD2,N-acetylglucosamine-6-phosphate deacetylase,Mental health,X29166.Frequency of confiding in someone close,34337,0.145090476415659,0.0992119688724562,-0.0493649825743553,0.339545935405673,0.143684793013688
AMDHD2,N-acetylglucosamine-6-phosphate deacetylase,Lifestyle factors,X29167#0.Sports and social activities attended in person at least once a week_None of the above,34481,0.00721852087816114,0.00793814537544052,-0.00834024405770227,0.0227772858140246,0.363208958652754
AMDHD2,N-acetylglucosamine-6-phosphate deacetylase,Lifestyle factors,X29167#1.Sports and social activities attended in person at least once a week_Sports club or gym or fitness class,34481,0.00136350579024719,0.00813576435737905,-0.0145825923502157,0.0173096039307101,0.866909053412663
AMDHD2,N-acetylglucosamine-6-phosphate deacetylase,Lifestyle factors,X29167#2.Sports and social activities attended in person at least once a week_Pub or social club,34481,0.00599419696324597,0.0101542775607211,-0.0139081870557674,0.0258965809822593,0.555006390809954
AMDHD2,N-acetylglucosamine-6-phosphate deacetylase,Lifestyle factors,X29167#3.Sports and social activities attended in person at least once a week_Religious group,34481,-0.0133590325040954,0.00937584368709572,-0.031735686130803,0.00501762112261226,0.154263857956064
AMDHD2,N-acetylglucosamine-6-phosphate deacetylase,Lifestyle factors,X29167#4.Sports and social activities attended in person at least once a week_Adult education class,34481,-0.00711791198009704,0.0159289917944426,-0.0383387358972046,0.0241029119370105,0.654999766736412
AMDHD2,N-acetylglucosamine-6-phosphate deacetylase,Lifestyle factors,X29167#5.Sports and social activities attended in person at least once a week_Other group activity,34481,0.00351114262043054,0.00770741020804434,-0.0115953813873364,0.0186176666281975,0.648729336269573
AMDHD2,N-acetylglucosamine-6-phosphate deacetylase,Lifestyle factors,X29168#0.Sports and social activities attended virtually at least once a week_None of the above,34477,-0.00336780362738263,0.00822942426298576,-0.0194974751828347,0.0127618679280695,0.682380663732099
AMDHD2,N-acetylglucosamine-6-phosphate deacetylase,Lifestyle factors,X29168#1.Sports and social activities attended virtually at least once a week_Sports club or gym or fitness class,34477,0.010612324248204,0.0126420296579155,-0.0141660538813103,0.0353907023777183,0.401256042102186
AMDHD2,N-acetylglucosamine-6-phosphate deacetylase,Lifestyle factors,X29168#2.Sports and social activities attended virtually at least once a week_Pub or social club,34477,0.0302394759260805,0.0183537991595695,-0.00573397042667562,0.0662129222788367,0.0994969744441178
AMDHD2,N-acetylglucosamine-6-phosphate deacetylase,Lifestyle factors,X29168#3.Sports and social activities attended virtually at least once a week_Religious group,34477,-0.0150862835915246,0.0147002854241317,-0.0438988430228228,0.0137262758397735,0.304817036421724
AMDHD2,N-acetylglucosamine-6-phosphate deacetylase,Lifestyle factors,X29168#4.Sports and social activities attended virtually at least once a week_Adult education class,34477,-0.0206759348588884,0.0242638235959106,-0.0682330291068731,0.0268811593890963,0.394180503844313
AMDHD2,N-acetylglucosamine-6-phosphate deacetylase,Lifestyle factors,X29168#5.Sports and social activities attended virtually at least once a week_Other group activity,34477,0.00690118167966211,0.0111274860857241,-0.0149086910483571,0.0287110544076813,0.535157911350864
AMDHD2,N-acetylglucosamine-6-phosphate deacetylase,Mental health,X29171.Frequency of feeling 'in tune' with people,34391,0.172500226783235,0.124602323894221,-0.0717203280494389,0.416720781615909,0.166293568258679
AMDHD2,N-acetylglucosamine-6-phosphate deacetylase,Mental health,X29172.Freuency of feeling that lacks companionship,34461,0.0355885289277513,0.112869007656061,-0.185634726078128,0.256811783933631,0.752540117956753
AMDHD2,N-acetylglucosamine-6-phosphate deacetylase,Mental health,X29173.Frequency of feeling left out,34426,-0.0334680042770868,0.11947699460055,-0.267642913694165,0.200706905139992,0.779395820288617
AMDHD2,N-acetylglucosamine-6-phosphate deacetylase,Mental health,X29174.Frequency of feeling isolated from others,34453,-0.164347609072131,0.123076932256455,-0.405578396294782,0.0768831781505196,0.181828057757238
AMDHD2,N-acetylglucosamine-6-phosphate deacetylase,Mental health,X29175.Tendency to bounce back quickly after hard times,34491,0.226891086923519,0.0986020837000774,0.0336310028713669,0.42015117097567,0.021425890002888
AMDHD2,N-acetylglucosamine-6-phosphate deacetylase,Mental health,X29176.Ability to make it through stressful events,34491,-0.234823575636638,0.0947414385827657,-0.420516795258858,-0.0491303560144168,0.013221840156788
AMDHD2,N-acetylglucosamine-6-phosphate deacetylase,Mental health,X29177.Quick recovery from stressful events,34491,0.166657720885415,0.0978202507948107,-0.0250699706724145,0.358385412443244,0.0884932380530292
AMDHD2,N-acetylglucosamine-6-phosphate deacetylase,Mental health,X29178.Hard to snap back when something bad happens,34491,-0.128503179580658,0.0945924917319899,-0.313904463375358,0.0568981042140418,0.174365379984172
AMDHD2,N-acetylglucosamine-6-phosphate deacetylase,Mental health,X29179.Comes through difficult times with little trouble,34491,0.181147744575618,0.0972771091352109,-0.00951538932939541,0.371810878480631,0.0626327118317585
AMDHD2,N-acetylglucosamine-6-phosphate deacetylase,Mental health,X29180.Tendency to take a long time to get over setbacks,34491,-0.152320762539891,0.0958170156172913,-0.340122113149781,0.0354805880700004,0.111961089766013
AMDHD2,N-acetylglucosamine-6-phosphate deacetylase,Mental health,X29181.General happiness,34466,-0.0555214797948142,0.0997032568428456,-0.250939863206792,0.139896903617163,0.577641778766727
AMDHD2,N-acetylglucosamine-6-phosphate deacetylase,Mental health,X29182.Belief that own life is meaningful,34381,0.110709310814661,0.100492583778827,-0.0862561533918402,0.307674775021163,0.270657841616493
AMDHD2,N-acetylglucosamine-6-phosphate deacetylase,Lifestyle factors,X2926.Number of unsuccessful stop-smoking attempts,34769,0.0700004284993375,0.0962548880078062,-0.118659151995963,0.258660008994638,0.467109332358827
AMDHD2,N-acetylglucosamine-6-phosphate deacetylase,Health and medical history,X2946.Father's age,30049,0.00247118750741129,0.0175943792073736,-0.032013795739041,0.0369561707538636,0.888334979086819
AMDHD2,N-acetylglucosamine-6-phosphate deacetylase,Health and medical history,X2966.Age high blood pressure diagnosed,35739,-0.00187609092574651,0.00356415868366105,-0.00886184194572216,0.00510966009422914,0.59864417400349
AMDHD2,N-acetylglucosamine-6-phosphate deacetylase,Blood and urine assays,X30000.White blood cell (leukocyte) count,48702,-0.00222691984792593,0.00205657128325161,-0.00625779956309908,0.00180395986724722,0.278896673736355
AMDHD2,N-acetylglucosamine-6-phosphate deacetylase,Blood and urine assays,X30010.Red blood cell (erythrocyte) count,48703,0.000343101007191285,0.00219767111640192,-0.00396433438095648,0.00465053639533905,0.87593983678502
AMDHD2,N-acetylglucosamine-6-phosphate deacetylase,Blood and urine assays,X30020.Haemoglobin concentration,48703,0.000773236718104152,0.00237213183388515,-0.00387614167631074,0.00542261511251904,0.74445281248351
AMDHD2,N-acetylglucosamine-6-phosphate deacetylase,Blood and urine assays,X30030.Haematocrit percentage,48703,0.00110966623771958,0.00230405045723479,-0.0034062726584606,0.00562560513389977,0.630084569419702
AMDHD2,N-acetylglucosamine-6-phosphate deacetylase,Blood and urine assays,X30040.Mean corpuscular volume,48703,0.000786666620253995,0.00199363864059922,-0.00312086511532047,0.00469419835582846,0.693151011813312
AMDHD2,N-acetylglucosamine-6-phosphate deacetylase,Blood and urine assays,X30050.Mean corpuscular haemoglobin,48703,0.000246862999020822,0.00199920801673889,-0.0036715847137874,0.00416531071182904,0.901727968683096
AMDHD2,N-acetylglucosamine-6-phosphate deacetylase,Blood and urine assays,X30060.Mean corpuscular haemoglobin concentration,48703,-0.000689064306866165,0.00195092407115343,-0.00451287548632688,0.00313474687259455,0.723943121394974
AMDHD2,N-acetylglucosamine-6-phosphate deacetylase,Blood and urine assays,X30070.Red blood cell (erythrocyte) distribution width,48703,0.00226018713974995,0.00201379455202032,-0.00168685018220988,0.00620722446170978,0.261726449283419
AMDHD2,N-acetylglucosamine-6-phosphate deacetylase,Blood and urine assays,X30080.Platelet count,48703,0.00264728306703462,0.00197941151812139,-0.00123236350848331,0.00652692964255254,0.181104712625811
AMDHD2,N-acetylglucosamine-6-phosphate deacetylase,Blood and urine assays,X30090.Platelet crit,48703,-0.000172705444310939,0.00201903163711587,-0.00413000745305804,0.00378459656443616,0.931833967340473
AMDHD2,N-acetylglucosamine-6-phosphate deacetylase,Blood and urine assays,X30100.Mean platelet (thrombocyte) volume,48703,-0.00501532940832798,0.00188161327879333,-0.0087032914347629,-0.00132736738189306,0.00769507057360243
AMDHD2,N-acetylglucosamine-6-phosphate deacetylase,Blood and urine assays,X30110.Platelet distribution width,48703,-1.42995036471896e-06,0.00196030341844502,-0.00384362465051696,0.00384076474978752,0.999417987753188
AMDHD2,N-acetylglucosamine-6-phosphate deacetylase,Blood and urine assays,X30120.Lymphocyte count,48669,-0.00172995151450335,0.00193083635364083,-0.00551439076763938,0.00205448773863267,0.370285373939558
AMDHD2,N-acetylglucosamine-6-phosphate deacetylase,Blood and urine assays,X30130.Monocyte count,48669,-0.00121340198829892,0.0019831976276022,-0.00510046933839924,0.0026736653618014,0.540649979752977
AMDHD2,N-acetylglucosamine-6-phosphate deacetylase,Blood and urine assays,X30140.Neutrophill count,48669,-0.00201011571838318,0.00204027551824674,-0.00600905573414678,0.00198882429738043,0.32452934801865
AMDHD2,N-acetylglucosamine-6-phosphate deacetylase,Blood and urine assays,X30150.Eosinophill count,48669,-0.00118367045365141,0.00194875724626862,-0.00500323465633791,0.0026358937490351,0.543594169640487
AMDHD2,N-acetylglucosamine-6-phosphate deacetylase,Blood and urine assays,X30160.Basophill count,48669,-0.0176216069770352,0.0552200793562451,-0.125852962515276,0.0906097485612051,0.749642027065105
AMDHD2,N-acetylglucosamine-6-phosphate deacetylase,Blood and urine assays,X30170.Nucleated red blood cell count,48669,-0.465516125439607,0.272415829284816,-0.999451150837847,0.0684188999586325,0.0874958043852626
AMDHD2,N-acetylglucosamine-6-phosphate deacetylase,Blood and urine assays,X30180.Lymphocyte percentage,48670,-7.77713997868487e-05,0.00192738509392185,-0.00385544618387367,0.00369990338429997,0.967813921834469
AMDHD2,N-acetylglucosamine-6-phosphate deacetylase,Blood and urine assays,X30190.Monocyte percentage,48670,0.000123517591580344,0.0019599882242588,-0.00371805932796691,0.00396509451112759,0.949751576955891
AMDHD2,N-acetylglucosamine-6-phosphate deacetylase,Blood and urine assays,X30200.Neutrophill percentage,48670,-8.46624244277509e-05,0.00191697915543961,-0.00384194156908938,0.00367261672023388,0.964773732706491
AMDHD2,N-acetylglucosamine-6-phosphate deacetylase,Blood and urine assays,X30210.Eosinophill percentage,48670,-0.00078063351427445,0.00193804830117846,-0.00457920818458424,0.00301794115603534,0.687104467212476
AMDHD2,N-acetylglucosamine-6-phosphate deacetylase,Blood and urine assays,X30220.Basophill percentage,48670,0.00209033503435913,0.00193213039235971,-0.00169664053466591,0.00587731060338417,0.279318832593969
AMDHD2,N-acetylglucosamine-6-phosphate deacetylase,Blood and urine assays,X30230.Nucleated red blood cell percentage,48669,-0.466672172434511,0.272541790908835,-1.00085408261583,0.0675097377468061,0.0868580846199923
AMDHD2,N-acetylglucosamine-6-phosphate deacetylase,Blood and urine assays,X30240.Reticulocyte percentage,48344,0.000904855042378863,0.00208535935538874,-0.00318244929418306,0.00499215937894079,0.664359812570877
AMDHD2,N-acetylglucosamine-6-phosphate deacetylase,Blood and urine assays,X30250.Reticulocyte count,48344,0.000932116247932586,0.00212428767812415,-0.00323148760119075,0.00509572009705593,0.660818637443197
AMDHD2,N-acetylglucosamine-6-phosphate deacetylase,Blood and urine assays,X30260.Mean reticulocyte volume,48344,0.0014316211841624,0.00195136249008793,-0.00239304929640994,0.00525629166473474,0.463169781784716
AMDHD2,N-acetylglucosamine-6-phosphate deacetylase,Blood and urine assays,X30270.Mean sphered cell volume,48344,0.00165827919206803,0.00198001266313996,-0.00222254562768629,0.00553910401182235,0.402316754582216
AMDHD2,N-acetylglucosamine-6-phosphate deacetylase,Blood and urine assays,X30280.Immature reticulocyte fraction,48344,0.00160996706153412,0.00206317950797568,-0.00243386477409821,0.00565379889716645,0.435204536469449
AMDHD2,N-acetylglucosamine-6-phosphate deacetylase,Blood and urine assays,X30290.High light scatter reticulocyte percentage,48344,0.00154987761127425,0.00212706259708548,-0.00261916507901329,0.0057189203015618,0.46622657949866
AMDHD2,N-acetylglucosamine-6-phosphate deacetylase,Blood and urine assays,X30300.High light scatter reticulocyte count,48344,0.00144181109876988,0.00215501335013475,-0.00278201506749423,0.00566563726503399,0.503471821357619
AMDHD2,N-acetylglucosamine-6-phosphate deacetylase,Blood and urine assays,X30500.Microalbumin in urine,36092,0.00406681175941612,0.00324948629200724,-0.00230218137291807,0.0104358048917503,0.210785614195424
AMDHD2,N-acetylglucosamine-6-phosphate deacetylase,Blood and urine assays,X30510.Creatinine (enzymatic) in urine,48692,-0.00343000677387393,0.00214879483912579,-0.00764164465856047,0.000781631110812613,0.110449920328366
AMDHD2,N-acetylglucosamine-6-phosphate deacetylase,Blood and urine assays,X30520.Potassium in urine,48660,-8.91387904923304e-05,0.00201292654166556,-0.00403447481215682,0.00385619723117216,0.964679132315268
AMDHD2,N-acetylglucosamine-6-phosphate deacetylase,Blood and urine assays,X30530.Sodium in urine,48643,-8.54844254807051e-05,0.00211817662534267,-0.00423711061115233,0.00406614176019092,0.967808484681055
AMDHD2,N-acetylglucosamine-6-phosphate deacetylase,Blood and urine assays,X30600.Albumin,46740,-0.00205227034077126,0.00207018970309718,-0.00610984215884174,0.00200530147729922,0.321531258275123
AMDHD2,N-acetylglucosamine-6-phosphate deacetylase,Blood and urine assays,X30610.Alkaline phosphatase,48321,0.00132858383477232,0.0020532425280056,-0.00269577152011866,0.0053529391896633,0.517596866437857
AMDHD2,N-acetylglucosamine-6-phosphate deacetylase,Blood and urine assays,X30620.Alanine aminotransferase,48324,0.00172791978811877,0.00217886552090107,-0.00254265663284733,0.00599849620908488,0.427766418945553
AMDHD2,N-acetylglucosamine-6-phosphate deacetylase,Blood and urine assays,X30630.Apolipoprotein A,46614,0.000135730858985948,0.00228340587060077,-0.00433974464739155,0.00461120636536345,0.952600517109679
AMDHD2,N-acetylglucosamine-6-phosphate deacetylase,Blood and urine assays,X30640.Apolipoprotein B,48238,-0.000980629239919651,0.00190338052360595,-0.0047112550661873,0.002749996586348,0.6064164612455
AMDHD2,N-acetylglucosamine-6-phosphate deacetylase,Blood and urine assays,X30650.Aspartate aminotransferase,48266,0.00214418141297236,0.00208475536643821,-0.00194193910524654,0.00623030193119126,0.303725362042711
AMDHD2,N-acetylglucosamine-6-phosphate deacetylase,Blood and urine assays,X30660.Direct bilirubin,45520,0.000552269126303606,0.00221532888611809,-0.00378977549048786,0.00489431374309507,0.80313618467427
AMDHD2,N-acetylglucosamine-6-phosphate deacetylase,Blood and urine assays,X30670.Urea,48313,-0.000823534862739351,0.00204931986256604,-0.0048402017933688,0.00319313206789009,0.68779328412714
AMDHD2,N-acetylglucosamine-6-phosphate deacetylase,Blood and urine assays,X30680.Calcium,46738,-0.00047688534948462,0.00201507849475606,-0.0044264391992065,0.00347266850023726,0.812924535799405
AMDHD2,N-acetylglucosamine-6-phosphate deacetylase,Blood and urine assays,X30690.Cholesterol,48328,-0.000556105387175799,0.00192260471343187,-0.00432441062550227,0.00321219985115067,0.772396399982394
AMDHD2,N-acetylglucosamine-6-phosphate deacetylase,Blood and urine assays,X30700.Creatinine,48321,-0.00135126093331142,0.00231408916539565,-0.0058868756974869,0.00318435383086406,0.559275792670575
AMDHD2,N-acetylglucosamine-6-phosphate deacetylase,Blood and urine assays,X30710.C-reactive protein,48270,0.000339715726172716,0.00217522237266645,-0.00392372012425353,0.00460315157659896,0.875896599797974
AMDHD2,N-acetylglucosamine-6-phosphate deacetylase,Blood and urine assays,X30720.Cystatin C,48337,0.000411689043109336,0.0022620885476938,-0.00402200451037051,0.00484538259658918,0.85558849429251
AMDHD2,N-acetylglucosamine-6-phosphate deacetylase,Blood and urine assays,X30730.Gamma glutamyltransferase,48321,0.000458886535756835,0.00219927818250249,-0.00385169870194805,0.00476947177346172,0.834721161347248
AMDHD2,N-acetylglucosamine-6-phosphate deacetylase,Blood and urine assays,X30740.Glucose,46724,0.00580875050674884,0.00206854191146121,0.00175440836028486,0.00986309265321282,0.0049883994482558
AMDHD2,N-acetylglucosamine-6-phosphate deacetylase,Blood and urine assays,X30750.Glycated haemoglobin (HbA1c),48320,0.00151467243016574,0.00212500875238502,-0.0026503447245089,0.00567968958484038,0.475988067762141
AMDHD2,N-acetylglucosamine-6-phosphate deacetylase,Blood and urine assays,X30760.HDL cholesterol,46731,0.000768540226199,0.00233990790722584,-0.00381767927196365,0.00535475972436165,0.742576180948559
AMDHD2,N-acetylglucosamine-6-phosphate deacetylase,Blood and urine assays,X30770.IGF-1,48219,-0.00208146453988628,0.00201271147218968,-0.00602637902537805,0.00186344994560548,0.30107478402215
AMDHD2,N-acetylglucosamine-6-phosphate deacetylase,Blood and urine assays,X30780.LDL direct,48284,-0.00122484697655208,0.00188370233051243,-0.00491690354435643,0.00246720959125228,0.515549018157718
AMDHD2,N-acetylglucosamine-6-phosphate deacetylase,Blood and urine assays,X30790.Lipoprotein A,44432,0.00106615034651697,0.0021478799315641,-0.00314369431934866,0.0052759950123826,0.619638187315368
AMDHD2,N-acetylglucosamine-6-phosphate deacetylase,Blood and urine assays,X30810.Phosphate,46707,-0.00151735140987872,0.00215554212442646,-0.00574221397375458,0.00270751115399714,0.481485541232097
AMDHD2,N-acetylglucosamine-6-phosphate deacetylase,Blood and urine assays,X30830.SHBG,46581,-0.00279740021572816,0.00249326748885702,-0.00768420449388792,0.00208940406243161,0.261885762692568
AMDHD2,N-acetylglucosamine-6-phosphate deacetylase,Blood and urine assays,X30840.Total bilirubin,48250,0.000320393311548334,0.00211713137715852,-0.00382918418768236,0.00446997081077903,0.879714093470557
AMDHD2,N-acetylglucosamine-6-phosphate deacetylase,Blood and urine assays,X30850.Testosterone,46063,0.00249506589892835,0.0033472506710509,-0.00406554541633141,0.00905567721418811,0.456035770829695
AMDHD2,N-acetylglucosamine-6-phosphate deacetylase,Blood and urine assays,X30860.Total protein,46724,0.000111324542306326,0.00201217765142309,-0.00383254365448293,0.00405519273909558,0.955879853862645
AMDHD2,N-acetylglucosamine-6-phosphate deacetylase,Blood and urine assays,X30870.Triglycerides,48317,0.00210344715743897,0.00219869771413138,-0.00220600036225853,0.00641289467713648,0.338741572179208
AMDHD2,N-acetylglucosamine-6-phosphate deacetylase,Blood and urine assays,X30880.Urate,48298,0.00322298311921346,0.00238876975456587,-0.00145900559973564,0.00790497183816256,0.177281336025824
AMDHD2,N-acetylglucosamine-6-phosphate deacetylase,Blood and urine assays,X30890.Vitamin D,47356,0.00127840598837821,0.00222493954375271,-0.00308247551737711,0.00563928749413352,0.565582429527953
AMDHD2,N-acetylglucosamine-6-phosphate deacetylase,Physical measures,X3137.Number of measurements made,47086,0.0474979393346123,0.0650796313042369,-0.0800581380216921,0.175054016690917,0.465495468475199
AMDHD2,N-acetylglucosamine-6-phosphate deacetylase,Physical measures,X3143.Ankle spacing width,40507,0.00520873165450038,0.00339184139449521,-0.00143927747871024,0.011856740787711,0.124648561739369
AMDHD2,N-acetylglucosamine-6-phosphate deacetylase,Physical measures,"X3144.Heel Broadband ultrasound attenuation, direct entry",40507,0.000835037952822386,0.00264232884246256,-0.00434392657840423,0.006014002484049,0.751990517251225
AMDHD2,N-acetylglucosamine-6-phosphate deacetylase,Physical measures,X3146.Speed of sound through heel,40507,-0.000483052938200694,0.00253587253788222,-0.00545336311244984,0.00448725723604845,0.84893027166887
AMDHD2,N-acetylglucosamine-6-phosphate deacetylase,Physical measures,"X3147.Heel quantitative ultrasound index (QUI), direct entry",40507,-5.43994688919374e-05,0.00256724157158209,-0.00508619294919284,0.00497739401140897,0.983094583115185
AMDHD2,N-acetylglucosamine-6-phosphate deacetylase,Physical measures,X3148.Heel bone mineral density (BMD),40496,-0.000153510287412367,0.00257202428620269,-0.00519467788836965,0.00488765731354491,0.952407878070667
AMDHD2,N-acetylglucosamine-6-phosphate deacetylase,Health and medical history,X3526.Mother's age at death,45855,-0.00063836974069842,0.00202007187954464,-0.00459771062460591,0.00332097114320907,0.751996311602308
AMDHD2,N-acetylglucosamine-6-phosphate deacetylase,Health and medical history,X3581.Age at menopause (last menstrual period),37346,-0.00284824236742119,0.00277943461175175,-0.00829593420645462,0.00259944947161225,0.305508723169225
AMDHD2,N-acetylglucosamine-6-phosphate deacetylase,Health and medical history,"X3761.Age hay fever, rhinitis or eczema diagnosed",32354,-0.00126757657313828,0.00435749878350036,-0.00980827418879898,0.00727312104252242,0.771150371014009
AMDHD2,N-acetylglucosamine-6-phosphate deacetylase,Physical measures,X4100.Ankle spacing width (left),35864,-0.0024571025215172,0.00442007294499164,-0.0111204454937008,0.00620624045066641,0.578300343192183
AMDHD2,N-acetylglucosamine-6-phosphate deacetylase,Physical measures,X4101.Heel broadband ultrasound attenuation (left),35861,-0.00363208067092544,0.00345247975281736,-0.0103989409864475,0.00313477964459658,0.292828113402624
AMDHD2,N-acetylglucosamine-6-phosphate deacetylase,Physical measures,X4103.Speed of sound through heel (left),35864,6.55725333785778e-05,0.00329960203271877,-0.00640164745075021,0.00653279251750737,0.98414538887204
AMDHD2,N-acetylglucosamine-6-phosphate deacetylase,Physical measures,"X4104.Heel quantitative ultrasound index (QUI), direct entry (left)",35864,-0.00121435443282187,0.00334349873092384,-0.00776761194543259,0.00533890307978885,0.716467959207695
AMDHD2,N-acetylglucosamine-6-phosphate deacetylase,Physical measures,X4105.Heel bone mineral density (BMD) (left),35861,-0.00167524445430525,0.00333788749205338,-0.00821750393872987,0.00486701503011937,0.615763138193811
AMDHD2,N-acetylglucosamine-6-phosphate deacetylase,Physical measures,"X4106.Heel bone mineral density (BMD) T-score, automated (left)",35864,-0.00121424231453285,0.00334349700914368,-0.00776749645245446,0.00533901182338876,0.716492866368449
AMDHD2,N-acetylglucosamine-6-phosphate deacetylase,Physical measures,X4119.Ankle spacing width (right),35862,-0.000929372902459582,0.00432277612442056,-0.00940201410632388,0.00754326830140471,0.829778215673837
AMDHD2,N-acetylglucosamine-6-phosphate deacetylase,Physical measures,X4120.Heel broadband ultrasound attenuation (right),35861,-0.000679151111940496,0.00339188357581294,-0.00732724292053386,0.00596894069665287,0.841308135308522
AMDHD2,N-acetylglucosamine-6-phosphate deacetylase,Physical measures,X4122.Speed of sound through heel (right),35862,0.00204947723353715,0.00324175208996688,-0.00430435686279794,0.00840331132987223,0.52726949658893
AMDHD2,N-acetylglucosamine-6-phosphate deacetylase,Physical measures,"X4123.Heel quantitative ultrasound index (QUI), direct entry (right)",35862,0.0011502522577821,0.00328624870258909,-0.00529079519929252,0.00759129971485672,0.72633486020158
AMDHD2,N-acetylglucosamine-6-phosphate deacetylase,Physical measures,X4124.Heel bone mineral density (BMD) (right),35858,0.000899732164871146,0.00328197800298015,-0.00553294472096994,0.00733240905071223,0.783983023394896
AMDHD2,N-acetylglucosamine-6-phosphate deacetylase,Physical measures,"X4125.Heel bone mineral density (BMD) T-score, automated (right)",35862,0.00114605104379788,0.00328624350848182,-0.0052949862328265,0.00758708832042225,0.727294041244791
AMDHD2,N-acetylglucosamine-6-phosphate deacetylase,Physical measures,X4194.Pulse rate,36171,0.000234722943074012,0.00316907140898001,-0.00597665701852682,0.00644610290467484,0.940959364567471
AMDHD2,N-acetylglucosamine-6-phosphate deacetylase,Physical measures,X4195.Pulse wave reflection index,36171,-0.00450150026015997,0.0034059411789289,-0.0111771449708606,0.00217414445054069,0.186324332863324
AMDHD2,N-acetylglucosamine-6-phosphate deacetylase,Physical measures,X4196.Pulse wave peak to peak time,36165,-0.000138479193907224,0.00313524999885737,-0.00628356919166768,0.00600661080385323,0.964771380283334
AMDHD2,N-acetylglucosamine-6-phosphate deacetylase,Physical measures,X4198.Position of the pulse wave peak,36171,-0.000472261439045355,0.00332086858272926,-0.0069811638611947,0.00603664098310399,0.88691806864561
AMDHD2,N-acetylglucosamine-6-phosphate deacetylase,Physical measures,X4199.Position of pulse wave notch,36171,0.000777307555266349,0.00318151430344858,-0.00545846047949288,0.00701307559002557,0.806990183920423
AMDHD2,N-acetylglucosamine-6-phosphate deacetylase,Physical measures,X4200.Position of the shoulder on the pulse waveform,36171,0.000248676188322476,0.00327184192840664,-0.00616413399135453,0.00666148636799949,0.939417337744484
AMDHD2,N-acetylglucosamine-6-phosphate deacetylase,Physical measures,X4269.Number of triplets attempted (left),36010,0.146618588787539,0.249881161057001,-0.343148486884182,0.63638566445926,0.557388896524845
AMDHD2,N-acetylglucosamine-6-phosphate deacetylase,Physical measures,X4270.Volume level set by participant (left),35931,-0.07364035409917,0.0846129241859902,-0.239481685503711,0.0922009773053707,0.384156355574788
AMDHD2,N-acetylglucosamine-6-phosphate deacetylase,Physical measures,X4276.Number of triplets attempted (right),36005,0.286701697223751,0.239321980525039,-0.182369384605326,0.755772779052828,0.230968600363699
AMDHD2,N-acetylglucosamine-6-phosphate deacetylase,Physical measures,X4277.Volume level set by participant (right),35922,0.0334360502116221,0.0849476386619117,-0.133061321565725,0.199933421988969,0.69388312560024
AMDHD2,N-acetylglucosamine-6-phosphate deacetylase,Cognitive function,X4288.Time to answer,36179,0.00224155727657252,0.00377742892245798,-0.00516220341144513,0.00964531796459017,0.552927219885929
AMDHD2,N-acetylglucosamine-6-phosphate deacetylase,Cognitive function,X4290.Duration screen displayed,36179,-0.0011025999860095,0.0035126488906688,-0.00798739181172036,0.00578219183970136,0.753610796765105
AMDHD2,N-acetylglucosamine-6-phosphate deacetylase,Physical measures,X46.Hand grip strength (left),49223,0.00023997561501895,0.00277823841370934,-0.00520537167585135,0.00568532290588925,0.931167674734836
AMDHD2,N-acetylglucosamine-6-phosphate deacetylase,Physical measures,X47.Hand grip strength (right),49243,0.000994676950450143,0.00276343169256466,-0.00442164916697659,0.00641100306787687,0.718893806419821
AMDHD2,N-acetylglucosamine-6-phosphate deacetylase,Physical measures,X48.Waist circumference,49304,0.00455115108055138,0.00419818689250536,-0.00367729522875912,0.0127795973898619,0.278344371372596
AMDHD2,N-acetylglucosamine-6-phosphate deacetylase,Health and medical history,X4803.Tinnitus,36089,0.0239063577479137,0.0957098402121644,-0.163684929067928,0.211497644563756,0.802765304342315
AMDHD2,N-acetylglucosamine-6-phosphate deacetylase,Working and living environment,X4825.Noisy workplace,36168,0.185653061665406,0.111817265255897,-0.0335087782361519,0.404814901566963,0.0968939484587072
AMDHD2,N-acetylglucosamine-6-phosphate deacetylase,Working and living environment,X4836.Loud music exposure frequency,36123,-0.0462860847369002,0.188436086800573,-0.415620814866024,0.323048645392223,0.805973768693413
AMDHD2,N-acetylglucosamine-6-phosphate deacetylase,Physical measures,X49.Hip circumference,49299,-0.00305544660738203,0.00341075115124667,-0.0097405188638255,0.00362962564906144,0.370355323091626
AMDHD2,N-acetylglucosamine-6-phosphate deacetylase,Physical measures,X50.Standing height,49285,0.00114470296932582,0.00270917646108392,-0.00416528289439866,0.00645468883305029,0.672644173871447
AMDHD2,N-acetylglucosamine-6-phosphate deacetylase,Health and medical history,X5057.Number of older siblings,35098,0.0075345030579542,0.092021019069738,-0.172826694318732,0.187895700434641,0.934746452738733
AMDHD2,N-acetylglucosamine-6-phosphate deacetylase,Physical measures,X51.Seated height,49210,0.00317787380207884,0.0025336518689445,-0.00178808386105238,0.00814383146521007,0.209759926155496
AMDHD2,N-acetylglucosamine-6-phosphate deacetylase,Eye measures,X5181.Ever had eye surgery,33892,0.269182320030204,0.193209798561046,-0.109508885149446,0.647873525209854,0.163621460819627
AMDHD2,N-acetylglucosamine-6-phosphate deacetylase,Eye measures,X5186.Duration visual-acuity screen displayed (right),33879,-0.00377532847985275,0.00378128117298406,-0.0111866395789015,0.00363598261919601,0.318124517644424
AMDHD2,N-acetylglucosamine-6-phosphate deacetylase,Eye measures,X5188.Duration visual-acuity screen displayed (left),33878,-0.00398253181960759,0.00391103848486755,-0.011648167249948,0.0036831036107328,0.308597556384331
AMDHD2,N-acetylglucosamine-6-phosphate deacetylase,Eye measures,X5190.Duration at which refractometer first shown (right),33816,-0.00473593102854116,0.00400052038497423,-0.0125769509830907,0.00310508892600833,0.236541739665318
AMDHD2,N-acetylglucosamine-6-phosphate deacetylase,Eye measures,X5193.Duration at which refractometer first shown (left),33814,-0.00848927767447065,0.00404222518678862,-0.0164120390405763,-0.000566516308364955,0.0357697635155214
AMDHD2,N-acetylglucosamine-6-phosphate deacetylase,Eye measures,"X5199.logMAR, initial (right)",33864,0.0131260417514158,0.109088096759176,-0.20068662789657,0.226938711399402,0.904230758225262
AMDHD2,N-acetylglucosamine-6-phosphate deacetylase,Eye measures,X5200.Final number of letters displayed (right),33864,-0.348223591023025,0.660368146552051,-1.64254515826504,0.946097976218994,0.597998277136887
AMDHD2,N-acetylglucosamine-6-phosphate deacetylase,Eye measures,"X5201.logMAR, final (right)",33810,-0.0033707611753389,0.00420214070096092,-0.0116069569492223,0.00486543459854451,0.422505560291792
AMDHD2,N-acetylglucosamine-6-phosphate deacetylase,Eye measures,X5202.Number of rounds to result (right),33864,0.064879122962719,0.100821041288533,-0.132730117962806,0.262488363888244,0.519926350398864
AMDHD2,N-acetylglucosamine-6-phosphate deacetylase,Eye measures,"X5206.logMAR, initial (left)",33859,-0.208583239877892,0.110458494100273,-0.425081888314427,0.00791540855864278,0.0590422693885081
AMDHD2,N-acetylglucosamine-6-phosphate deacetylase,Eye measures,X5207.Final number of letters displayed (left),33859,0.207822044135768,0.585980953514735,-0.940700624753112,1.35634471302465,0.722862865907551
AMDHD2,N-acetylglucosamine-6-phosphate deacetylase,Eye measures,"X5208.logMAR, final (left)",33808,-0.00839702683492198,0.00414011382479212,-0.0165116499315145,-0.000282403738329429,0.0425959942362073
AMDHD2,N-acetylglucosamine-6-phosphate deacetylase,Eye measures,X5209.Number of rounds to result (left),33857,-0.0185982526917056,0.10004440934092,-0.214685294999909,0.177488789616498,0.85253131085842
AMDHD2,N-acetylglucosamine-6-phosphate deacetylase,Eye measures,"X5254.Intra-ocular pressure, corneal-compensated (right)",33643,0.00565704236406376,0.00391291273924565,-0.00201226660485771,0.0133263513329852,0.148321444086997
AMDHD2,N-acetylglucosamine-6-phosphate deacetylase,Eye measures,"X5255.Intra-ocular pressure, Goldmann-correlated (right)",33643,0.00212354554000581,0.00395071315773497,-0.00561985224915474,0.00986694332916636,0.590942662323223
AMDHD2,N-acetylglucosamine-6-phosphate deacetylase,Eye measures,X5256.Corneal hysteresis (right),33643,-0.00515050494987537,0.00394283940498114,-0.0128784701836384,0.00257746028388766,0.19152034106932
AMDHD2,N-acetylglucosamine-6-phosphate deacetylase,Eye measures,X5257.Corneal resistance factor (right),33643,-0.00228044590426499,0.00397665797353501,-0.0100746955323936,0.00551380372386364,0.566363685912161
AMDHD2,N-acetylglucosamine-6-phosphate deacetylase,Eye measures,"X5262.Intra-ocular pressure, corneal-compensated (left)",33634,0.00148628523876463,0.0039273880419681,-0.00621139532349285,0.00918396580102212,0.705120998532849
AMDHD2,N-acetylglucosamine-6-phosphate deacetylase,Eye measures,"X5263.Intra-ocular pressure, Goldmann-correlated (left)",33634,0.00263722248716766,0.0039438745538543,-0.00509277163838676,0.0103672166127221,0.503729141489817
AMDHD2,N-acetylglucosamine-6-phosphate deacetylase,Eye measures,X5264.Corneal hysteresis (left),33634,0.00169197812018775,0.00399067460598644,-0.00612974410754566,0.00951370034792117,0.671598763892484
AMDHD2,N-acetylglucosamine-6-phosphate deacetylase,Eye measures,X5265.Corneal resistance factor (left),33634,0.00224979960199819,0.00399600430006285,-0.005582368826125,0.0100819680301214,0.573454931266678
AMDHD2,N-acetylglucosamine-6-phosphate deacetylase,Lifestyle factors,X5364.Average weekly intake of other alcoholic drinks,33980,-0.814458585691889,0.558188023472632,-1.90850711169825,0.279589940314469,0.144600050463121
AMDHD2,N-acetylglucosamine-6-phosphate deacetylase,Diet and food preferences,"X6144#1.Never eat eggs, dairy, wheat, sugar_Eggs or foods containing eggs",49257,-0.0126884138481282,0.0102402923300889,-0.0327593868151024,0.00738255911884601,0.215334980975743
AMDHD2,N-acetylglucosamine-6-phosphate deacetylase,Diet and food preferences,"X6144#2.Never eat eggs, dairy, wheat, sugar_Dairy products",49257,-0.00292691583780676,0.0109641132534022,-0.024416577814475,0.0185627461388615,0.789507185687212
AMDHD2,N-acetylglucosamine-6-phosphate deacetylase,Diet and food preferences,"X6144#3.Never eat eggs, dairy, wheat, sugar_Wheat products",49257,-0.00153562553145132,0.0290021972472105,-0.058379932135984,0.0553086810730813,0.957773394399373
AMDHD2,N-acetylglucosamine-6-phosphate deacetylase,Diet and food preferences,"X6144#4.Never eat eggs, dairy, wheat, sugar_Sugar or foods or drinks containing sugar",49257,-0.00236664819916718,0.0044111845910309,-0.0110125699975877,0.00627927359925339,0.591611518506172
AMDHD2,N-acetylglucosamine-6-phosphate deacetylase,Diet and food preferences,"X6144#5.Never eat eggs, dairy, wheat, sugar_I eat all of the above",49257,0.00251169763152401,0.00415329265802281,-0.00562875597820069,0.0106521512412487,0.545352936118056
AMDHD2,N-acetylglucosamine-6-phosphate deacetylase,Mental health,"X6145#3.Illness, injury, bereavement, stress in last 2 years_Death of a close relative",37070,0.00550942990740336,0.00596804881255362,-0.00618794576520175,0.0172068055800085,0.355955081492336
AMDHD2,N-acetylglucosamine-6-phosphate deacetylase,Mental health,"X6145#4.Illness, injury, bereavement, stress in last 2 years_Death of a spouse or partner",37070,0.00498588140457933,0.0125933279409684,-0.0196970413597187,0.0296688041688774,0.692178812341615
AMDHD2,N-acetylglucosamine-6-phosphate deacetylase,Mental health,"X6145#5.Illness, injury, bereavement, stress in last 2 years_Marital separation or divorce",37070,0.00441024547346576,0.0155870956679214,-0.0261404620356601,0.0349609529825916,0.777228662562152
AMDHD2,N-acetylglucosamine-6-phosphate deacetylase,Mental health,"X6145#6.Illness, injury, bereavement, stress in last 2 years_Financial difficulties",37070,0.00944595052560244,0.00850679410081573,-0.00722736591199639,0.0261192669632013,0.266860275318424
AMDHD2,N-acetylglucosamine-6-phosphate deacetylase,Eye measures,X6147#1.Reason for glasses or contact lenses_For short-sightedness,49319,-0.0019298708854695,0.00856941505532073,-0.0187259243938981,0.0148661826229591,0.82182247069764
AMDHD2,N-acetylglucosamine-6-phosphate deacetylase,Eye measures,X6147#2.Reason for glasses or contact lenses_For long-sightedness,49319,-0.0019298708854695,0.00856941505532073,-0.0187259243938981,0.0148661826229591,0.82182247069764
AMDHD2,N-acetylglucosamine-6-phosphate deacetylase,Eye measures,X6147#3.Reason for glasses or contact lenses_For just reading or near work as you are getting older (called 'presbyopia'),49319,0.00142804586731966,0.00688061301046034,-0.0120579556331826,0.0149140473678219,0.835585326767971
AMDHD2,N-acetylglucosamine-6-phosphate deacetylase,Eye measures,X6147#4.Reason for glasses or contact lenses_For 'astigmatism',49319,-0.0233524311967542,0.0116853619081082,-0.0462557405366462,-0.00044912185686222,0.0456829958112311
AMDHD2,N-acetylglucosamine-6-phosphate deacetylase,Eye measures,X6147#5.Reason for glasses or contact lenses_For a 'squint' or 'turn' in an eye since childhood (called 'strabismus'),49319,-0.00954863879554251,0.0287316534827225,-0.0658626796216786,0.0467654020305935,0.739637023161788
AMDHD2,N-acetylglucosamine-6-phosphate deacetylase,Eye measures,X6147#6.Reason for glasses or contact lenses_For a 'lazy' eye or an eye with poor vision since childhood (called 'amblyopia'),49319,-0.0132738167896038,0.0191769361084987,-0.0508606115622611,0.0243129779830536,0.48883473349322
AMDHD2,N-acetylglucosamine-6-phosphate deacetylase,Eye measures,X6147#7.Reason for glasses or contact lenses_Other eye condition,49319,0.0195136333841127,0.0311754393235628,-0.0415902276900703,0.0806174944582958,0.53136815135047
AMDHD2,N-acetylglucosamine-6-phosphate deacetylase,Health and medical history,X6149#1.Mouth or teeth dental problems_Mouth ulcers,49257,-0.00486942825919275,0.00634647105021925,-0.0173085115176225,0.00756965499923697,0.442932707405976
AMDHD2,N-acetylglucosamine-6-phosphate deacetylase,Health and medical history,X6149#2.Mouth or teeth dental problems_Painful gums,49257,0.00622029347139003,0.0107105878254204,-0.0147724586664339,0.0272130456092139,0.561407954694569
AMDHD2,N-acetylglucosamine-6-phosphate deacetylase,Health and medical history,X6149#3.Mouth or teeth dental problems_Bleeding gums,49257,0.00241302097856237,0.00634028434122566,-0.0100139363302399,0.0148399782873647,0.703514790562379
AMDHD2,N-acetylglucosamine-6-phosphate deacetylase,Health and medical history,X6149#4.Mouth or teeth dental problems_Loose teeth,49257,0.00887453863347662,0.00894290667930685,-0.00865355845796481,0.026402635724918,0.321036324235035
AMDHD2,N-acetylglucosamine-6-phosphate deacetylase,Health and medical history,X6149#5.Mouth or teeth dental problems_Toothache,49257,-0.00283500534877681,0.0108552994776666,-0.0241113923250033,0.0184413816274497,0.79396929367057
AMDHD2,N-acetylglucosamine-6-phosphate deacetylase,Health and medical history,X6149#6.Mouth or teeth dental problems_Dentures,49257,-8.60815796749273e-05,0.00426623454149841,-0.00844790128101181,0.00827573812166195,0.983902046049562
AMDHD2,N-acetylglucosamine-6-phosphate deacetylase,Health and medical history,X6150#1.Vascular or heart problems diagnosed by doctor_Heart attack,37504,-0.0162911616897716,0.00969642945291353,-0.0352961634174821,0.00271384003793891,0.0929716245055595
AMDHD2,N-acetylglucosamine-6-phosphate deacetylase,Health and medical history,X6150#2.Vascular or heart problems diagnosed by doctor_Angina,37504,0.00307290740559737,0.00828972148764624,-0.0131749467101893,0.019320761521384,0.710878737228315
AMDHD2,N-acetylglucosamine-6-phosphate deacetylase,Health and medical history,X6150#3.Vascular or heart problems diagnosed by doctor_Stroke,37504,-0.0160733476645724,0.0119936119783913,-0.0395808271422193,0.00743413181307455,0.18023028135134
AMDHD2,N-acetylglucosamine-6-phosphate deacetylase,Health and medical history,X6150#4.Vascular or heart problems diagnosed by doctor_High blood pressure,37504,0.00664089992781915,0.00931046788240473,-0.0116076171216941,0.0248894169773324,0.475697231889681
AMDHD2,N-acetylglucosamine-6-phosphate deacetylase,Health and medical history,X6151#1.Fractured bone site(s)_Ankle,49242,-0.0141219351283346,0.0145518788719593,-0.0426436177173748,0.0143997474607057,0.331831743199809
AMDHD2,N-acetylglucosamine-6-phosphate deacetylase,Health and medical history,X6151#2.Fractured bone site(s)_Leg,49242,0.011204068894729,0.022881163700483,-0.0336430119582177,0.0560511497476756,0.624377447786836
AMDHD2,N-acetylglucosamine-6-phosphate deacetylase,Health and medical history,X6151#3.Fractured bone site(s)_Hip,49242,0.00643211788722605,0.0345656432444914,-0.0613165428719771,0.0741807786464292,0.852380664315803
AMDHD2,N-acetylglucosamine-6-phosphate deacetylase,Health and medical history,X6151#4.Fractured bone site(s)_Spine,49242,0.0380751739397709,0.0364401250157769,-0.0333474710911519,0.109497818970694,0.296095902087136
AMDHD2,N-acetylglucosamine-6-phosphate deacetylase,Health and medical history,X6151#5.Fractured bone site(s)_Wrist,49242,0.00287001223790586,0.0121375086653543,-0.0209195047461886,0.0266595292220003,0.813079632522188
AMDHD2,N-acetylglucosamine-6-phosphate deacetylase,Health and medical history,X6151#6.Fractured bone site(s)_Arm,49242,-0.0150864192901804,0.0167416783739791,-0.0479001089031795,0.0177272703228186,0.36753032549226
AMDHD2,N-acetylglucosamine-6-phosphate deacetylase,Health and medical history,X6151#7.Fractured bone site(s)_Other bones,49242,-0.00223479560223826,0.00882196079146917,-0.0195258387535178,0.0150562475490413,0.800022095052677
AMDHD2,N-acetylglucosamine-6-phosphate deacetylase,Health and medical history,"X6152#5.Blood clot, DVT, bronchitis, emphysema, asthma, rhinitis, eczema, allergy diagnosed by doctor_Blood clot in the leg (DVT)",35159,-0.00356587867984622,0.0117933525624943,-0.0266808497023351,0.0195490923426427,0.762385562062245
AMDHD2,N-acetylglucosamine-6-phosphate deacetylase,Health and medical history,"X6152#6.Blood clot, DVT, bronchitis, emphysema, asthma, rhinitis, eczema, allergy diagnosed by doctor_Emphysema or chronic bronchitis",35159,0.00488445494663423,0.0122060094880788,-0.0190393236500001,0.0288082335432686,0.689047079182517
AMDHD2,N-acetylglucosamine-6-phosphate deacetylase,Health and medical history,"X6152#7.Blood clot, DVT, bronchitis, emphysema, asthma, rhinitis, eczema, allergy diagnosed by doctor_Blood clot in the lung",35159,0.0147676533928061,0.0173493549338379,-0.0192370822775162,0.0487723890631284,0.394696193449255
AMDHD2,N-acetylglucosamine-6-phosphate deacetylase,Health and medical history,"X6152#8.Blood clot, DVT, bronchitis, emphysema, asthma, rhinitis, eczema, allergy diagnosed by doctor_Asthma",35159,0.0102604197928902,0.0071529078277547,-0.003759279549509,0.0242801191352894,0.151499054423786
AMDHD2,N-acetylglucosamine-6-phosphate deacetylase,Health and medical history,"X6154#1.Medication for pain relief, constipation, heartburn_Aspirin",39035,-0.00466690662996911,0.0055890782466227,-0.0156214999933496,0.00628768673341139,0.403735329804786
AMDHD2,N-acetylglucosamine-6-phosphate deacetylase,Health and medical history,"X6154#2.Medication for pain relief, constipation, heartburn_Ibuprofen",39035,-0.000143785077090751,0.0065724655820122,-0.0130258176178347,0.0127382474636532,0.982546606580667
AMDHD2,N-acetylglucosamine-6-phosphate deacetylase,Health and medical history,"X6154#3.Medication for pain relief, constipation, heartburn_Paracetamol",39035,0.00344684449972926,0.0054710362841745,-0.00727638661725276,0.0141700756167113,0.528698252619869
AMDHD2,N-acetylglucosamine-6-phosphate deacetylase,Health and medical history,"X6154#4.Medication for pain relief, constipation, heartburn_Ranitidine",39035,-0.000450167062111715,0.012583572987804,-0.0251139701182075,0.024213635993984,0.971463143223125
AMDHD2,N-acetylglucosamine-6-phosphate deacetylase,Health and medical history,"X6154#5.Medication for pain relief, constipation, heartburn_Omeprazole",39035,0.00473045722068548,0.0070208037536927,-0.0090303181365522,0.0184912325779232,0.500468821533373
AMDHD2,N-acetylglucosamine-6-phosphate deacetylase,Health and medical history,"X6154#6.Medication for pain relief, constipation, heartburn_Laxatives",39035,0.0100744391267904,0.0101436559779633,-0.00980712659001776,0.0299560048435985,0.320648445060198
AMDHD2,N-acetylglucosamine-6-phosphate deacetylase,Health and medical history,X6155#1.Vitamin and mineral supplements_Vitamin A,49257,0.0175025852105517,0.0118400885256597,-0.0057039882997412,0.0407091587208447,0.139357153287359
AMDHD2,N-acetylglucosamine-6-phosphate deacetylase,Health and medical history,X6155#2.Vitamin and mineral supplements_Vitamin B,49257,0.0155762897546041,0.00894128663777798,-0.00194863205544078,0.0331012115646489,0.0815126446711773
AMDHD2,N-acetylglucosamine-6-phosphate deacetylase,Health and medical history,X6155#3.Vitamin and mineral supplements_Vitamin C,49257,-0.0355755051406952,0.0243929797042357,-0.0833857453609971,0.0122347350796067,0.144737125977687
AMDHD2,N-acetylglucosamine-6-phosphate deacetylase,Health and medical history,X6155#4.Vitamin and mineral supplements_Vitamin D,49257,0.014424534010791,0.0083566132488066,-0.00195442795686994,0.0308034959784519,0.0843408614325507
AMDHD2,N-acetylglucosamine-6-phosphate deacetylase,Health and medical history,X6155#5.Vitamin and mineral supplements_Vitamin E,49257,0.0142478200362866,0.00976527419585829,-0.00489211738759566,0.0333877574601689,0.144572730845757
AMDHD2,N-acetylglucosamine-6-phosphate deacetylase,Health and medical history,X6155#6.Vitamin and mineral supplements_Folic acid or Folate (Vit B9),49257,0.0041521856272973,0.011862890335727,-0.0190990794307275,0.0274034506853221,0.726331363449312
AMDHD2,N-acetylglucosamine-6-phosphate deacetylase,Health and medical history,X6155#7.Vitamin and mineral supplements_Multivitamins + or - minerals,49257,-0.00790865276929745,0.00398121117181217,-0.0157118266660493,-0.0001054788725456,0.046992061527378
AMDHD2,N-acetylglucosamine-6-phosphate deacetylase,Lifestyle factors,X6157#1.Why stopped smoking_Illness or ill health,34165,0.00156142082564853,0.00992139931103263,-0.0178845218239754,0.0210073634752725,0.874952479889953
AMDHD2,N-acetylglucosamine-6-phosphate deacetylase,Lifestyle factors,X6157#2.Why stopped smoking_Doctor's advice,34165,-0.00585850080429129,0.0123468135476316,-0.0300582553576492,0.0183412537490666,0.635167829379201
AMDHD2,N-acetylglucosamine-6-phosphate deacetylase,Lifestyle factors,X6157#3.Why stopped smoking_Health precaution,34165,-0.0111723065617489,0.00853876171021496,-0.0279082795137702,0.00556366639027245,0.190790579727941
AMDHD2,N-acetylglucosamine-6-phosphate deacetylase,Lifestyle factors,X6157#4.Why stopped smoking_Financial reasons,34165,-3.98503306879152e-05,0.00801461051933977,-0.0157484869485939,0.015668786287218,0.99603296582196
AMDHD2,N-acetylglucosamine-6-phosphate deacetylase,Health and medical history,X6159#1.Pain type(s) experienced in last month_Headache,49336,-0.00122814485094073,0.00529455825186447,-0.0116054790245951,0.00914918932271363,0.816568633688858
AMDHD2,N-acetylglucosamine-6-phosphate deacetylase,Health and medical history,X6159#2.Pain type(s) experienced in last month_Facial pain,49336,0.00789764390466465,0.0148963812774486,-0.0212992633991347,0.037094551208464,0.595998543104694
AMDHD2,N-acetylglucosamine-6-phosphate deacetylase,Health and medical history,X6159#3.Pain type(s) experienced in last month_Neck or shoulder pain,49336,-0.00474356301924115,0.00443186766083678,-0.0134300236344812,0.00394289759599894,0.284483407085021
AMDHD2,N-acetylglucosamine-6-phosphate deacetylase,Health and medical history,X6159#4.Pain type(s) experienced in last month_Back pain,49336,0.00188193750820818,0.00426807657649507,-0.00648349258172215,0.0102473675981385,0.65926594666215
AMDHD2,N-acetylglucosamine-6-phosphate deacetylase,Health and medical history,X6159#5.Pain type(s) experienced in last month_Stomach or abdominal pain,49336,0.0166945331799769,0.00728302962968099,0.00241979510580217,0.0309692712541517,0.0219014168535571
AMDHD2,N-acetylglucosamine-6-phosphate deacetylase,Health and medical history,X6159#6.Pain type(s) experienced in last month_Hip pain,49336,0.00535307072978718,0.00543697535848235,-0.00530340097283824,0.0160095424324126,0.324848251541931
AMDHD2,N-acetylglucosamine-6-phosphate deacetylase,Health and medical history,X6159#7.Pain type(s) experienced in last month_Knee pain,49336,-0.00188482896615846,0.00444751537857338,-0.0106019591081623,0.00683230117584536,0.671720803779139
AMDHD2,N-acetylglucosamine-6-phosphate deacetylase,Health and medical history,X6159#8.Pain type(s) experienced in last month_Pain all over the body,49336,-0.0120452774929226,0.0137100523723714,-0.0389169801427705,0.0148264251569253,0.37964349303777
AMDHD2,N-acetylglucosamine-6-phosphate deacetylase,Lifestyle factors,X6160#1.Leisure or social activities_Sports club or gym,43533,0.0065535266239267,0.00463723313618334,-0.00253545032299264,0.015642503570846,0.157606668787577
AMDHD2,N-acetylglucosamine-6-phosphate deacetylase,Lifestyle factors,X6160#2.Leisure or social activities_Pub or social club,43533,0.00590571686914448,0.00482960918152178,-0.00356031712663821,0.0153717508649272,0.221419807505427
AMDHD2,N-acetylglucosamine-6-phosphate deacetylase,Lifestyle factors,X6160#3.Leisure or social activities_Religious group,43533,-0.0120420759477848,0.00511300396009487,-0.0220635637095708,-0.00202058818599889,0.0185268264949874
AMDHD2,N-acetylglucosamine-6-phosphate deacetylase,Lifestyle factors,X6160#4.Leisure or social activities_Adult education class,43533,-0.00760385180576858,0.00691865371102615,-0.0211644130793798,0.00595670946784268,0.271770670636434
AMDHD2,N-acetylglucosamine-6-phosphate deacetylase,Lifestyle factors,X6160#5.Leisure or social activities_Other group activity,43533,-0.00654885270453041,0.00465070465786769,-0.0156642338339511,0.00256652842489025,0.159110697290512
AMDHD2,N-acetylglucosamine-6-phosphate deacetylase,Physical activities,X6162#1.Types of transport used (excluding work)_Car or motor vehicle,49145,-0.00397313060667663,0.0046576269121728,-0.0131020793545353,0.00515581814118206,0.393648726951729
AMDHD2,N-acetylglucosamine-6-phosphate deacetylase,Physical activities,X6162#2.Types of transport used (excluding work)_Walk,49145,0.00350343184599084,0.0037953658938328,-0.00393548530592146,0.0109423489979031,0.35597592475131
AMDHD2,N-acetylglucosamine-6-phosphate deacetylase,Physical activities,X6162#3.Types of transport used (excluding work)_Public transport,49145,0.00742693012579856,0.00392577699800976,-0.000267592790300562,0.0151214530418977,0.0585271713252743
AMDHD2,N-acetylglucosamine-6-phosphate deacetylase,Physical activities,X6162#4.Types of transport used (excluding work)_Cycle,49145,0.0135798206309333,0.00856565572140431,-0.00320886458301916,0.0303685058448857,0.11289583499554
AMDHD2,N-acetylglucosamine-6-phosphate deacetylase,Physical activities,X6164#1.Types of physical activity in last 4 weeks_Walking for pleasure (not as a means of transport),49160,0.0073210136631057,0.00422562460819163,-0.000961210568949889,0.0156032378951613,0.083195008378702
AMDHD2,N-acetylglucosamine-6-phosphate deacetylase,Physical activities,X6164#3.Types of physical activity in last 4 weeks_Strenuous sports,49160,0.0196362344930602,0.00830849256400711,0.00335158906760629,0.0359208799185142,0.0181179720239781
AMDHD2,N-acetylglucosamine-6-phosphate deacetylase,Health and medical history,X6179#1.Mineral and other dietary supplements_Fish oil (including cod liver oil),49257,-0.00560853647598024,0.00384510129087816,-0.0131449350061014,0.00192786205414095,0.144685750248352
AMDHD2,N-acetylglucosamine-6-phosphate deacetylase,Health and medical history,X6179#2.Mineral and other dietary supplements_Glucosamine,49257,-0.000976876009086676,0.00439049135848794,-0.00958223907172303,0.00762848705354968,0.823928412838872
AMDHD2,N-acetylglucosamine-6-phosphate deacetylase,Health and medical history,X6179#3.Mineral and other dietary supplements_Calcium,49257,-0.0108283776458975,0.00663366178841137,-0.0238303547511838,0.00217359945938875,0.102624013725648
AMDHD2,N-acetylglucosamine-6-phosphate deacetylase,Health and medical history,X6179#4.Mineral and other dietary supplements_Zinc,49257,-0.000181591513131576,0.00921642563425809,-0.0182457857562774,0.0178826027300143,0.984280469383592
AMDHD2,N-acetylglucosamine-6-phosphate deacetylase,Health and medical history,X6179#5.Mineral and other dietary supplements_Iron,49257,0.00603465109963967,0.0117735587170053,-0.0170415239856907,0.02911082618497,0.608265029265774
AMDHD2,N-acetylglucosamine-6-phosphate deacetylase,Health and medical history,X6179#6.Mineral and other dietary supplements_Selenium,49257,0.00501000398320634,0.0108519459198253,-0.0162598100196512,0.0262798179860638,0.644323911185279
AMDHD2,N-acetylglucosamine-6-phosphate deacetylase,Physical measures,"X78.Heel bone mineral density (BMD) T-score, automated",40507,-5.41544951126918e-05,0.00256722627673782,-0.00508591799751882,0.00497760900729344,0.983170600670999
AMDHD2,N-acetylglucosamine-6-phosphate deacetylase,Physical activities,X864.Number of days or week walked 10+ minutes,48838,0.0350807101726345,0.050141824863249,-0.0631972665593335,0.133358686904603,0.484166873020493
AMDHD2,N-acetylglucosamine-6-phosphate deacetylase,Physical activities,X874.Duration of walks,46158,0.00123607806182535,0.00211808514618896,-0.00291536882470501,0.00538752494835571,0.559508793106827
AMDHD2,N-acetylglucosamine-6-phosphate deacetylase,Physical activities,X884.Number of days or week of moderate physical activity 10+ minutes,48013,-0.0241027861158904,0.0484647224080599,-0.119093642035688,0.0708880698039071,0.618964707093562
AMDHD2,N-acetylglucosamine-6-phosphate deacetylase,Physical activities,X894.Duration of moderate activity,43781,-0.0481421777107393,0.0589834871750868,-0.163749812573909,0.0674654571524308,0.414400486918051
AMDHD2,N-acetylglucosamine-6-phosphate deacetylase,Physical activities,X90087.No-wear time bias adjusted average acceleration,32928,-0.000937670516742672,0.00504516541348081,-0.0108261947271651,0.00895085369367972,0.852568365340231
AMDHD2,N-acetylglucosamine-6-phosphate deacetylase,Physical activities,X904.Number of days or week of vigorous physical activity 10+ minutes,47946,0.0340647925689289,0.04973117169779,-0.0634083039587394,0.131537889096597,0.493365840894649
AMDHD2,N-acetylglucosamine-6-phosphate deacetylase,Physical activities,X914.Duration of vigorous activity,39014,0.00213507976165318,0.00261110311178503,-0.00298268233744547,0.00725284186075184,0.413552560719282
