Protein,Protein_definition,Trait_category,Trait,sample_size,Estimated_effect,se,lowerCI,upperCI,Pvalue
LZTFL1,Leucine zipper transcription factor-like protein 1,Lifestyle factors,X1050.Time spend outdoors in summer,47029,0.0140869456077159,0.0206859040454566,-0.026457426321379,0.0546313175368109,0.495885074803414
LZTFL1,Leucine zipper transcription factor-like protein 1,Lifestyle factors,X1060.Time spent outdoors in winter,45227,0.0320276875293766,0.0229610937084197,-0.012976056139126,0.0770314311978792,0.163075069171017
LZTFL1,Leucine zipper transcription factor-like protein 1,Physical activities,X1070.Time spent watching television (TV),48054,0.0676238458564014,0.0210810642196039,0.0263049599859776,0.108942731726825,0.00133977673926598
LZTFL1,Leucine zipper transcription factor-like protein 1,Physical activities,X1080.Time spent using computer,45217,-0.0727205202066196,0.0207096987925778,-0.113311529840072,-0.032129510573167,0.000446939738062669
LZTFL1,Leucine zipper transcription factor-like protein 1,Physical activities,X1090.Time spent driving,41689,-0.0258971376137733,0.0240231943677304,-0.072982598574525,0.0211883233469784,0.281052077566504
LZTFL1,Leucine zipper transcription factor-like protein 1,Lifestyle factors,X1160.Sleep duration,48734,-0.0135238591781071,0.0184523514172648,-0.049690467955946,0.0226427495997318,0.463623890819579
LZTFL1,Leucine zipper transcription factor-like protein 1,Health and medical history,X120039#0.Location of pain during the past week_None of the given areas,34666,-0.00374999720284657,0.0323555790778455,-0.0671669321954238,0.0596669377897307,0.907736401609057
LZTFL1,Leucine zipper transcription factor-like protein 1,Health and medical history,X120039#1.Location of pain during the past week_Left shoulder,34666,0.0223041708458151,0.0308115287768879,-0.0380864255568852,0.0826947672485153,0.469163950240751
LZTFL1,Leucine zipper transcription factor-like protein 1,Health and medical history,X120039#10.Location of pain during the past week_Upper right leg,34666,0.0156919165088978,0.0337095340123164,-0.0503787701552424,0.081762603173038,0.641589234870417
LZTFL1,Leucine zipper transcription factor-like protein 1,Health and medical history,X120039#11.Location of pain during the past week_Lower left leg,34666,0.0227872867189462,0.034084502522056,-0.0440183382242836,0.089592911662176,0.503809044373268
LZTFL1,Leucine zipper transcription factor-like protein 1,Health and medical history,X120039#12.Location of pain during the past week_Lower right leg,34666,-0.0256456507567866,0.0340273330419052,-0.0923392235189208,0.0410479220053475,0.451075050104882
LZTFL1,Leucine zipper transcription factor-like protein 1,Health and medical history,X120039#13.Location of pain during the past week_Left jaw pain,34666,-0.066953056905346,0.0896404088356432,-0.242648258223207,0.108742144412515,0.45515173643025
LZTFL1,Leucine zipper transcription factor-like protein 1,Health and medical history,X120039#14.Location of pain during the past week_Right jaw pain,34666,-0.0466739104534725,0.0889229538122695,-0.220962899925521,0.127615079018576,0.599687639097163
LZTFL1,Leucine zipper transcription factor-like protein 1,Health and medical history,X120039#15.Location of pain during the past week_Chest pain,34666,-0.0513446727627934,0.0601456220916498,-0.169230092062427,0.0665407465368401,0.393323758231192
LZTFL1,Leucine zipper transcription factor-like protein 1,Health and medical history,X120039#16.Location of pain during the past week_Abdomen,34666,-0.0193898422272612,0.0424930947839062,-0.102676308003717,0.063896623549195,0.648188260599691
LZTFL1,Leucine zipper transcription factor-like protein 1,Health and medical history,X120039#17.Location of pain during the past week_Neck pain,34666,-0.00516363275738778,0.0278354204098513,-0.0597210567606964,0.0493937912459209,0.852839183678831
LZTFL1,Leucine zipper transcription factor-like protein 1,Health and medical history,X120039#18.Location of pain during the past week_Upper back,34666,0.00863824449255807,0.042010431866764,-0.0737022019662994,0.0909786909514155,0.837094296172654
LZTFL1,Leucine zipper transcription factor-like protein 1,Health and medical history,X120039#19.Location of pain during the past week_Lower back,34666,-0.0117207232159605,0.022513231470252,-0.0558466568976544,0.0324052104657335,0.602656148124023
LZTFL1,Leucine zipper transcription factor-like protein 1,Health and medical history,X120039#2.Location of pain during the past week_Right shoulder,34666,-0.00675878890234302,0.0290717004297996,-0.0637393217447502,0.0502217439400642,0.816168571584769
LZTFL1,Leucine zipper transcription factor-like protein 1,Health and medical history,X120039#3.Location of pain during the past week_Upper left arm,34666,0.043006962087627,0.0417727588059584,-0.0388676451720515,0.124881569347306,0.303268844335666
LZTFL1,Leucine zipper transcription factor-like protein 1,Health and medical history,X120039#4.Location of pain during the past week_Upper right arm,34666,-0.0625890114059994,0.0392729487736485,-0.13956399100235,0.0143859681903516,0.111062637254379
LZTFL1,Leucine zipper transcription factor-like protein 1,Health and medical history,X120039#5.Location of pain during the past week_Lower left arm,34666,0.0283669629264212,0.0605944968139082,-0.0903982508288388,0.147132176681681,0.639700109990563
LZTFL1,Leucine zipper transcription factor-like protein 1,Health and medical history,X120039#6.Location of pain during the past week_Lower right arm,34666,0.00247406082575071,0.0579751935000574,-0.111157318434362,0.116105440085863,0.965962585670003
LZTFL1,Leucine zipper transcription factor-like protein 1,Health and medical history,X120039#7.Location of pain during the past week_Left hip,34666,0.0117952480101182,0.030463485171277,-0.0479131829255846,0.071503678945821,0.698628394773028
LZTFL1,Leucine zipper transcription factor-like protein 1,Health and medical history,X120039#8.Location of pain during the past week_Right hip,34666,-0.0290620993795808,0.0289346394010469,-0.0857739926056326,0.027649793846471,0.315227804936662
LZTFL1,Leucine zipper transcription factor-like protein 1,Health and medical history,X120039#9.Location of pain during the past week_Upper left leg,34666,0.0673837507320566,0.0365293884774074,-0.0042138506836618,0.138981352147775,0.065143220651475
LZTFL1,Leucine zipper transcription factor-like protein 1,Health and medical history,X120040.Fatigue severity over the past week,34672,-0.0726674670175407,0.0361642479780534,-0.143549393054525,-0.00178554098055603,0.0445465576188262
LZTFL1,Leucine zipper transcription factor-like protein 1,Health and medical history,X120041.Waking unrefreshed severity over the past week,34671,-0.0667988341481771,0.0360919297949992,-0.137539016546375,0.00394134825002126,0.0642525946248604
LZTFL1,Leucine zipper transcription factor-like protein 1,Health and medical history,X120042.Cognitive symptoms severity over the past week,34671,0.0272003137175476,0.0383408951917258,-0.047947840858235,0.10234846829333,0.478085743242092
LZTFL1,Leucine zipper transcription factor-like protein 1,Health and medical history,X120098.Mobility problems today,34675,-0.0653073026619143,0.0400545108905106,-0.143814144007315,0.0131995386834865,0.103061670881724
LZTFL1,Leucine zipper transcription factor-like protein 1,Health and medical history,X120099.Self-care problems today,34675,-0.0194937099674423,0.0615936121067112,-0.140217189696596,0.101229769761712,0.751643318048889
LZTFL1,Leucine zipper transcription factor-like protein 1,Health and medical history,X120100.Problems doing usual activities,34675,-0.0157192408634075,0.0387300064522058,-0.0916300535097309,0.0601915717829159,0.684856001261738
LZTFL1,Leucine zipper transcription factor-like protein 1,Health and medical history,X120101.Pain or discomfort today,34675,-0.0113790860879848,0.0359843330976515,-0.0819083789593817,0.0591502067834122,0.751845039512368
LZTFL1,Leucine zipper transcription factor-like protein 1,Health and medical history,X120102.Anxiety or depression today,34675,-0.023275494008618,0.045250837579643,-0.111967135664718,0.0654161476474823,0.60701684927004
LZTFL1,Leucine zipper transcription factor-like protein 1,Health and medical history,X120103.Scale to indicate how health is today,34655,0.0230136660777864,0.00984365920340087,0.00372009403912073,0.0423072381164521,0.0194274292612194
LZTFL1,Leucine zipper transcription factor-like protein 1,Health and medical history,X120104.Little interest or pleasure in doing things over the last two weeks,34652,-0.0655277199987167,0.046819918318353,-0.157294759902689,0.0262393199052551,0.161699186985137
LZTFL1,Leucine zipper transcription factor-like protein 1,Health and medical history,"X120105.Feeling down, depressed, or hopeless over the last two weeks",34642,-0.0770920249870451,0.0485885575608709,-0.172325597806352,0.0181415478322618,0.112654701800598
LZTFL1,Leucine zipper transcription factor-like protein 1,Health and medical history,"X120106.Trouble falling or staying asleep, or sleeping too much over the last two weeks",34657,-0.043843339881894,0.0366449942389115,-0.11566752859016,0.0279808488263726,0.231578937116897
LZTFL1,Leucine zipper transcription factor-like protein 1,Health and medical history,X120107.Feeling tired or having little energy over the last two weeks,34659,-0.116478555099341,0.0373714561362631,-0.189726609126417,-0.0432305010722654,0.00183787925269509
LZTFL1,Leucine zipper transcription factor-like protein 1,Health and medical history,X120108.Poor appetite or overeating over the last two weeks,34667,-0.0322336643085331,0.0541361020752637,-0.13834042437605,0.0738730957589837,0.551588049234183
LZTFL1,Leucine zipper transcription factor-like protein 1,Health and medical history,X120109.Feeling bad about self over the last two weeks,34650,-0.121151731929784,0.0526734737354342,-0.224391740451235,-0.0179117234083331,0.0214828478225285
LZTFL1,Leucine zipper transcription factor-like protein 1,Health and medical history,X120110.Trouble concentrating over the last two weeks,34662,-0.0592245925758982,0.0522669017511223,-0.161667720008098,0.0432185348563014,0.257214197971141
LZTFL1,Leucine zipper transcription factor-like protein 1,Health and medical history,X120111.Moving or speaking slower or faster than usual over the last two weeks,34659,-0.0574007689951601,0.0735950030218003,-0.201646974917889,0.0868454369275685,0.435451325092728
LZTFL1,Leucine zipper transcription factor-like protein 1,Health and medical history,X120112.Thoughts of being better off dead or of hurting self over the last two weeks,34639,-0.221607247673302,0.111024310170356,-0.439214895607199,-0.00399959973940492,0.0459809902625112
LZTFL1,Leucine zipper transcription factor-like protein 1,Health and medical history,"X120113.Level of difficultly depression has made to do work, take care of things at home, or get along with other people",32817,-0.00386817353190113,0.0521177929063052,-0.106019047628259,0.0982827005644571,0.94083956996827
LZTFL1,Leucine zipper transcription factor-like protein 1,Lifestyle factors,X1269.Exposure to tobacco smoke at home,47186,0.00222803841846358,0.0463086676733935,-0.0885369502213877,0.0929930270583149,0.961626900618021
LZTFL1,Leucine zipper transcription factor-like protein 1,Lifestyle factors,X1279.Exposure to tobacco smoke outside home,45691,0.0682715578240075,0.0282643668198712,0.01287339885706,0.123669716790955,0.0157259774734083
LZTFL1,Leucine zipper transcription factor-like protein 1,Diet and food preferences,X1289.Cooked vegetable intake,48344,-0.0207888263450991,0.0195841159978058,-0.0591736937007985,0.0175960410106004,0.288469459088332
LZTFL1,Leucine zipper transcription factor-like protein 1,Diet and food preferences,X1299.Salad  or  raw vegetable intake,47657,-0.0683599417947344,0.0203869205289657,-0.108318306031507,-0.0284015775579617,0.000800645141242057
LZTFL1,Leucine zipper transcription factor-like protein 1,Diet and food preferences,X1309.Fresh fruit intake,48292,-0.040995719546534,0.0200950559506723,-0.0803820292098517,-0.00160940988321641,0.0413551069493124
LZTFL1,Leucine zipper transcription factor-like protein 1,Diet and food preferences,X1319.Dried fruit intake,47257,-0.019232628387232,0.0201114550286176,-0.0586510802433226,0.0201858234688585,0.338932385396544
LZTFL1,Leucine zipper transcription factor-like protein 1,Health and medical history,X134.Number of self-reported cancers,48911,-0.0107649813061156,0.0312814351870585,-0.0720765942727503,0.0505466316605191,0.730749764490123
LZTFL1,Leucine zipper transcription factor-like protein 1,Health and medical history,X135.Number of self-reported non-cancer illnesses,48912,0.0302870706842442,0.020025478330083,-0.00896286684271842,0.0695370082112069,0.130441341228941
LZTFL1,Leucine zipper transcription factor-like protein 1,Health and medical history,"X136.Number of operations, self-reported",48912,-0.0242493648059026,0.0193933819916555,-0.0622603935095473,0.0137616638977422,0.21117056350086
LZTFL1,Leucine zipper transcription factor-like protein 1,Health and medical history,X137.Number of treatments or medications taken,48912,0.0178297318224992,0.0192470749079489,-0.0198945349970806,0.055553998642079,0.354269951913797
LZTFL1,Leucine zipper transcription factor-like protein 1,Diet and food preferences,X1438.Bread intake,48386,0.00559605606068408,0.00555069493864886,-0.00528330601906768,0.0164754181404358,0.313384534790186
LZTFL1,Leucine zipper transcription factor-like protein 1,Diet and food preferences,X1458.Cereal intake,48097,-0.0173793976723184,0.0191871984775181,-0.0549863066882538,0.020227511343617,0.365063384348346
LZTFL1,Leucine zipper transcription factor-like protein 1,Diet and food preferences,X1488.Tea intake,48309,0.00638073092792888,0.00537112054838459,-0.00414666534690491,0.0169081272027627,0.234859927234716
LZTFL1,Leucine zipper transcription factor-like protein 1,Diet and food preferences,X1498.Coffee intake,47449,0.00123441827215111,0.0193109809393011,-0.0366151043688791,0.0390839409131813,0.949032137807947
LZTFL1,Leucine zipper transcription factor-like protein 1,Diet and food preferences,X1528.Water intake,47360,-0.0165150669044471,0.019416836075908,-0.0545720656132267,0.0215419318043326,0.395028382189238
LZTFL1,Leucine zipper transcription factor-like protein 1,Lifestyle factors,X1568.Average weekly red wine intake,42656,-0.0401949742538367,0.0222286587681676,-0.0837631454394451,0.0033731969317718,0.0705898929939783
LZTFL1,Leucine zipper transcription factor-like protein 1,Lifestyle factors,X1578.Average weekly champagne plus white wine intake,42656,-0.0118304167523464,0.0226761852834256,-0.0562757399078606,0.0326149064031679,0.601880103743803
LZTFL1,Leucine zipper transcription factor-like protein 1,Lifestyle factors,X1588.Average weekly beer plus cider intake,42696,0.0397506914830637,0.0255632208783221,-0.0103532214384477,0.089854604404575,0.119970598637259
LZTFL1,Leucine zipper transcription factor-like protein 1,Lifestyle factors,X1598.Average weekly spirits intake,42643,-0.044147934599241,0.0239454207331223,-0.0910809592361607,0.00278509003767884,0.06525030681771
LZTFL1,Leucine zipper transcription factor-like protein 1,Lifestyle factors,X1608.Average weekly fortified wine intake,42682,0.0537756938645545,0.0357122009264166,-0.0162202199512221,0.123771607680331,0.132140060403133
LZTFL1,Leucine zipper transcription factor-like protein 1,Lifestyle factors,X1737.Childhood sunburn occasions,43555,-0.0597636137362682,0.0234215251384223,-0.105669803007576,-0.0138574244649606,0.0107315804214722
LZTFL1,Leucine zipper transcription factor-like protein 1,Health and medical history,X1807.Father's age at death,47114,-0.00351748729463681,0.00517093920596513,-0.0136525281383285,0.00661755354905485,0.496360364996899
LZTFL1,Leucine zipper transcription factor-like protein 1,Health and medical history,X1845.Mother's age,32120,0.00801327023968875,0.024534420102181,-0.0400741931605859,0.0561007336399634,0.743983671261754
LZTFL1,Leucine zipper transcription factor-like protein 1,Health and medical history,X1873.Number of full brothers,48555,0.0275923338453139,0.0185378641112019,-0.00874187981264189,0.0639265475032697,0.136653522466354
LZTFL1,Leucine zipper transcription factor-like protein 1,Health and medical history,X1883.Number of full sisters,48559,0.0299488901700161,0.0185984390830786,-0.00650405043281792,0.06640183077285,0.107350747135444
LZTFL1,Leucine zipper transcription factor-like protein 1,Physical measures,X20015.Sitting height,48773,-0.0161878964806532,0.00690161453737946,-0.0297150609739169,-0.00266073198738942,0.0190103253926167
LZTFL1,Leucine zipper transcription factor-like protein 1,Cognitive function,X20016.Fluid intelligence score,35727,-0.0357457246266029,0.0313813993354535,-0.0972532673240918,0.0257618180708859,0.254714284325591
LZTFL1,Leucine zipper transcription factor-like protein 1,Cognitive function,X20018.Prospective memory result,36017,0.0295924644943381,0.0386956168578377,-0.0462509445470239,0.1054358735357,0.444447009545266
LZTFL1,Leucine zipper transcription factor-like protein 1,Physical measures,X20019.Speech-reception-threshold (SRT) estimate (left),35606,-0.0132555886068257,0.00891513464840006,-0.0307292525176898,0.00421807530403844,0.137100026155236
LZTFL1,Leucine zipper transcription factor-like protein 1,Physical measures,X20021.Speech-reception-threshold (SRT) estimate (right),35590,0.00311858031010804,0.00901527983676963,-0.0145513681699604,0.0207885287901765,0.729412988852605
LZTFL1,Leucine zipper transcription factor-like protein 1,Cognitive function,X20023.Mean time to correctly identify matches,48654,-0.00636058010111189,0.00564706277576727,-0.0174288231416157,0.00470766293939196,0.260030471302644
LZTFL1,Leucine zipper transcription factor-like protein 1,Health and medical history,X20107#1.Illnesses of father_Heart disease,45992,-0.0088518236042427,0.0118168695714364,-0.0320128879642581,0.0143092407557727,0.453817287531839
LZTFL1,Leucine zipper transcription factor-like protein 1,Health and medical history,X20107#10.Illnesses of father_Alzheimer's disease or dementia,45620,-0.0409796726030277,0.0248440286911994,-0.0896739688377785,0.00771462363172304,0.0990689186179078
LZTFL1,Leucine zipper transcription factor-like protein 1,Health and medical history,X20107#11.Illnesses of father_Parkinson's disease,45587,-0.0397479671270265,0.0334836591693928,-0.105375939099036,0.0258800048449834,0.235211088792846
LZTFL1,Leucine zipper transcription factor-like protein 1,Health and medical history,X20107#12.Illnesses of father_Severe depression,45596,-0.0277852479286748,0.0317738801115208,-0.0900620529472556,0.0344915570899059,0.381876131447012
LZTFL1,Leucine zipper transcription factor-like protein 1,Health and medical history,X20107#13.Illnesses of father_Prostate cancer,45621,-0.013113713318273,0.0219547514818893,-0.0561450262227761,0.0299175995862302,0.550311072820671
LZTFL1,Leucine zipper transcription factor-like protein 1,Health and medical history,X20107#2.Illnesses of father_Stroke,45759,-0.0213889442429905,0.0148763169347727,-0.0505465254351451,0.00776863694916398,0.150513977595252
LZTFL1,Leucine zipper transcription factor-like protein 1,Health and medical history,X20107#3.Illnesses of father_Lung cancer,45720,0.0166226460893348,0.0180488135853393,-0.0187530285379303,0.0519983207165999,0.357072873541106
LZTFL1,Leucine zipper transcription factor-like protein 1,Health and medical history,X20107#4.Illnesses of father_Bowel cancer,45629,-0.0136963575759565,0.0233462721901998,-0.0594550510687481,0.0320623359168351,0.55743917014484
LZTFL1,Leucine zipper transcription factor-like protein 1,Health and medical history,X20107#6.Illnesses of father_Chronic bronchitis or emphysema,45773,0.0155315980497376,0.0159791295082901,-0.015787495786511,0.0468506918859863,0.331068335379507
LZTFL1,Leucine zipper transcription factor-like protein 1,Health and medical history,X20107#8.Illnesses of father_High blood pressure,45764,-0.0121732252340417,0.0148559650133198,-0.0412909166601485,0.0169444661920651,0.412560518306281
LZTFL1,Leucine zipper transcription factor-like protein 1,Health and medical history,X20107#9.Illnesses of father_Diabetes,45650,-0.00492400428446136,0.0212822318225851,-0.0466371786567281,0.0367891700878053,0.817032643814548
LZTFL1,Leucine zipper transcription factor-like protein 1,Health and medical history,X20110#1.Illnesses of mother_Heart disease,46929,-0.0130285358418368,0.0127865018015947,-0.0380900793729624,0.0120330076892888,0.308250635423999
LZTFL1,Leucine zipper transcription factor-like protein 1,Health and medical history,X20110#10.Illnesses of mother_Alzheimer's disease or dementia,46787,0.022172880239134,0.016775532748079,-0.0107071639471008,0.0550529244253688,0.186272176840686
LZTFL1,Leucine zipper transcription factor-like protein 1,Health and medical history,X20110#11.Illnesses of mother_Parkinson's disease,46712,-0.0401500772510192,0.0370894408979242,-0.112845381410951,0.0325452269089122,0.279036245691709
LZTFL1,Leucine zipper transcription factor-like protein 1,Health and medical history,X20110#12.Illnesses of mother_Severe depression,46734,0.0197899700848662,0.0233294943313748,-0.0259358388046285,0.0655157789743608,0.396292993357938
LZTFL1,Leucine zipper transcription factor-like protein 1,Health and medical history,X20110#2.Illnesses of mother_Stroke,46879,-0.0106360973442034,0.0140161877417477,-0.0381078253180288,0.0168356306296221,0.447956106757883
LZTFL1,Leucine zipper transcription factor-like protein 1,Health and medical history,X20110#3.Illnesses of mother_Lung cancer,46753,0.0103811887421904,0.0269997211935586,-0.0425382647971844,0.0633006422815653,0.700618152741521
LZTFL1,Leucine zipper transcription factor-like protein 1,Health and medical history,X20110#4.Illnesses of mother_Bowel cancer,46736,0.0349038383167244,0.0227656063749585,-0.00971675017819426,0.0795244268116431,0.125248830849641
LZTFL1,Leucine zipper transcription factor-like protein 1,Health and medical history,X20110#5.Illnesses of mother_Breast cancer,46739,0.0101625480791431,0.0201348262908232,-0.0293017114508705,0.0496268076091566,0.61375841233039
LZTFL1,Leucine zipper transcription factor-like protein 1,Health and medical history,X20110#6.Illnesses of mother_Chronic bronchitis or emphysema,46784,0.0408809896340889,0.0223916612241715,-0.0030066663652872,0.0847686456334651,0.0679088164769432
LZTFL1,Leucine zipper transcription factor-like protein 1,Health and medical history,X20110#8.Illnesses of mother_High blood pressure,46916,-0.00479512375609857,0.0124840613137362,-0.0292638839310215,0.0196736364188244,0.700909188755971
LZTFL1,Leucine zipper transcription factor-like protein 1,Health and medical history,X20110#9.Illnesses of mother_Diabetes,46796,0.0102316468036037,0.0191485866784226,-0.0272995830861045,0.0477628766933119,0.593120621028877
LZTFL1,Leucine zipper transcription factor-like protein 1,Health and medical history,X20111#1.Illnesses of siblings_Heart disease,43743,0.0019077250865034,0.0160475598041704,-0.0295454921296705,0.0333609423026773,0.905372503916934
LZTFL1,Leucine zipper transcription factor-like protein 1,Health and medical history,X20111#10.Illnesses of siblings_Alzheimer's disease or dementia,43584,0.042675782829744,0.0567782424800828,-0.0686095724312183,0.153961138090706,0.452290631094301
LZTFL1,Leucine zipper transcription factor-like protein 1,Health and medical history,X20111#11.Illnesses of siblings_Parkinson's disease,43578,0.0241765954772172,0.05932159714113,-0.0920937349193977,0.140446925873832,0.683609171595494
LZTFL1,Leucine zipper transcription factor-like protein 1,Health and medical history,X20111#12.Illnesses of siblings_Severe depression,43606,-0.0331116462340841,0.0246094093391646,-0.0813460885388466,0.0151227960706785,0.178489107258847
LZTFL1,Leucine zipper transcription factor-like protein 1,Health and medical history,X20111#13.Illnesses of siblings_Prostate cancer,43597,-0.00480248424060875,0.0335406183292579,-0.0705420961659542,0.0609371276847367,0.886146766435918
LZTFL1,Leucine zipper transcription factor-like protein 1,Health and medical history,X20111#2.Illnesses of siblings_Stroke,43627,0.00592386753512395,0.0268012812825119,-0.0466066437785994,0.0584543788488473,0.825072771965149
LZTFL1,Leucine zipper transcription factor-like protein 1,Health and medical history,X20111#3.Illnesses of siblings_Lung cancer,43598,0.0558518280746544,0.0300466808744966,-0.00303966643935889,0.114743322588668,0.0630708818123158
LZTFL1,Leucine zipper transcription factor-like protein 1,Health and medical history,X20111#4.Illnesses of siblings_Bowel cancer,43592,-0.0377114216059788,0.0304075819984881,-0.0973102823230155,0.0218874391110579,0.214922387822559
LZTFL1,Leucine zipper transcription factor-like protein 1,Health and medical history,X20111#5.Illnesses of siblings_Breast cancer,43609,-0.0353557309014069,0.0246141802194257,-0.0835995241314812,0.0128880623286674,0.150911150730571
LZTFL1,Leucine zipper transcription factor-like protein 1,Health and medical history,X20111#6.Illnesses of siblings_Chronic bronchitis or emphysema,43630,-0.00926600728198121,0.029251791637568,-0.0665995188916145,0.0480675043276521,0.751424856586137
LZTFL1,Leucine zipper transcription factor-like protein 1,Health and medical history,X20111#8.Illnesses of siblings_High blood pressure,43772,-0.00776736229522136,0.0135548437713937,-0.0343348560871531,0.0188001314967103,0.566631712920146
LZTFL1,Leucine zipper transcription factor-like protein 1,Health and medical history,X20111#9.Illnesses of siblings_Diabetes,43684,0.00458895477686805,0.0185416891603168,-0.0317527559773528,0.0409306655310889,0.804529526182914
LZTFL1,Leucine zipper transcription factor-like protein 1,Mental health,X20127.Neuroticism score,44686,-0.00936060976909835,0.0194339746711691,-0.0474512001245898,0.0287299805863931,0.630052785935381
LZTFL1,Leucine zipper transcription factor-like protein 1,Cognitive function,X20128.Number of fluid intelligence questions attempted within time limit,35727,0.00946835916292985,0.0318940294762609,-0.0530439386105416,0.0719806569364013,0.766575725878862
LZTFL1,Leucine zipper transcription factor-like protein 1,Lifestyle factors,X20161.Pack years of smoking,35883,0.0118077372826843,0.00912954197413642,-0.00608616498662308,0.0297016395519917,0.195933018164909
LZTFL1,Leucine zipper transcription factor-like protein 1,Lifestyle factors,X20162.Pack years adult smoking as proportion of life span exposed to smoking,35883,0.0115634606622735,0.00943133823411172,-0.00692196227658542,0.0300488836011325,0.220216295093143
LZTFL1,Leucine zipper transcription factor-like protein 1,Cognitive function,X20191.Fluid intelligence score,33566,-0.0652951660146689,0.0375221015971677,-0.138838485145118,0.00824815311577973,0.0818981812824417
LZTFL1,Leucine zipper transcription factor-like protein 1,Cognitive function,X20192.Number of fluid intelligence questions attempted within time limit,33567,-0.0151710858186886,0.0381145513150566,-0.0898756063961997,0.0595334347588224,0.690620768447213
LZTFL1,Leucine zipper transcription factor-like protein 1,Cognitive function,X20240.Maximum digits remembered correctly,33034,-0.0533073390086926,0.0407647092810035,-0.133206169199459,0.0265914911820743,0.191059117665186
LZTFL1,Leucine zipper transcription factor-like protein 1,Physical measures,X20255.Spirometry QC measure,43763,0.0577859662289011,0.0244606009525473,0.00984318836190848,0.105728744095894,0.0181696211107319
LZTFL1,Leucine zipper transcription factor-like protein 1,Eye measures,X20261.avMSE,33661,-0.0121847195088202,0.00989937000294734,-0.031587484714597,0.00721804569695658,0.218440754745859
LZTFL1,Leucine zipper transcription factor-like protein 1,Eye measures,X20262.Myopia diagnosis,33661,0.0269176766472253,0.0500701218575913,-0.0712197621936536,0.125055115488104,0.590880303705299
LZTFL1,Leucine zipper transcription factor-like protein 1,NMR metabolomics,X20280.Glucose-lactate,40256,0.0402537521453406,0.00701492962606622,0.0265044900782508,0.0540030142124304,9.81446619294672e-09
LZTFL1,Leucine zipper transcription factor-like protein 1,NMR metabolomics,X20281.Spectrometer-corrected alanine,40278,0.0646935666373897,0.0071974550288926,0.0505865547807603,0.0788005784940192,2.91501926180266e-19
LZTFL1,Leucine zipper transcription factor-like protein 1,Mental health,X20544#11.Mental health problems ever diagnosed by a professional_Depression,35370,0.00543819951700115,0.0432178924519919,-0.0792688696889029,0.0901452687229052,0.899868902638279
LZTFL1,Leucine zipper transcription factor-like protein 1,Mental health,X20544#6.Mental health problems ever diagnosed by a professional_Panic attacks,35370,-0.069818876237137,0.0815607289632535,-0.229677905005114,0.0900401525308399,0.392011375230102
LZTFL1,Leucine zipper transcription factor-like protein 1,Mental health,X20546#1.Substances taken for depression_Unprescribed medication (more than once),35371,0.196118997587974,0.128929125625824,-0.056582088638641,0.44882008381459,0.128276385029404
LZTFL1,Leucine zipper transcription factor-like protein 1,Mental health,X20546#3.Substances taken for depression_Medication prescribed to you (for at least two weeks),35371,-0.0308990830153853,0.039587338009684,-0.108490265514366,0.0466920994835953,0.435109211180267
LZTFL1,Leucine zipper transcription factor-like protein 1,Mental health,X20546#4.Substances taken for depression_Drugs or alcohol (more than once),35371,0.0189948043366986,0.0839568023053615,-0.14556052818181,0.183550136855207,0.821018380914531
LZTFL1,Leucine zipper transcription factor-like protein 1,Mental health,X20548#1.Manifestations of mania or irritability_I was more talkative than usual,35374,0.0548529329727082,0.101373270067338,-0.143838676359274,0.253544542304691,0.588459136814568
LZTFL1,Leucine zipper transcription factor-like protein 1,Mental health,X20548#2.Manifestations of mania or irritability_I was more restless than usual,35374,0.0355237886365744,0.0653564202194963,-0.0925747949936383,0.163622372266787,0.586778084685045
LZTFL1,Leucine zipper transcription factor-like protein 1,Mental health,X20548#3.Manifestations of mania or irritability_My thoughts were racing,35374,-0.113267646311457,0.0765032254901933,-0.263213968272236,0.0366786756493214,0.138774730779677
LZTFL1,Leucine zipper transcription factor-like protein 1,Mental health,X20548#5.Manifestations of mania or irritability_I needed less sleep than usual,35374,-0.00402166309092413,0.118344691379248,-0.23597725819425,0.227933932012401,0.972892104596126
LZTFL1,Leucine zipper transcription factor-like protein 1,Mental health,X20548#6.Manifestations of mania or irritability_I was more creative or had more ideas than usual,35374,0.243668771644076,0.140334146111872,-0.031386154735193,0.518723698023346,0.0825523339820445
LZTFL1,Leucine zipper transcription factor-like protein 1,Mental health,X20548#7.Manifestations of mania or irritability_I was easily distracted,35374,-0.23701841076863,0.0840467449063395,-0.401750030785055,-0.0722867907522041,0.00481648523672859
LZTFL1,Leucine zipper transcription factor-like protein 1,Mental health,X20548#8.Manifestations of mania or irritability_I was more confident than usual,35374,0.314128994580625,0.140263529019052,0.0392124777032833,0.589045511457966,0.0251547373893551
LZTFL1,Leucine zipper transcription factor-like protein 1,Mental health,X20548#9.Manifestations of mania or irritability_I was more active than usual,35374,-0.0523990912013093,0.0995463670694907,-0.247509970657511,0.142711788254892,0.598643974491636
LZTFL1,Leucine zipper transcription factor-like protein 1,Mental health,X20549#1.Substances taken for anxiety_Unprescribed medication (more than once),35374,-0.0809767175269303,0.142877220887527,-0.361016070466483,0.199062635412623,0.570899621869557
LZTFL1,Leucine zipper transcription factor-like protein 1,Mental health,X20549#3.Substances taken for anxiety_Medication prescribed to you (for at least two weeks),35374,-0.0173416158643334,0.0539121739941887,-0.123009476892943,0.0883262451642765,0.747717986861931
LZTFL1,Leucine zipper transcription factor-like protein 1,Mental health,X20549#4.Substances taken for anxiety_Drugs or alcohol (more than once),35374,0.0350484384643196,0.101312031661727,-0.163523143592666,0.233620020521305,0.72939547136276
LZTFL1,Leucine zipper transcription factor-like protein 1,Mental health,X20553#4.Methods of self-harm used_Ingesting a medication in excess of the normal dose,35375,-0.263098639337485,0.167319016481016,-0.591043911640275,0.0648466329653057,0.115900384451587
LZTFL1,Leucine zipper transcription factor-like protein 1,Diet and food preferences,X20600.Liking for adding salt to foods,35224,0.0253320765415208,0.0316027208820831,-0.0366092563873621,0.0872734094704037,0.422828177354783
LZTFL1,Leucine zipper transcription factor-like protein 1,Diet and food preferences,X20601.Liking for aniseed,35224,-0.0130206355436676,0.031333706266548,-0.0744346998261016,0.0483934287387665,0.677756139791757
LZTFL1,Leucine zipper transcription factor-like protein 1,Diet and food preferences,X20602.Liking for apple juice,35224,0.0246586033927187,0.0313753933316653,-0.0368371675373453,0.0861543743227826,0.431944270580881
LZTFL1,Leucine zipper transcription factor-like protein 1,Diet and food preferences,X20603.Liking for apples,35224,-0.0239294421477141,0.0323609480699878,-0.0873569003648901,0.039498016069462,0.459660008710877
LZTFL1,Leucine zipper transcription factor-like protein 1,Diet and food preferences,X20604.Liking for asparagus,35224,-0.00600522245305343,0.0321064798517845,-0.068933922962551,0.0569234780564442,0.851634926615061
LZTFL1,Leucine zipper transcription factor-like protein 1,Diet and food preferences,X20605.Liking for aubergine,35224,-0.057671398641996,0.0315095295924794,-0.119430076643256,0.00408727935926373,0.0672568390061709
LZTFL1,Leucine zipper transcription factor-like protein 1,Diet and food preferences,X20606.Liking for avocados,35224,0.0346239798359716,0.0319345095140621,-0.0279676588115902,0.0972156184835334,0.278311428696561
LZTFL1,Leucine zipper transcription factor-like protein 1,Diet and food preferences,X20607.Liking for bacon,35224,0.00543691285972197,0.0318957320308449,-0.0570787219207341,0.0679525476401781,0.864654945579877
LZTFL1,Leucine zipper transcription factor-like protein 1,Diet and food preferences,X20608.Liking for baked or steamed fish,35224,0.0176313887395544,0.0322645368920179,-0.0456071035688006,0.0808698810479094,0.584767683977073
LZTFL1,Leucine zipper transcription factor-like protein 1,Diet and food preferences,X20609.Liking for bananas,35224,0.0258102199221516,0.0327047133276611,-0.0382910182000641,0.0899114580443673,0.430032268824936
LZTFL1,Leucine zipper transcription factor-like protein 1,Diet and food preferences,X20610.Liking for barbequed or grilled meat,35224,-0.0286766874344845,0.0317951240580849,-0.090995130588331,0.0336417557193619,0.367134956320828
LZTFL1,Leucine zipper transcription factor-like protein 1,Diet and food preferences,X20611.Liking for beef steak,35224,-0.0195484872319942,0.0319352742627021,-0.0821416247868903,0.0430446503229019,0.540475946255348
LZTFL1,Leucine zipper transcription factor-like protein 1,Diet and food preferences,X20612.Liking for beetroot,35224,0.00267095277501854,0.0319464103493445,-0.0599440115096966,0.0652859170597337,0.933371450555339
LZTFL1,Leucine zipper transcription factor-like protein 1,Diet and food preferences,X20613.Liking for bell pepper,35224,-0.02107319842311,0.0315317817738294,-0.0828754906998156,0.0407290938535957,0.503957436651235
LZTFL1,Leucine zipper transcription factor-like protein 1,Diet and food preferences,X20614.Liking for bicycling,35224,-0.0471273709985033,0.0315880265722795,-0.109039903080171,0.0147851610831645,0.135767841460551
LZTFL1,Leucine zipper transcription factor-like protein 1,Diet and food preferences,X20615.Liking for biscuits,35224,0.0185844412731808,0.0316416722363395,-0.0434332363100447,0.0806021188564062,0.556996949256967
LZTFL1,Leucine zipper transcription factor-like protein 1,Diet and food preferences,X20616.Liking for bitter foods,35224,-0.0533803619085074,0.0317399765331986,-0.115590715913577,0.00882999209656189,0.0926590625731126
LZTFL1,Leucine zipper transcription factor-like protein 1,Diet and food preferences,X20617.Liking for bitter or ale,35224,0.00667826965293768,0.0325987807182337,-0.0572153405548004,0.0705718798606757,0.837686432784038
LZTFL1,Leucine zipper transcription factor-like protein 1,Diet and food preferences,X20618.Liking for black olives,35224,-0.0544167861026749,0.0316740756486848,-0.116497974374097,0.00766440216874732,0.0858438591404865
LZTFL1,Leucine zipper transcription factor-like protein 1,Diet and food preferences,X20619.Liking for black pepper,35224,-0.00422949487998723,0.0318571649825589,-0.0666695382458027,0.0582105484858282,0.894384208716596
LZTFL1,Leucine zipper transcription factor-like protein 1,Diet and food preferences,X20620.Liking for blue cheese,35224,0.0288278353959088,0.0316955947891481,-0.0332955303908214,0.090951201182639,0.363111145503094
LZTFL1,Leucine zipper transcription factor-like protein 1,Diet and food preferences,X20621.Liking for bolognese sauce,35224,-0.0395855793723977,0.0317729033917335,-0.101860470020195,0.0226893112753999,0.212852833204116
LZTFL1,Leucine zipper transcription factor-like protein 1,Diet and food preferences,X20622.Liking for broad beans,35224,0.0380170930188654,0.0318007061660328,-0.0243122910665589,0.10034647710429,0.231946813910072
LZTFL1,Leucine zipper transcription factor-like protein 1,Diet and food preferences,X20623.Liking for broccoli,35224,0.00249908692449184,0.0324134821630389,-0.0610313381150644,0.066029511964048,0.938546371941763
LZTFL1,Leucine zipper transcription factor-like protein 1,Diet and food preferences,X20624.Liking for brown rice,35224,0.00554786063285468,0.03139686594735,-0.0559899966239514,0.0670857178896608,0.859749122829569
LZTFL1,Leucine zipper transcription factor-like protein 1,Diet and food preferences,X20625.Liking for brussel sprouts,35224,-0.00278689630058933,0.0320294198957104,-0.0655645592961817,0.059990766695003,0.930666047917451
LZTFL1,Leucine zipper transcription factor-like protein 1,Diet and food preferences,X20626.Liking for burgers (meat),35224,-0.0371037745329848,0.0316353614428162,-0.0991090829609046,0.024901533894935,0.240899307915141
LZTFL1,Leucine zipper transcription factor-like protein 1,Diet and food preferences,X20627.Liking for burn of spicy foods,35224,-0.0120472257007303,0.0316669131179602,-0.0741143754119324,0.0500199240104717,0.703635404825884
LZTFL1,Leucine zipper transcription factor-like protein 1,Diet and food preferences,X20628.Liking for butter on bread,35224,0.0420374614230944,0.0320190972357059,-0.020719969158889,0.104794892005078,0.189271012553579
LZTFL1,Leucine zipper transcription factor-like protein 1,Diet and food preferences,X20629.Liking for butternut squash,35224,-0.0409334993293846,0.0314413871470082,-0.102558618137521,0.0206916194787515,0.193000840028921
LZTFL1,Leucine zipper transcription factor-like protein 1,Diet and food preferences,X20630.Liking for cabbage,35224,0.0408293504983699,0.0319726279963911,-0.0218370003745568,0.103495701371297,0.20164812839073
LZTFL1,Leucine zipper transcription factor-like protein 1,Diet and food preferences,X20631.Liking for cake,35224,0.0400442315812295,0.0317912303077389,-0.0222665798219389,0.102355042984398,0.207862543016085
LZTFL1,Leucine zipper transcription factor-like protein 1,Diet and food preferences,X20632.Liking for cake icing,35224,0.042252643935868,0.0314157580799913,-0.0193222419009148,0.103827529772651,0.178691832062889
LZTFL1,Leucine zipper transcription factor-like protein 1,Diet and food preferences,X20633.Liking for capers,35224,-0.0334426812154891,0.0314161716068051,-0.0950183775648271,0.0281330151338489,0.287142541786469
LZTFL1,Leucine zipper transcription factor-like protein 1,Diet and food preferences,X20634.Liking for cauliflower,35224,0.0138402346294947,0.0321290830735827,-0.0491327681947274,0.0768132374537169,0.666651272060874
LZTFL1,Leucine zipper transcription factor-like protein 1,Diet and food preferences,X20635.Liking for cereal or granola bar,35224,-0.0211560039845572,0.0313036959734809,-0.0825112480925798,0.0401992401234653,0.499173990824003
LZTFL1,Leucine zipper transcription factor-like protein 1,Diet and food preferences,X20636.Liking for cheesecake,35224,0.0547827991277863,0.031495746771351,-0.00694886454406175,0.116514462799634,0.0820205708625279
LZTFL1,Leucine zipper transcription factor-like protein 1,Diet and food preferences,X20637.Liking for cherries,35224,0.037590113824059,0.033603520358746,-0.0282727860790832,0.103453013727201,0.263340006632277
LZTFL1,Leucine zipper transcription factor-like protein 1,Diet and food preferences,X20638.Liking for chicken,35224,-0.0470636125540512,0.0330642395269417,-0.111869522026857,0.0177422969187546,0.154672273983999
LZTFL1,Leucine zipper transcription factor-like protein 1,Diet and food preferences,X20639.Liking for chilli pepper,35224,-0.0375735959655673,0.0316598891622078,-0.0996269787234946,0.02447978679236,0.235357834484114
LZTFL1,Leucine zipper transcription factor-like protein 1,Diet and food preferences,X20640.Liking for chips or french fries,35224,0.00824754736475155,0.0316794307228048,-0.0538441368519458,0.0703392315814489,0.794607394976285
LZTFL1,Leucine zipper transcription factor-like protein 1,Diet and food preferences,X20641.Liking for cigarette smoking,35224,0.0311101545950752,0.0537858166783834,-0.0743100460945562,0.136530355284707,0.563010227719399
LZTFL1,Leucine zipper transcription factor-like protein 1,Diet and food preferences,X20642.Liking for cod,35224,0.0264866414081719,0.0329747512642869,-0.0381438710698303,0.0911171538861742,0.42186769844164
LZTFL1,Leucine zipper transcription factor-like protein 1,Diet and food preferences,X20643.Liking for coffee with sugar,35224,0.0149957844840582,0.034731512813759,-0.0530779806309094,0.0830695495990257,0.665929085003687
LZTFL1,Leucine zipper transcription factor-like protein 1,Diet and food preferences,X20644.Liking for coffee without sugar,35224,0.0011751681296575,0.0322745546697998,-0.0620829590231501,0.0644332952824651,0.97095537302926
LZTFL1,Leucine zipper transcription factor-like protein 1,Diet and food preferences,X20645.Liking for coriander,35224,-0.0543009059101934,0.0317113520681629,-0.116455155963793,0.0078533441434058,0.0868838392146091
LZTFL1,Leucine zipper transcription factor-like protein 1,Diet and food preferences,X20646.Liking for corn flakes,35224,0.0591560652403589,0.0311783776311462,-0.00195355491668766,0.120265685397406,0.0578305296457398
LZTFL1,Leucine zipper transcription factor-like protein 1,Diet and food preferences,X20647.Liking for cream,35224,0.0662339057229299,0.0313826737445654,0.00472386518358169,0.127743946262278,0.0348543221317148
LZTFL1,Leucine zipper transcription factor-like protein 1,Diet and food preferences,X20648.Liking for croissant,35224,0.000920675819971249,0.0313677906398965,-0.0605601938342259,0.0624015454741684,0.976585630222771
LZTFL1,Leucine zipper transcription factor-like protein 1,Diet and food preferences,X20649.Liking for cucumber,35224,-0.0105956413693259,0.0316991415338554,-0.0727259587756824,0.0515346760370306,0.738197719225945
LZTFL1,Leucine zipper transcription factor-like protein 1,Diet and food preferences,X20650.Liking for curry,35224,-0.0180350792063318,0.0316124256913166,-0.0799954335613124,0.0439252751486489,0.568355828326299
LZTFL1,Leucine zipper transcription factor-like protein 1,Diet and food preferences,X20651.Liking for dairy products,35224,0.0944256833636289,0.0321727854036814,0.0313670239724133,0.157484342754844,0.00334856644687722
LZTFL1,Leucine zipper transcription factor-like protein 1,Diet and food preferences,X20652.Liking for dark chocolate,35224,-0.00179578170211046,0.0321351935478064,-0.064780761055811,0.0611891976515901,0.955437594699417
LZTFL1,Leucine zipper transcription factor-like protein 1,Diet and food preferences,X20653.Liking for diet fizzy drinks,35224,-0.0536226779703314,0.0329389669826602,-0.118183053256345,0.0109376973156825,0.103589826361352
LZTFL1,Leucine zipper transcription factor-like protein 1,Diet and food preferences,X20654.Liking for dried fruit,35224,-0.00216892032900331,0.0318398884227055,-0.064575101637506,0.0602372609794994,0.94569269333322
LZTFL1,Leucine zipper transcription factor-like protein 1,Diet and food preferences,X20655.Liking for eggs,35224,0.0217064173923157,0.0328235165413327,-0.0426276750286963,0.0860405098133278,0.508440832870748
LZTFL1,Leucine zipper transcription factor-like protein 1,Diet and food preferences,X20656.Liking for exercising alone,35224,0.00119627617893451,0.0315130118865852,-0.0605692271187725,0.0629617794766415,0.969719764002446
LZTFL1,Leucine zipper transcription factor-like protein 1,Diet and food preferences,X20657.Liking for exercising with others,35224,-0.0264589103081728,0.0317865603961426,-0.0887605686846122,0.0358427480682667,0.405220166589897
LZTFL1,Leucine zipper transcription factor-like protein 1,Diet and food preferences,X20658.Liking for extra virgin olive oil,35224,-0.00773510208938077,0.0317823495761803,-0.0700285072586942,0.0545583030799326,0.807721426517683
LZTFL1,Leucine zipper transcription factor-like protein 1,Diet and food preferences,X20659.Liking for fatty foods,35224,0.0404501979854837,0.031541704578442,-0.0213715429882626,0.10227193895923,0.199739328997653
LZTFL1,Leucine zipper transcription factor-like protein 1,Diet and food preferences,X20660.Liking for fresh tomatoes,35224,0.00790273497290789,0.0342790534401008,-0.0592842097696897,0.0750896797155055,0.817679065603521
LZTFL1,Leucine zipper transcription factor-like protein 1,Diet and food preferences,X20661.Liking for fried chicken,35224,-0.0129075425436295,0.0315581127538779,-0.0747614435412302,0.0489463584539712,0.682547826933562
LZTFL1,Leucine zipper transcription factor-like protein 1,Diet and food preferences,X20662.Liking for fried or battered fish,35224,0.0542774645121098,0.0318636211317648,-0.00817523290614909,0.116730161930369,0.0885391366416354
LZTFL1,Leucine zipper transcription factor-like protein 1,Diet and food preferences,X20663.Liking for fruit,35224,-0.00643324179494959,0.0360583658396759,-0.0771076388407143,0.0642411552508151,0.858405501643871
LZTFL1,Leucine zipper transcription factor-like protein 1,Diet and food preferences,X20664.Liking for garlic,35224,-0.0489182297184963,0.0316593259451683,-0.110970508571026,0.0131340491340335,0.122363897689852
LZTFL1,Leucine zipper transcription factor-like protein 1,Diet and food preferences,X20665.Liking for gherkins,35224,-0.0344519336172032,0.0314350528404441,-0.0960646371844736,0.0271607699500672,0.273134919757935
LZTFL1,Leucine zipper transcription factor-like protein 1,Diet and food preferences,X20666.Liking for globe artichoke,35224,0.0102919887832613,0.0315974330033595,-0.0516389799033234,0.072222957469846,0.744645783948749
LZTFL1,Leucine zipper transcription factor-like protein 1,Diet and food preferences,X20667.Liking for goat's cheese,35224,-0.010182581985801,0.0316560891657706,-0.0722285167507114,0.0518633527791095,0.747719431152191
LZTFL1,Leucine zipper transcription factor-like protein 1,Diet and food preferences,X20668.Liking for going to a cafe,35224,-0.0261292721002531,0.0317693204806619,-0.0883971402423504,0.0361385960418443,0.410842756628221
LZTFL1,Leucine zipper transcription factor-like protein 1,Diet and food preferences,X20669.Liking for going to the gym,35224,-0.0485985591888886,0.0314791410085144,-0.110297675565577,0.0131005571877997,0.122681175069212
LZTFL1,Leucine zipper transcription factor-like protein 1,Diet and food preferences,X20670.Liking for going to the pub,35224,-0.00423731733114462,0.0317113133961612,-0.0663914915876206,0.0579168569253313,0.893706246342063
LZTFL1,Leucine zipper transcription factor-like protein 1,Diet and food preferences,X20671.Liking for grapefruit,35224,-0.0188421512924282,0.0313043524603093,-0.0801986821146344,0.0425143795297779,0.547262058802531
LZTFL1,Leucine zipper transcription factor-like protein 1,Diet and food preferences,X20672.Liking for green olives,35224,-0.0217043927702788,0.0315727839807282,-0.0835870493725061,0.0401782638319485,0.491832013662336
LZTFL1,Leucine zipper transcription factor-like protein 1,Diet and food preferences,X20673.Liking for haddock,35224,-0.0243430463304237,0.0327127519606711,-0.0884600401733391,0.0397739475124917,0.456817510273171
LZTFL1,Leucine zipper transcription factor-like protein 1,Diet and food preferences,X20674.Liking for ham,35224,-0.0271001395599797,0.0318881930205508,-0.0896009978802592,0.0354007187602997,0.395442997609565
LZTFL1,Leucine zipper transcription factor-like protein 1,Diet and food preferences,X20675.Liking for hard cheese,35224,0.0306293171198069,0.0322498089855411,-0.0325803084918536,0.0938389427314674,0.342276454933136
LZTFL1,Leucine zipper transcription factor-like protein 1,Diet and food preferences,X20676.Liking for herring,35224,-0.0448138675542833,0.0314515984011898,-0.106459000420615,0.0168312653120488,0.154251866465678
LZTFL1,Leucine zipper transcription factor-like protein 1,Diet and food preferences,X20677.Liking for honey,35224,0.0348021809018309,0.0314883975849309,-0.0269150783646336,0.0965194401682954,0.269100536186157
LZTFL1,Leucine zipper transcription factor-like protein 1,Diet and food preferences,X20678.Liking for horseradish or wasabi,35224,-0.00959274840740491,0.0315587398203826,-0.0714478784553547,0.0522623816405449,0.761165155061612
LZTFL1,Leucine zipper transcription factor-like protein 1,Diet and food preferences,X20679.Liking for ice cream,35224,0.0300954283474824,0.031899957235842,-0.0324284878347679,0.0926193445297327,0.345498029298601
LZTFL1,Leucine zipper transcription factor-like protein 1,Diet and food preferences,X20680.Liking for jam,35224,0.049911397446758,0.031569761598653,-0.0119653352866017,0.111788130180118,0.113933429166471
LZTFL1,Leucine zipper transcription factor-like protein 1,Diet and food preferences,X20681.Liking for kiwi fruit,35224,-0.00277375478527671,0.0316324609802122,-0.0647733783064927,0.0592258687359393,0.930128388985065
LZTFL1,Leucine zipper transcription factor-like protein 1,Diet and food preferences,X20682.Liking for lager,35224,-0.054854085534465,0.03186768804398,-0.117314754100666,0.00760658303173578,0.0852464356176174
LZTFL1,Leucine zipper transcription factor-like protein 1,Diet and food preferences,X20683.Liking for lamb,35224,0.0265177221411029,0.0321327258592765,-0.036462420543079,0.0894978648252848,0.409259008210099
LZTFL1,Leucine zipper transcription factor-like protein 1,Diet and food preferences,X20684.Liking for lemons,35224,-0.0431499561722688,0.0316871959660585,-0.105256860265743,0.0189569479212059,0.173328570467445
LZTFL1,Leucine zipper transcription factor-like protein 1,Diet and food preferences,X20685.Liking for lentils or beans,35224,-0.0315555098438612,0.0319023971994689,-0.0940842083548201,0.0309731886670978,0.322640948880039
LZTFL1,Leucine zipper transcription factor-like protein 1,Diet and food preferences,X20686.Liking for liver,35224,0.0774357200649818,0.031661897323506,0.01537840131091,0.139493038819054,0.0144852833588424
LZTFL1,Leucine zipper transcription factor-like protein 1,Diet and food preferences,X20687.Liking for mackerel,35224,-0.00794034536770543,0.0316570334408851,-0.0699881309118402,0.0541074401764293,0.80195870460384
LZTFL1,Leucine zipper transcription factor-like protein 1,Diet and food preferences,X20688.Liking for marzipan,35224,0.0435992160006967,0.0314419719482689,-0.0180270490179105,0.105225481019304,0.165597855990506
LZTFL1,Leucine zipper transcription factor-like protein 1,Diet and food preferences,X20689.Liking for mayonnaise,35224,-0.0545532661323438,0.0316417747705443,-0.116571144682611,0.00746461241792293,0.0847429340264261
LZTFL1,Leucine zipper transcription factor-like protein 1,Diet and food preferences,X20690.Liking for melon,35224,0.0371633624831069,0.0327552662327505,-0.027036959333084,0.101363684299298,0.256597878890899
LZTFL1,Leucine zipper transcription factor-like protein 1,Diet and food preferences,X20691.Liking for milk chocolate,35224,0.0313637728018233,0.0315980397837393,-0.0305683851743057,0.0932959307779524,0.320951623593328
LZTFL1,Leucine zipper transcription factor-like protein 1,Diet and food preferences,X20692.Liking for mushrooms,35224,0.017953697874025,0.032478250841058,-0.0457036737744486,0.0816110695224986,0.580426776953524
LZTFL1,Leucine zipper transcription factor-like protein 1,Diet and food preferences,X20694.Liking for orange juice,35224,0.011641461868498,0.0313572095492423,-0.0498186688480169,0.0731015925850129,0.710462074119172
LZTFL1,Leucine zipper transcription factor-like protein 1,Diet and food preferences,X20695.Liking for oranges,35224,-0.0182657530311942,0.0324177092676223,-0.0818044631957339,0.0452729571333454,0.573149591090444
LZTFL1,Leucine zipper transcription factor-like protein 1,Diet and food preferences,X20696.Liking for pasta,35224,0.0181821327739042,0.0319763531445009,-0.0444915193893177,0.080855784937126,0.569640799402383
LZTFL1,Leucine zipper transcription factor-like protein 1,Diet and food preferences,X20697.Liking for pears,35224,0.00781419251882453,0.0326204093291672,-0.0561218097663431,0.0717501948039921,0.810687915049684
LZTFL1,Leucine zipper transcription factor-like protein 1,Diet and food preferences,X20698.Liking for pizza,35224,-0.0629343499877931,0.0315154496713067,-0.124704631343554,-0.00116406863203202,0.0458770226075455
LZTFL1,Leucine zipper transcription factor-like protein 1,Diet and food preferences,X20699.Liking for plain yogurt,35224,0.0139125732131106,0.031853391085816,-0.0485200733150887,0.0763452197413099,0.662294558030259
LZTFL1,Leucine zipper transcription factor-like protein 1,Diet and food preferences,X20700.Liking for plums,35224,0.0300727484128896,0.0325435374084298,-0.0337125849076329,0.0938580817334121,0.355483034538421
LZTFL1,Leucine zipper transcription factor-like protein 1,Diet and food preferences,X20701.Liking for pollock,35224,0.0141333186797513,0.0315073868609663,-0.0476211595677427,0.0758877969272453,0.65375687271521
LZTFL1,Leucine zipper transcription factor-like protein 1,Diet and food preferences,X20702.Liking for pork chop,35224,-0.0208889930424118,0.0316513276737683,-0.0829255952829976,0.041147609198174,0.509296981143749
LZTFL1,Leucine zipper transcription factor-like protein 1,Diet and food preferences,X20703.Liking for porridge,35224,0.0461220413151687,0.032248847221241,-0.0170856992384635,0.109329781868801,0.152713827783143
LZTFL1,Leucine zipper transcription factor-like protein 1,Diet and food preferences,X20704.Liking for potato crisps,35224,0.0306009544540484,0.0313141187816142,-0.0307747183579155,0.0919766272660124,0.328496801869892
LZTFL1,Leucine zipper transcription factor-like protein 1,Diet and food preferences,X20705.Liking for potatoes,35224,0.0241374225476549,0.0320131240579863,-0.0386083006059982,0.086883145701308,0.450887573382032
LZTFL1,Leucine zipper transcription factor-like protein 1,Diet and food preferences,X20706.Liking for prawns,35224,-0.0368259482999662,0.0322185453360767,-0.0999742971586765,0.0263224005587441,0.253082091026032
LZTFL1,Leucine zipper transcription factor-like protein 1,Diet and food preferences,X20707.Liking for raw carrots,35224,-0.0151819089051662,0.0318978096337338,-0.0777016157872844,0.0473377979769521,0.63412399801947
LZTFL1,Leucine zipper transcription factor-like protein 1,Diet and food preferences,X20708.Liking for red meat,35224,-0.0279191763149509,0.0319243431163326,-0.0904908888229627,0.034652536193061,0.38185808341796
LZTFL1,Leucine zipper transcription factor-like protein 1,Diet and food preferences,X20709.Liking for red wine,35224,-0.0400027587553604,0.031782707675218,-0.102296865798788,0.0222913482880668,0.208211788920495
LZTFL1,Leucine zipper transcription factor-like protein 1,Diet and food preferences,X20710.Liking for regular (non-diet) fizzy drinks,35224,0.0353817629814021,0.0326760980967216,-0.0286633892881723,0.0994269152509765,0.27893942557949
LZTFL1,Leucine zipper transcription factor-like protein 1,Diet and food preferences,X20711.Liking for roast chicken,35224,0.0140266804593083,0.0331975371264077,-0.0510404923084509,0.0790938532270675,0.672659338755697
LZTFL1,Leucine zipper transcription factor-like protein 1,Diet and food preferences,X20712.Liking for salad dressing,35224,-0.0242240004587811,0.031761726207301,-0.0864769838250911,0.0380289829075289,0.445684756330356
LZTFL1,Leucine zipper transcription factor-like protein 1,Diet and food preferences,X20713.Liking for salad leaves,35224,-0.0277906200162128,0.0322427973119508,-0.0909865027476363,0.0354052627152108,0.388767435316291
LZTFL1,Leucine zipper transcription factor-like protein 1,Diet and food preferences,X20714.Liking for salami,35224,-0.0123892550577989,0.0316256198622993,-0.0743754699879055,0.0495969598723078,0.695258710987991
LZTFL1,Leucine zipper transcription factor-like protein 1,Diet and food preferences,X20715.Liking for salmon,35224,-0.0578382439236175,0.0334113069221432,-0.123324405491018,0.00764791764378314,0.0834855294966035
LZTFL1,Leucine zipper transcription factor-like protein 1,Diet and food preferences,X20716.Liking for salty foods,35224,0.0357851367935857,0.0314405475365294,-0.025838336378012,0.0974086099651834,0.255088830121543
LZTFL1,Leucine zipper transcription factor-like protein 1,Diet and food preferences,X20717.Liking for salty pretzels,35224,0.00872822131999294,0.0314598768264564,-0.0529331372598615,0.0703895798998474,0.781451964512608
LZTFL1,Leucine zipper transcription factor-like protein 1,Diet and food preferences,X20718.Liking for sardines,35224,0.00560837289775624,0.0315901500139825,-0.0563083211296494,0.0675250669251619,0.859093759612448
LZTFL1,Leucine zipper transcription factor-like protein 1,Diet and food preferences,X20719.Liking for sausages (meat),35224,-0.0410590626556799,0.0313723242958432,-0.102548818275532,0.0204306929641728,0.190663239870044
LZTFL1,Leucine zipper transcription factor-like protein 1,Diet and food preferences,X20720.Liking for savoury biscuits,35224,0.0597650599733073,0.0318926726036228,-0.00274457832979352,0.122274698276408,0.0609866330808775
LZTFL1,Leucine zipper transcription factor-like protein 1,Diet and food preferences,X20721.Liking for shellfish (other than prawns),35224,0.00667275555780649,0.0315474051203917,-0.0551601584781613,0.0685056695937743,0.832492434969187
LZTFL1,Leucine zipper transcription factor-like protein 1,Diet and food preferences,X20722.Liking for skimmed milk,35224,0.000927158788425766,0.0315443280068417,-0.060899724104984,0.0627540416818355,0.97655272753998
LZTFL1,Leucine zipper transcription factor-like protein 1,Diet and food preferences,X20723.Liking for smoked fish,35224,0.00250952292856124,0.0318778980482973,-0.0599711572461015,0.064990203103224,0.937255587865157
LZTFL1,Leucine zipper transcription factor-like protein 1,Diet and food preferences,X20724.Liking for soft cheese,35224,0.0621367887793391,0.03165892516026,8.52954652295276e-05,0.124188282093449,0.0497276944752743
LZTFL1,Leucine zipper transcription factor-like protein 1,Diet and food preferences,X20725.Liking for soy sauce,35224,-0.0594113045018241,0.0316063586612122,-0.1213597674778,0.00253715847415177,0.0601936337740885
LZTFL1,Leucine zipper transcription factor-like protein 1,Diet and food preferences,X20726.Liking for soya milk,35224,-0.0269571733217109,0.0318522961392027,-0.0893876737545482,0.0354733271111264,0.397408972223917
LZTFL1,Leucine zipper transcription factor-like protein 1,Diet and food preferences,X20727.Liking for spicy foods,35224,-0.0441775940370611,0.0316159052108822,-0.10614476825039,0.017789580176268,0.162368306022295
LZTFL1,Leucine zipper transcription factor-like protein 1,Diet and food preferences,X20728.Liking for spinach,35224,0.0329389917662423,0.0318419103490648,-0.0294711525179246,0.0953491360504093,0.300965513127327
LZTFL1,Leucine zipper transcription factor-like protein 1,Diet and food preferences,X20729.Liking for spirits,35224,-0.0131676262314771,0.0315572297028972,-0.0750197964491556,0.0486845439862014,0.676501808702473
LZTFL1,Leucine zipper transcription factor-like protein 1,Diet and food preferences,X20730.Liking for strawberries,35224,-0.0320374485242401,0.0344673182485515,-0.0995933922914011,0.0355184952429208,0.352666142612289
LZTFL1,Leucine zipper transcription factor-like protein 1,Diet and food preferences,X20731.Liking for sweet coffee house drinks,35224,0.0418942368705636,0.0323858362239833,-0.0215820021284437,0.105370475869571,0.195854108282561
LZTFL1,Leucine zipper transcription factor-like protein 1,Diet and food preferences,X20732.Liking for sweet foods,35224,0.0266037026543542,0.0314440371454723,-0.0350266101507714,0.0882340154594799,0.397550047444463
LZTFL1,Leucine zipper transcription factor-like protein 1,Diet and food preferences,X20733.Liking for taking the stairs,35224,0.0268002819874661,0.0320824546773593,-0.0360813291801582,0.0896818931550903,0.403550249053303
LZTFL1,Leucine zipper transcription factor-like protein 1,Diet and food preferences,X20734.Liking for tea with sugar,35224,0.060422908045875,0.0384983965713428,-0.0150339492339569,0.135879765325707,0.116585994517023
LZTFL1,Leucine zipper transcription factor-like protein 1,Diet and food preferences,X20735.Liking for tea without sugar,35224,-0.0198461504597347,0.0329013111303536,-0.0843327202752278,0.0446404193557584,0.546396759322042
LZTFL1,Leucine zipper transcription factor-like protein 1,Diet and food preferences,X20736.Liking for tomato ketchup,35224,0.0150314184418484,0.0312446580136074,-0.0462081112648221,0.0762709481485189,0.630471701702829
LZTFL1,Leucine zipper transcription factor-like protein 1,Diet and food preferences,X20737.Liking for tinned tuna,35224,-0.00184439650960307,0.0317739072514844,-0.0641212547225125,0.0604324617033064,0.953712703264989
LZTFL1,Leucine zipper transcription factor-like protein 1,Diet and food preferences,X20738.Liking for turnip (white),35224,0.019379319563903,0.0314569109516249,-0.0422762259012818,0.0810348650290878,0.537878733463205
LZTFL1,Leucine zipper transcription factor-like protein 1,Diet and food preferences,X20739.Liking for vegetables,35224,0.0366314184845438,0.0346814845970214,-0.0313442913256181,0.104607128294706,0.290908238021073
LZTFL1,Leucine zipper transcription factor-like protein 1,Diet and food preferences,X20740.Liking for vinegar,35224,0.00215037678743446,0.0316422453835942,-0.0598684241644101,0.064169177739279,0.945820492556912
LZTFL1,Leucine zipper transcription factor-like protein 1,Diet and food preferences,X20741.Liking for watching television,35224,-0.00608266507199471,0.0317840213273526,-0.0683793468736058,0.0562140167296163,0.848238307623887
LZTFL1,Leucine zipper transcription factor-like protein 1,Diet and food preferences,X20742.Liking for whisky,35224,0.000898352618499057,0.0325326363489434,-0.06286561462543,0.0646623198624281,0.977971018994216
LZTFL1,Leucine zipper transcription factor-like protein 1,Diet and food preferences,X20743.Liking for white bread,35224,0.0170549435511885,0.0312652523846542,-0.0442249511227338,0.0783348382251108,0.585435421207691
LZTFL1,Leucine zipper transcription factor-like protein 1,Diet and food preferences,X20744.Liking for white rice,35224,-0.0171114317119542,0.0316656086504222,-0.0791760246667817,0.0449531612428733,0.58895563582719
LZTFL1,Leucine zipper transcription factor-like protein 1,Diet and food preferences,X20745.Liking for white wine,35224,-0.0817648805359862,0.0313952206352946,-0.143299512981164,-0.0202302480908087,0.00922685510525204
LZTFL1,Leucine zipper transcription factor-like protein 1,Diet and food preferences,X20746.Liking for whole grain breakfast cereal,35224,0.0108416447307851,0.0319758840225442,-0.0518310879534016,0.0735143774149717,0.734578675662597
LZTFL1,Leucine zipper transcription factor-like protein 1,Diet and food preferences,X20747.Liking for whole milk,35224,0.058950523583197,0.0315466551886768,-0.00288092058660954,0.120781967753003,0.061716222085494
LZTFL1,Leucine zipper transcription factor-like protein 1,Diet and food preferences,X20748.Liking for wholemeal bread,35224,-0.00650297716592005,0.0331864168795371,-0.0715483542498127,0.0585423999179726,0.844653584435017
LZTFL1,Leucine zipper transcription factor-like protein 1,Diet and food preferences,X20749.Liking for working up a sweat,35224,-0.0186359638544751,0.0317127295352959,-0.080792913743655,0.0435209860347048,0.556789738624999
LZTFL1,Leucine zipper transcription factor-like protein 1,Physical measures,X21001.Body mass index (BMI),48822,0.0757879965169657,0.0243254471200482,0.0281101201616712,0.12346587287226,0.00183845056262974
LZTFL1,Leucine zipper transcription factor-like protein 1,Physical measures,X21002.Weight,48837,-0.0298959390494763,0.0130116797748294,-0.0553988314081418,-0.00439304669081076,0.0215936967417637
LZTFL1,Leucine zipper transcription factor-like protein 1,Physical measures,X21021.Pulse wave Arterial Stiffness index,35978,0.0129374458006115,0.0084449869479779,-0.00361472861742521,0.0294896202186481,0.125577075731558
LZTFL1,Leucine zipper transcription factor-like protein 1,Health and medical history,X21025.Frequency of discomfort or pain in abdomen in last 3 months,35046,-0.015853103821612,0.0345298850677954,-0.083531678554491,0.051825470911267,0.64617040664612
LZTFL1,Leucine zipper transcription factor-like protein 1,Health and medical history,X21033.Frequency of hard or lumpy stools in the last 3 months,35061,0.00732728721816257,0.0352058808483166,-0.0616762392445379,0.076330813680863,0.835137192190522
LZTFL1,Leucine zipper transcription factor-like protein 1,Health and medical history,X21034.Frequency of loose or mushy or watery stools in the last 3 months,35063,0.0289713151807733,0.0348800184546956,-0.0393935209904301,0.0973361513519767,0.406233894498482
LZTFL1,Leucine zipper transcription factor-like protein 1,Health and medical history,X21040.Satisfaction with bowel habits,35021,-0.0382008999642232,0.0323134193014141,-0.101535201794995,0.0251334018665483,0.237174964931361
LZTFL1,Leucine zipper transcription factor-like protein 1,Health and medical history,X21041.Degree to which abdominal pain or discomfort or altered bowel habits affect or interfere with life in general,35004,-0.0113073033591407,0.0349265704340394,-0.0797633814098579,0.0571487746915766,0.746142752057629
LZTFL1,Leucine zipper transcription factor-like protein 1,Health and medical history,X21042.Greatest number of times bowels opened per day,35021,-0.0326557079295861,0.0342184527942977,-0.0997238754064096,0.0344124595472374,0.339956045212422
LZTFL1,Leucine zipper transcription factor-like protein 1,Health and medical history,X21043.Least number of times bowels opened per week,34965,0.0497251624161896,0.034579647459363,-0.0180509466041619,0.117501271436541,0.150491326808398
LZTFL1,Leucine zipper transcription factor-like protein 1,Health and medical history,X21044.Average number of times bowels opened per day,34992,-0.0225697407075976,0.0391484211236685,-0.0993006461099878,0.0541611646947927,0.564288013536994
LZTFL1,Leucine zipper transcription factor-like protein 1,Health and medical history,X21048.Degree bothered by back pain in the past 3 months,35064,0.0580700660688167,0.0348899247082911,-0.0103141863594338,0.126454318497067,0.0960900491976808
LZTFL1,Leucine zipper transcription factor-like protein 1,Health and medical history,X21049.Degree bothered by pain in arms or legs or joints in the past 3 months,35060,0.0288275550238915,0.0350517376268196,-0.0398738507246749,0.097528960772458,0.410866384816425
LZTFL1,Leucine zipper transcription factor-like protein 1,Health and medical history,X21050.Degree bothered by menstrual cramps or other problems with period in the last 3 months,32282,-0.0822238979068828,0.05987743665799,-0.199583673756543,0.0351358779427776,0.16978886066327
LZTFL1,Leucine zipper transcription factor-like protein 1,Health and medical history,X21051.Degree bothered by headaches in the last 3 months,35063,0.0259443688154602,0.0400940059498909,-0.0526398828463259,0.104528620477246,0.517600000775331
LZTFL1,Leucine zipper transcription factor-like protein 1,Health and medical history,X21052.Degree bothered by chest pain in the last 3 months,35062,0.0510101234456477,0.0533669876961586,-0.0535891724388231,0.155609419330119,0.339194143885548
LZTFL1,Leucine zipper transcription factor-like protein 1,Health and medical history,X21053.Degree bothered by dizziness in the last 3 months,35059,-0.0389146856583936,0.0403493153277369,-0.117999343700758,0.0401699723839707,0.334862761801723
LZTFL1,Leucine zipper transcription factor-like protein 1,Health and medical history,X21054.Degree bothered by fainting spells in the last 3 months,35059,0.0346229775447304,0.100954950381851,-0.163248725203698,0.232494680293159,0.731644811938819
LZTFL1,Leucine zipper transcription factor-like protein 1,Health and medical history,X21055.Degree bothered by feeling heart pound or race in the last 3 months,35065,0.0598626394687876,0.0414068488558415,-0.0212947842886617,0.141020063226237,0.148309612489754
LZTFL1,Leucine zipper transcription factor-like protein 1,Health and medical history,X21056.Degree bothered by shortness of breath in the last 3 months,35062,-0.0396941115673479,0.0378798643984752,-0.113938645788359,0.0345504226536635,0.294730260664129
LZTFL1,Leucine zipper transcription factor-like protein 1,Health and medical history,X21057.Degree bothered by pain or problems during intercourse in the last 3 months,34923,-0.0475740673650433,0.0367137388114549,-0.119532995435495,0.0243848607054084,0.195092821835061
LZTFL1,Leucine zipper transcription factor-like protein 1,Health and medical history,X21058.Degree bothered by urinary frequency or bladder irritability in the last 3 months,35058,0.0635275898880547,0.0351610040672396,-0.00538797808373494,0.132443157859844,0.0708505376222395
LZTFL1,Leucine zipper transcription factor-like protein 1,Health and medical history,X21059.Degree bothered by nausea in the last 3 months,35061,0.0195077192671346,0.0564284961213437,-0.0910921331306991,0.130107571664968,0.72957541106697
LZTFL1,Leucine zipper transcription factor-like protein 1,Health and medical history,X21060.Degree bothered by feeling tired all the time in the last 3 months,35066,0.0528660624216111,0.0350825155426822,-0.0158956680420459,0.121627792885268,0.131888487693754
LZTFL1,Leucine zipper transcription factor-like protein 1,Health and medical history,X21061.Degree bothered by trouble sleeping in the last 3 months,35065,0.0284013595390119,0.0349460172293705,-0.0400928342305543,0.096895553308578,0.416411039325857
LZTFL1,Leucine zipper transcription factor-like protein 1,Working and living environment,X21100.Water hardness (USGS classification),48793,0.046636648187168,0.0186637099793761,0.0100557766275909,0.0832175197467451,0.0124700163461199
LZTFL1,Leucine zipper transcription factor-like protein 1,Lifestyle factors,X2139.Age first had sexual intercourse,45575,-0.00978887872385708,0.00603576229086009,-0.0216189728139429,0.0020412153662287,0.104862604518312
LZTFL1,Leucine zipper transcription factor-like protein 1,Health and medical history,X2149.Lifetime number of sexual partners,44564,0.0106639452370188,0.021084970165289,-0.0306625962869477,0.0519904867609853,0.613032038352378
LZTFL1,Leucine zipper transcription factor-like protein 1,Physical activities,X22032.IPAQ activity group,44573,-0.0484091518543074,0.021156990525948,-0.0898768532851655,-0.00694145042344924,0.022145638993211
LZTFL1,Leucine zipper transcription factor-like protein 1,Physical activities,X22033.Summed days activity,45004,-0.0104424984140685,0.00587129423596031,-0.0219502351165507,0.00106523828841371,0.0753297593961859
LZTFL1,Leucine zipper transcription factor-like protein 1,Physical activities,X22034.Summed minutes activity,44573,-0.0106739857843181,0.00582407375828563,-0.0220891703505579,0.000741198781921752,0.066861261561889
LZTFL1,Leucine zipper transcription factor-like protein 1,Physical activities,X22037.MET minutes per week for walking,43736,-0.016043093073212,0.006243551562489,-0.0282804541356904,-0.00380573201073359,0.0101930590537607
LZTFL1,Leucine zipper transcription factor-like protein 1,Physical activities,X22038.MET minutes per week for moderate activity,44573,-0.00458834693307765,0.00567475435753936,-0.0157108654738548,0.00653417160769949,0.418784078486118
LZTFL1,Leucine zipper transcription factor-like protein 1,Physical activities,X22039.MET minutes per week for vigorous activity,44573,-0.0282995665691532,0.0210358757838161,-0.0695298831054328,0.0129307499671265,0.17854816626684
LZTFL1,Leucine zipper transcription factor-like protein 1,Physical activities,X22040.Summed MET minutes per week for all activity,43736,-0.0102353006445086,0.00605171832645977,-0.0220966685643697,0.00162606727535258,0.0908000188159952
LZTFL1,Leucine zipper transcription factor-like protein 1,Eye measures,X2217.Age started wearing glasses or contact lenses,47199,-0.00148169908284364,0.0049416529752515,-0.0111673389143366,0.00820394074864931,0.764303612540372
LZTFL1,Leucine zipper transcription factor-like protein 1,Working and living environment,X22501.Year ended full time education,33397,-0.0510691209911108,0.0246706218561388,-0.0994235398291427,-0.00271470215307878,0.0385097438359813
LZTFL1,Leucine zipper transcription factor-like protein 1,Lifestyle factors,X22506.Tobacco smoking,33376,0.0660932934514849,0.0834580668705066,-0.097484517614708,0.229671104517678,0.428444010085287
LZTFL1,Leucine zipper transcription factor-like protein 1,Lifestyle factors,X2277.Frequency of solarium or sunlamp use,47802,0.189957833445736,0.0679152183352489,0.0568440055086481,0.323071661382824,0.00516349081419817
LZTFL1,Leucine zipper transcription factor-like protein 1,Physical measures,X23098.Weight,48423,-0.025521310701887,0.0131854641370022,-0.0513648204104113,0.000322199006637287,0.0529357551952891
LZTFL1,Leucine zipper transcription factor-like protein 1,Physical measures,X23099.Body fat percentage,48415,0.115460953453027,0.012568586763357,0.0908265233968477,0.140095383509207,4.46192168822815e-20
LZTFL1,Leucine zipper transcription factor-like protein 1,Physical measures,X23100.Whole body fat mass,48401,0.0795846529358098,0.0124147714744299,0.0552517008459272,0.103917605025692,1.48437667998146e-10
LZTFL1,Leucine zipper transcription factor-like protein 1,Physical measures,X23101.Whole body fat-free mass,48422,-0.0709512792496374,0.0107314922037557,-0.0919850039689986,-0.0499175545302761,3.90434495381767e-11
LZTFL1,Leucine zipper transcription factor-like protein 1,Physical measures,X23102.Whole body water mass,48423,-0.0738454297142619,0.0107652629198488,-0.0949453450371655,-0.0527455143913582,7.11515690606213e-12
LZTFL1,Leucine zipper transcription factor-like protein 1,Physical measures,X23104.Body mass index (BMI),48423,0.074597429153862,0.0243077507701697,0.0269542376443294,0.122240620663395,0.00215166112911833
LZTFL1,Leucine zipper transcription factor-like protein 1,Physical measures,X23105.Basal metabolic rate,48423,-0.069597362706366,0.0114569608220652,-0.0920530059176138,-0.0471417194951183,1.26571904455195e-09
LZTFL1,Leucine zipper transcription factor-like protein 1,Physical measures,X23106.Impedance of whole body,48420,0.079769679356824,0.0087595374231268,0.0626009860074955,0.0969383727061525,9.31240612133195e-20
LZTFL1,Leucine zipper transcription factor-like protein 1,Physical measures,X23107.Impedance of leg (right),48423,0.072459148417019,0.00709446972849685,0.0585539877491652,0.0863643090848728,1.99243411022636e-24
LZTFL1,Leucine zipper transcription factor-like protein 1,Physical measures,X23108.Impedance of leg (left),48423,0.0684253524423198,0.00704310027359591,0.0546208759060718,0.0822298289785678,2.92143352829867e-22
LZTFL1,Leucine zipper transcription factor-like protein 1,Physical measures,X23109.Impedance of arm (right),48422,0.0457181983958395,0.00869660242484051,0.0286728576431521,0.0627635391485269,1.4797419621978e-07
LZTFL1,Leucine zipper transcription factor-like protein 1,Physical measures,X23110.Impedance of arm (left),48423,0.0456262412197427,0.00872434111254941,0.0285265326391458,0.0627259498003395,1.71504246617738e-07
LZTFL1,Leucine zipper transcription factor-like protein 1,Physical measures,X23111.Leg fat percentage (right),48423,0.142373569136154,0.0147798758620471,0.113405012446541,0.171342125825766,6.5056287234029e-22
LZTFL1,Leucine zipper transcription factor-like protein 1,Physical measures,X23112.Leg fat mass (right),48423,0.103735565797988,0.016229823150041,0.0719251124239075,0.135546019172068,1.67861436468117e-10
LZTFL1,Leucine zipper transcription factor-like protein 1,Physical measures,X23113.Leg fat-free mass (right),48422,-0.0857245627266621,0.0109144353293835,-0.107116855972254,-0.0643322694810704,4.23242368246173e-15
LZTFL1,Leucine zipper transcription factor-like protein 1,Physical measures,X23114.Leg predicted mass (right),48422,-0.0861932660940313,0.0109777960523178,-0.107709746356574,-0.0646767858314883,4.3220946598123e-15
LZTFL1,Leucine zipper transcription factor-like protein 1,Physical measures,X23115.Leg fat percentage (left),48421,0.139920011650131,0.0155413271182091,0.109459010498441,0.170381012801821,2.39460376769047e-19
LZTFL1,Leucine zipper transcription factor-like protein 1,Physical measures,X23116.Leg fat mass (left),48421,0.0984061608594024,0.016976114816288,0.065132975819478,0.131679345899327,6.86735605123763e-09
LZTFL1,Leucine zipper transcription factor-like protein 1,Physical measures,X23117.Leg fat-free mass (left),48420,-0.0775808777688425,0.0114707961918089,-0.100063638304788,-0.0550981172328971,1.38724180411469e-11
LZTFL1,Leucine zipper transcription factor-like protein 1,Physical measures,X23118.Leg predicted mass (left),48420,-0.0786046412198111,0.0115448386683758,-0.101232525009828,-0.0559767574297944,1.01434695678953e-11
LZTFL1,Leucine zipper transcription factor-like protein 1,Physical measures,X23119.Arm fat percentage (right),48420,0.0859667974693205,0.0141610722095725,0.0582110959385584,0.113722499000083,1.29789804795835e-09
LZTFL1,Leucine zipper transcription factor-like protein 1,Physical measures,X23120.Arm fat mass (right),48418,0.0398272393503631,0.0141631781586186,0.0120674101594706,0.0675870685412556,0.00492802395918659
LZTFL1,Leucine zipper transcription factor-like protein 1,Physical measures,X23121.Arm fat-free mass (right),48419,-0.0533958008649332,0.0109943224350587,-0.0749446728376483,-0.0318469288922181,1.20314689059983e-06
LZTFL1,Leucine zipper transcription factor-like protein 1,Physical measures,X23122.Arm predicted mass (right),48419,-0.0575091492042872,0.0110161003791179,-0.0791007059473584,-0.035917592461216,1.80332342717502e-07
LZTFL1,Leucine zipper transcription factor-like protein 1,Physical measures,X23123.Arm fat percentage (left),48418,0.0820270728596316,0.0145193722108269,0.0535691033264109,0.110485042392852,1.63200188174666e-08
LZTFL1,Leucine zipper transcription factor-like protein 1,Physical measures,X23124.Arm fat mass (left),48418,0.0418707422601343,0.014164494690159,0.0141083326674228,0.0696331518528459,0.00312000063994789
LZTFL1,Leucine zipper transcription factor-like protein 1,Physical measures,X23125.Arm fat-free mass (left),48418,-0.0509680241904656,0.0112189943520259,-0.0729572531204364,-0.0289787952604948,5.57933733254555e-06
LZTFL1,Leucine zipper transcription factor-like protein 1,Physical measures,X23126.Arm predicted mass (left),48416,-0.0562447408792779,0.0112285441919623,-0.0782526874955241,-0.0342367942630317,5.51738711696495e-07
LZTFL1,Leucine zipper transcription factor-like protein 1,Physical measures,X23127.Trunk fat percentage,48416,0.0701883883972283,0.00897459056962978,0.052598190880754,0.0877785859137027,5.51914295371173e-15
LZTFL1,Leucine zipper transcription factor-like protein 1,Physical measures,X23128.Trunk fat mass,48416,0.0587054914208411,0.0100448163090953,0.0390176514550144,0.0783933313866678,5.16747849111257e-09
LZTFL1,Leucine zipper transcription factor-like protein 1,Physical measures,X23129.Trunk fat-free mass,48415,-0.0574016050542226,0.00969349265868723,-0.0764008506652495,-0.0384023594431956,3.24124158288447e-09
LZTFL1,Leucine zipper transcription factor-like protein 1,Physical measures,X23130.Trunk predicted mass,48412,-0.0579795989711148,0.00974088135200406,-0.0770717264210427,-0.0388874715211868,2.69169265402254e-09
LZTFL1,Leucine zipper transcription factor-like protein 1,NMR metabolomics,X23400.Total Cholesterol,40283,0.0444628690063812,0.00704593637455551,0.0306528337122524,0.05827290430051,2.88881582396591e-10
LZTFL1,Leucine zipper transcription factor-like protein 1,NMR metabolomics,X23401.Total Cholesterol Minus HDL-C,40283,0.0600006282275005,0.00680780292691564,0.0466573344907458,0.0733439219642551,1.39358089151422e-18
LZTFL1,Leucine zipper transcription factor-like protein 1,NMR metabolomics,"X23402.Remnant Cholesterol (Non-HDL, Non-LDL -Cholesterol)",40283,0.0669836542483629,0.00679437602912137,0.053666677231285,0.0803006312654408,7.80262531833109e-23
LZTFL1,Leucine zipper transcription factor-like protein 1,NMR metabolomics,X23403.VLDL Cholesterol,40283,0.0956981495532256,0.00685974384491115,0.0822530516171997,0.109143247489251,7.31009735358345e-44
LZTFL1,Leucine zipper transcription factor-like protein 1,NMR metabolomics,X23404.Clinical LDL Cholesterol,40283,0.04127843592386,0.00681341481054388,0.027924142895194,0.054632728952526,1.41938508236228e-09
LZTFL1,Leucine zipper transcription factor-like protein 1,NMR metabolomics,X23405.LDL Cholesterol,40283,0.0514137841918287,0.00683397448424904,0.0380191942027006,0.0648083741809568,5.7558445014748e-14
LZTFL1,Leucine zipper transcription factor-like protein 1,NMR metabolomics,X23406.HDL Cholesterol,40283,-0.0424668131939848,0.00793947709748799,-0.0580281883050613,-0.0269054380829084,9.02914908851557e-08
LZTFL1,Leucine zipper transcription factor-like protein 1,NMR metabolomics,X23407.Total Triglycerides,40283,0.131061164274059,0.00733882537605125,0.116677066536999,0.14544526201112,2.38457098804591e-70
LZTFL1,Leucine zipper transcription factor-like protein 1,NMR metabolomics,X23408.Triglycerides in VLDL,40283,0.126446607956335,0.00731420926123805,0.112110757804308,0.140782458108362,4.25887677503636e-66
LZTFL1,Leucine zipper transcription factor-like protein 1,NMR metabolomics,X23409.Triglycerides in LDL,40283,0.127519240720036,0.00732355372350085,0.113165075421975,0.141873406018098,5.17206568588453e-67
LZTFL1,Leucine zipper transcription factor-like protein 1,NMR metabolomics,X23410.Triglycerides in HDL,40283,0.124981043569222,0.00719188204995759,0.110884954751305,0.139077132387139,9.23682679172207e-67
LZTFL1,Leucine zipper transcription factor-like protein 1,NMR metabolomics,X23411.Total Phospholipids in Lipoprotein Particles,40283,0.070757208800966,0.00729398725600524,0.0564609937791958,0.0850534238227363,3.66523930416453e-22
LZTFL1,Leucine zipper transcription factor-like protein 1,NMR metabolomics,X23412.Phospholipids in VLDL,40283,0.116294706112766,0.00704732262817126,0.102481953761551,0.130107458463982,1.86217836440162e-60
LZTFL1,Leucine zipper transcription factor-like protein 1,NMR metabolomics,X23413.Phospholipids in LDL,40283,0.0522378971698517,0.00679438424012312,0.0389209040592104,0.065554890280493,1.61586962887716e-14
LZTFL1,Leucine zipper transcription factor-like protein 1,NMR metabolomics,X23414.Phospholipids in HDL,40283,0.00418134334386669,0.00786599538470005,-0.0112360076101454,0.0195986942978788,0.595033070556335
LZTFL1,Leucine zipper transcription factor-like protein 1,NMR metabolomics,X23415.Total Esterified Cholesterol,40283,0.0400761771634697,0.0070865155518045,0.0261866066819329,0.0539657476450066,1.59448480098467e-08
LZTFL1,Leucine zipper transcription factor-like protein 1,NMR metabolomics,X23416.Cholesteryl Esters in VLDL,40283,0.0844177747920645,0.00679433232808168,0.0711008834290244,0.0977346661551046,3.28984182038973e-35
LZTFL1,Leucine zipper transcription factor-like protein 1,NMR metabolomics,X23417.Cholesteryl Esters in LDL,40283,0.0599568160176311,0.00683372532645334,0.0465627143777825,0.0733509176574796,1.982199085895e-18
LZTFL1,Leucine zipper transcription factor-like protein 1,NMR metabolomics,X23418.Cholesteryl Esters in HDL,40283,-0.0488933578271414,0.00789220191646823,-0.0643620735834191,-0.0334246420708637,6.02949222558469e-10
LZTFL1,Leucine zipper transcription factor-like protein 1,NMR metabolomics,X23419.Total Free Cholesterol,40283,0.0543466484340799,0.00695358494866936,0.0407176219346879,0.0679756749334718,5.96323044225081e-15
LZTFL1,Leucine zipper transcription factor-like protein 1,NMR metabolomics,X23420.Free Cholesterol in VLDL,40283,0.108959285328375,0.00697826208636263,0.0952818916391047,0.122636679017646,2.21015842893668e-54
LZTFL1,Leucine zipper transcription factor-like protein 1,NMR metabolomics,X23421.Free Cholesterol in LDL,40283,0.0268597419819863,0.00686408581148046,0.0134061337914846,0.040313350172488,9.16693490001733e-05
LZTFL1,Leucine zipper transcription factor-like protein 1,NMR metabolomics,X23422.Free Cholesterol in HDL,40283,-0.0183444986262044,0.00801665543495976,-0.0340571432787255,-0.0026318539736833,0.0221388836615001
LZTFL1,Leucine zipper transcription factor-like protein 1,NMR metabolomics,X23423.Total Lipids in Lipoprotein Particles,40283,0.0848577925669444,0.00698914133817593,0.0711590755441196,0.0985565095897693,1.04280717653022e-33
LZTFL1,Leucine zipper transcription factor-like protein 1,NMR metabolomics,X23424.Total Lipids in VLDL,40283,0.122410784482173,0.00712691696327113,0.108442027234162,0.136379541730185,2.8058776887004e-65
LZTFL1,Leucine zipper transcription factor-like protein 1,NMR metabolomics,X23425.Total Lipids in LDL,40283,0.0575627118658529,0.00682552542486777,0.044184682033112,0.0709407416985937,3.77185214717158e-17
LZTFL1,Leucine zipper transcription factor-like protein 1,NMR metabolomics,X23426.Total Lipids in HDL,40283,-0.00688223089455378,0.00791937234176866,-0.0224042006844203,0.00863973889531278,0.384845473165961
LZTFL1,Leucine zipper transcription factor-like protein 1,NMR metabolomics,X23427.Total Concentration of Lipoprotein Particles,40283,0.0352036702593709,0.00745488747333512,0.020592090811634,0.0498152497071077,2.36135758770408e-06
LZTFL1,Leucine zipper transcription factor-like protein 1,NMR metabolomics,X23428.Concentration of VLDL Particles,40283,0.105263854404824,0.00696675080682058,0.0916090228234555,0.118918685986192,4.51668568748636e-51
LZTFL1,Leucine zipper transcription factor-like protein 1,NMR metabolomics,X23429.Concentration of LDL Particles,40283,0.0591285221865624,0.00676427647400043,0.0458705402975216,0.0723865040756033,2.63619563879641e-18
LZTFL1,Leucine zipper transcription factor-like protein 1,NMR metabolomics,X23430.Concentration of HDL Particles,40283,0.0250437114957138,0.00747326862072017,0.0103961049991022,0.0396913179923253,0.000807584763616483
LZTFL1,Leucine zipper transcription factor-like protein 1,NMR metabolomics,X23431.Average Diameter for VLDL Particles,40283,0.114846656336674,0.00748553722883468,0.100175003368158,0.12951830930519,1.37758185477656e-52
LZTFL1,Leucine zipper transcription factor-like protein 1,NMR metabolomics,X23432.Average Diameter for LDL Particles,40283,-0.0565968054363465,0.00716683464902744,-0.0706438013484403,-0.0425498095242528,3.12535486821827e-15
LZTFL1,Leucine zipper transcription factor-like protein 1,NMR metabolomics,X23433.Average Diameter for HDL Particles,40283,-0.0821768763429812,0.008097232633076,-0.0980474523038102,-0.0663063003821522,4.27609698047489e-24
LZTFL1,Leucine zipper transcription factor-like protein 1,NMR metabolomics,X23434.Phosphoglycerides,40272,0.0731914964871872,0.00743702404146669,0.0586149293659125,0.087768063608462,9.24608821152519e-23
LZTFL1,Leucine zipper transcription factor-like protein 1,NMR metabolomics,X23435.Triglycerides to Phosphoglycerides ratio,40272,0.119317826173659,0.00769371461787801,0.104238145522618,0.1343975068247,1.11269794599428e-53
LZTFL1,Leucine zipper transcription factor-like protein 1,NMR metabolomics,X23436.Total Cholines,40272,0.0645565382246885,0.00746095366667586,0.0499330690380039,0.0791800074113732,5.7293378489763e-18
LZTFL1,Leucine zipper transcription factor-like protein 1,NMR metabolomics,X23437.Phosphatidylcholines,40272,0.0557910198865163,0.00752053452535648,0.0410507722168176,0.070531267556215,1.27125512710802e-13
LZTFL1,Leucine zipper transcription factor-like protein 1,NMR metabolomics,X23438.Sphingomyelins,40272,0.0372829737421099,0.00733965277826654,0.0228972542967075,0.0516686931875123,3.84257115036464e-07
LZTFL1,Leucine zipper transcription factor-like protein 1,NMR metabolomics,X23439.Apolipoprotein B,40283,0.062336417286357,0.00676150763048034,0.0490838623306156,0.0755889722420985,3.52964742777767e-20
LZTFL1,Leucine zipper transcription factor-like protein 1,NMR metabolomics,X23440.Apolipoprotein A1,40283,0.0116695439046452,0.00772344967198289,-0.00346841745244124,0.0268075052617317,0.130836361187732
LZTFL1,Leucine zipper transcription factor-like protein 1,NMR metabolomics,X23441.Apolipoprotein B to Apolipoprotein A1 ratio,40283,0.0501835999404107,0.00694163105674353,0.0365780030691934,0.0637891968116281,5.1717618433533e-13
LZTFL1,Leucine zipper transcription factor-like protein 1,NMR metabolomics,X23442.Total Fatty Acids,40272,0.12145913889536,0.00714313653993128,0.107458591277095,0.135459686513625,4.99510579630238e-64
LZTFL1,Leucine zipper transcription factor-like protein 1,NMR metabolomics,X23443.Degree of Unsaturation,40272,-0.0816198635004867,0.00726278444796011,-0.0958549210184885,-0.0673848059824848,3.80987961173132e-29
LZTFL1,Leucine zipper transcription factor-like protein 1,NMR metabolomics,X23444.Omega-3 Fatty Acids,40272,0.0346772849111744,0.00724681194652341,0.0204735334959885,0.0488810363263603,1.73042151347698e-06
LZTFL1,Leucine zipper transcription factor-like protein 1,NMR metabolomics,X23445.Omega-6 Fatty Acids,40272,0.0831891607072774,0.00710291108590255,0.0692674549789084,0.0971108664356464,1.69655490147824e-31
LZTFL1,Leucine zipper transcription factor-like protein 1,NMR metabolomics,X23446.Polyunsaturated Fatty Acids,40272,0.0801318603990403,0.00720330811569428,0.0660133764922795,0.0942503443058011,1.35382511388198e-28
LZTFL1,Leucine zipper transcription factor-like protein 1,NMR metabolomics,X23447.Monounsaturated Fatty Acids,40272,0.13967974353606,0.00727330699301578,0.125424061829749,0.153935425242371,6.95963174383179e-81
LZTFL1,Leucine zipper transcription factor-like protein 1,NMR metabolomics,X23448.Saturated Fatty Acids,40272,0.12315911269985,0.00714081786790445,0.109163109678757,0.137155115720942,8.46516773748136e-66
LZTFL1,Leucine zipper transcription factor-like protein 1,NMR metabolomics,X23449.Linoleic Acid,40272,0.0768635770449009,0.00695298822876831,0.0632357201165151,0.0904914339732868,2.92107816902578e-28
LZTFL1,Leucine zipper transcription factor-like protein 1,NMR metabolomics,X23450.Docosahexaenoic Acid,40272,-0.0162957025197755,0.00724893412971492,-0.0305036134140168,-0.00208779162553431,0.0245949070028499
LZTFL1,Leucine zipper transcription factor-like protein 1,NMR metabolomics,X23451.Omega-3 Fatty Acids to Total Fatty Acids percentage,40272,-0.027319318336759,0.00714251831039815,-0.0413186542251393,-0.0133199824483786,0.00013155039598006
LZTFL1,Leucine zipper transcription factor-like protein 1,NMR metabolomics,X23452.Omega-6 Fatty Acids to Total Fatty Acids percentage,40272,-0.116652513810072,0.00765216626185419,-0.131650759683307,-0.101654267936838,6.03136165463986e-52
LZTFL1,Leucine zipper transcription factor-like protein 1,NMR metabolomics,X23453.Polyunsaturated Fatty Acids to Total Fatty Acids percentage,40272,-0.128854421856272,0.00752205508793069,-0.143597649828616,-0.114111193883928,6.04081058076842e-65
LZTFL1,Leucine zipper transcription factor-like protein 1,NMR metabolomics,X23454.Monounsaturated Fatty Acids to Total Fatty Acids percentage,40272,0.131736160270372,0.00764537635291046,0.116751222618668,0.146721097922077,1.11534550415881e-65
LZTFL1,Leucine zipper transcription factor-like protein 1,NMR metabolomics,X23455.Saturated Fatty Acids to Total Fatty Acids percentage,40272,0.0641043788831751,0.00700110836991182,0.0503822064781479,0.0778265512882023,6.3114445624878e-20
LZTFL1,Leucine zipper transcription factor-like protein 1,NMR metabolomics,X23456.Linoleic Acid to Total Fatty Acids percentage,40272,-0.0584668524703504,0.00739616180427583,-0.072963329606731,-0.0439703753339697,2.93276339078619e-15
LZTFL1,Leucine zipper transcription factor-like protein 1,NMR metabolomics,X23457.Docosahexaenoic Acid to Total Fatty Acids percentage,40272,-0.0843055469623306,0.00709707748617544,-0.0982158188352344,-0.0703952750894267,2.39366202076442e-32
LZTFL1,Leucine zipper transcription factor-like protein 1,NMR metabolomics,X23458.Polyunsaturated Fatty Acids to Monounsaturated Fatty Acids ratio,40272,-0.137600772375897,0.00763037930612935,-0.15255631581591,-0.122645228935883,1.12547345044575e-71
LZTFL1,Leucine zipper transcription factor-like protein 1,NMR metabolomics,X23459.Omega-6 Fatty Acids to Omega-3 Fatty Acids ratio,40272,-0.00383473872664294,0.00708191431243468,-0.0177152907790149,0.010045813325729,0.588185356116506
LZTFL1,Leucine zipper transcription factor-like protein 1,NMR metabolomics,X23460.Alanine,40278,0.0573889056478751,0.00703890814018817,0.0435926456931063,0.0711851656026439,3.92902466600416e-16
LZTFL1,Leucine zipper transcription factor-like protein 1,NMR metabolomics,X23461.Glutamine,40241,-0.12507925361822,0.00689323587028441,-0.138589995923977,-0.111568511312463,1.57574389475296e-72
LZTFL1,Leucine zipper transcription factor-like protein 1,NMR metabolomics,X23462.Glycine,40269,0.00843097516321299,0.0074803848000368,-0.00623057904485913,0.0230925293712851,0.259734034330276
LZTFL1,Leucine zipper transcription factor-like protein 1,NMR metabolomics,X23463.Histidine,40266,0.00744505626106475,0.00693085399371456,-0.00613941756661579,0.0210295300887453,0.282760799636983
LZTFL1,Leucine zipper transcription factor-like protein 1,NMR metabolomics,X23464.Total Concentration of Branched-Chain Amino Acids (Leucine + Isoleucine + Valine),40276,0.0485047238214946,0.00730869385298071,0.0341796838696524,0.0628297637733368,3.36029275648055e-11
LZTFL1,Leucine zipper transcription factor-like protein 1,NMR metabolomics,X23465.Isoleucine,40280,0.0348176122407767,0.00712511334554507,0.0208523900835084,0.048782834398045,1.04025660851668e-06
LZTFL1,Leucine zipper transcription factor-like protein 1,NMR metabolomics,X23466.Leucine,40280,0.0421324528342191,0.00720320764057415,0.0280141658586937,0.0562507398097444,5.08132352250128e-09
LZTFL1,Leucine zipper transcription factor-like protein 1,NMR metabolomics,X23467.Valine,40276,0.0527400480960705,0.00738718545283546,0.038261164608513,0.067218931583628,9.96082516863064e-13
LZTFL1,Leucine zipper transcription factor-like protein 1,NMR metabolomics,X23468.Phenylalanine,40276,0.00958632523063602,0.00701761672626008,-0.00416820355283374,0.0233408540141058,0.171955019652923
LZTFL1,Leucine zipper transcription factor-like protein 1,NMR metabolomics,X23469.Tyrosine,40268,0.0202100271258869,0.0071198434022542,0.00625513405746864,0.0341649201943051,0.00454015636654824
LZTFL1,Leucine zipper transcription factor-like protein 1,NMR metabolomics,X23470.Glucose,40260,-0.0531393536051235,0.00693994989875559,-0.0667416554066844,-0.0395370518035625,2.06143580666672e-14
LZTFL1,Leucine zipper transcription factor-like protein 1,NMR metabolomics,X23471.Lactate,40262,0.17668116868126,0.0068077433938472,0.16333799162932,0.190024345733201,3.2861928822456e-144
LZTFL1,Leucine zipper transcription factor-like protein 1,NMR metabolomics,X23472.Pyruvate,40243,0.0791753284699604,0.00690878160821579,0.0656341165178575,0.0927165404220634,3.10050638426952e-30
LZTFL1,Leucine zipper transcription factor-like protein 1,NMR metabolomics,X23473.Citrate,40281,0.018639498993901,0.00700762658058595,0.0049045508959525,0.0323744470918494,0.0078279166512175
LZTFL1,Leucine zipper transcription factor-like protein 1,NMR metabolomics,X23474.3-Hydroxybutyrate,40104,0.0569867764231539,0.00736113669506317,0.04255894850083,0.0714146043454777,1.06876464827906e-14
LZTFL1,Leucine zipper transcription factor-like protein 1,NMR metabolomics,X23475.Acetate,40271,-0.0916851476727736,0.0068578812058402,-0.10512659483622,-0.0782437005093268,1.87994205660772e-40
LZTFL1,Leucine zipper transcription factor-like protein 1,NMR metabolomics,X23476.Acetoacetate,40281,-0.00414956381113572,0.00710169445384,-0.0180688849406621,0.00976975731839067,0.559026237420173
LZTFL1,Leucine zipper transcription factor-like protein 1,NMR metabolomics,X23477.Acetone,40281,-0.0342524769330061,0.00701519137483706,-0.0480022520276867,-0.0205027018383254,1.06148756116384e-06
LZTFL1,Leucine zipper transcription factor-like protein 1,NMR metabolomics,X23478.Creatinine,40019,0.0112459709654349,0.00817118071101547,-0.00476954322815546,0.0272614851590252,0.168758189944062
LZTFL1,Leucine zipper transcription factor-like protein 1,NMR metabolomics,X23479.Albumin,40280,0.0427061708489559,0.00700894869682146,0.0289686314031859,0.056443710294726,1.14427761255947e-09
LZTFL1,Leucine zipper transcription factor-like protein 1,NMR metabolomics,X23480.Glycoprotein Acetyls,40283,0.179178085626109,0.00727315764697211,0.164922696638043,0.193433474614174,1.63148308908545e-130
LZTFL1,Leucine zipper transcription factor-like protein 1,NMR metabolomics,X23481.Concentration of Chylomicrons and Extremely Large VLDL Particles,40283,0.131885093632309,0.00737944799262504,0.117421375566764,0.146348811697854,1.89001609948933e-70
LZTFL1,Leucine zipper transcription factor-like protein 1,NMR metabolomics,X23482.Total Lipids in Chylomicrons and Extremely Large VLDL,40283,0.127678814536898,0.00728993869398358,0.11339053469669,0.141967094377105,9.05721980026624e-68
LZTFL1,Leucine zipper transcription factor-like protein 1,NMR metabolomics,X23483.Phospholipids in Chylomicrons and Extremely Large VLDL,40283,0.135888244668489,0.00738930645131631,0.121405204023909,0.150371285313069,2.01308150092412e-74
LZTFL1,Leucine zipper transcription factor-like protein 1,NMR metabolomics,X23484.Cholesterol in Chylomicrons and Extremely Large VLDL,40283,0.139058350526158,0.007300153124042,0.124750050403035,0.15336665064928,1.25055028471185e-79
LZTFL1,Leucine zipper transcription factor-like protein 1,NMR metabolomics,X23485.Cholesteryl Esters in Chylomicrons and Extremely Large VLDL,40283,0.138932779187804,0.00721219659384385,0.12479687386387,0.153068684511738,2.30069253549378e-81
LZTFL1,Leucine zipper transcription factor-like protein 1,NMR metabolomics,X23486.Free Cholesterol in Chylomicrons and Extremely Large VLDL,40283,0.135517844003687,0.00738267095976409,0.121047808922549,0.149987879084825,3.67405275214125e-74
LZTFL1,Leucine zipper transcription factor-like protein 1,NMR metabolomics,X23487.Triglycerides in Chylomicrons and Extremely Large VLDL,40283,0.116782579724778,0.00724250495398537,0.102587270014967,0.13097788943459,7.7730342255812e-58
LZTFL1,Leucine zipper transcription factor-like protein 1,NMR metabolomics,X23488.Concentration of Very Large VLDL Particles,40283,0.132025030437724,0.00734800980985976,0.117622931210399,0.146427129665049,3.56336102144029e-71
LZTFL1,Leucine zipper transcription factor-like protein 1,NMR metabolomics,X23489.Total Lipids in Very Large VLDL,40283,0.129631318406618,0.00731371721376936,0.11529643266763,0.143966204145606,2.44722294032791e-69
LZTFL1,Leucine zipper transcription factor-like protein 1,NMR metabolomics,X23490.Phospholipids in Very Large VLDL,40283,0.128621488125638,0.00730120238617968,0.114311131448726,0.14293184480255,1.57333093079453e-68
LZTFL1,Leucine zipper transcription factor-like protein 1,NMR metabolomics,X23491.Cholesterol in Very Large VLDL,40283,0.122795877530761,0.00713951415641471,0.108802429784188,0.136789325277334,1.88652510561422e-65
LZTFL1,Leucine zipper transcription factor-like protein 1,NMR metabolomics,X23492.Cholesteryl Esters in Very Large VLDL,40283,0.115190220237847,0.00703515191558699,0.101401322483296,0.128979117992397,1.47386924912769e-59
LZTFL1,Leucine zipper transcription factor-like protein 1,NMR metabolomics,X23493.Free Cholesterol in Very Large VLDL,40283,0.126206989703143,0.0072501390555876,0.111996717154191,0.140417262252094,5.60054143702517e-67
LZTFL1,Leucine zipper transcription factor-like protein 1,NMR metabolomics,X23494.Triglycerides in Very Large VLDL,40283,0.127369244447358,0.00735455452995267,0.112954317568651,0.141784171326066,2.53830336651208e-66
LZTFL1,Leucine zipper transcription factor-like protein 1,NMR metabolomics,X23495.Concentration of Large VLDL Particles,40283,0.125777470478309,0.00726819453794351,0.11153180918394,0.140023131772679,3.17477531740153e-66
LZTFL1,Leucine zipper transcription factor-like protein 1,NMR metabolomics,X23496.Total Lipids in Large VLDL,40283,0.12079128084669,0.0072304736450636,0.106619552502366,0.134963009191015,6.76508886115075e-62
LZTFL1,Leucine zipper transcription factor-like protein 1,NMR metabolomics,X23497.Phospholipids in Large VLDL,40283,0.12644472292388,0.00726500666951043,0.11220530985164,0.140684135996121,5.88363687747244e-67
LZTFL1,Leucine zipper transcription factor-like protein 1,NMR metabolomics,X23498.Cholesterol in Large VLDL,40283,0.119601623278223,0.00713107140535037,0.105624723323736,0.133578523232709,2.29274059484228e-62
LZTFL1,Leucine zipper transcription factor-like protein 1,NMR metabolomics,X23499.Cholesteryl Esters in Large VLDL,40283,0.108971124870639,0.00702276631042686,0.0952065029022023,0.122735746839076,9.78351251394673e-54
LZTFL1,Leucine zipper transcription factor-like protein 1,NMR metabolomics,X23500.Free Cholesterol in Large VLDL,40283,0.127376075809109,0.00724616744025269,0.113173587626214,0.141578563992005,3.02553584836012e-68
LZTFL1,Leucine zipper transcription factor-like protein 1,NMR metabolomics,X23501.Triglycerides in Large VLDL,40283,0.113107022843978,0.00721861274051914,0.0989585418725607,0.127255503815396,9.53619606866444e-55
LZTFL1,Leucine zipper transcription factor-like protein 1,NMR metabolomics,X23502.Concentration of Medium VLDL Particles,40283,0.0902182441747744,0.00686715423007643,0.0767586218838246,0.103677866465724,3.92505320966624e-39
LZTFL1,Leucine zipper transcription factor-like protein 1,NMR metabolomics,X23503.Total Lipids in Medium VLDL,40283,0.0996198298240461,0.00692507035327813,0.086046691931621,0.113192967716471,1.67408260267055e-46
LZTFL1,Leucine zipper transcription factor-like protein 1,NMR metabolomics,X23504.Phospholipids in Medium VLDL,40283,0.0866915100690342,0.00684469070428319,0.0732759162886392,0.100107103849429,1.64284452819463e-36
LZTFL1,Leucine zipper transcription factor-like protein 1,NMR metabolomics,X23505.Cholesterol in Medium VLDL,40283,0.0489814819323097,0.00676589706938645,0.0357203236763122,0.0622426401883071,4.80259824375832e-13
LZTFL1,Leucine zipper transcription factor-like protein 1,NMR metabolomics,X23506.Cholesteryl Esters in Medium VLDL,40283,0.0271024992737691,0.00680381311239694,0.0137670255734711,0.0404379729740671,6.8362438833994e-05
LZTFL1,Leucine zipper transcription factor-like protein 1,NMR metabolomics,X23507.Free Cholesterol in Medium VLDL,40283,0.0749960606216718,0.00681133362287929,0.0616458467208284,0.0883462745225152,4.75249597844151e-28
LZTFL1,Leucine zipper transcription factor-like protein 1,NMR metabolomics,X23508.Triglycerides in Medium VLDL,40283,0.116922119833437,0.00715259811692856,0.102903027524257,0.130941212142617,2.26210244745088e-59
LZTFL1,Leucine zipper transcription factor-like protein 1,NMR metabolomics,X23509.Concentration of Small VLDL Particles,40283,0.111051469326391,0.0070589223156674,0.0972159815876825,0.124886957065099,3.59466119671889e-55
LZTFL1,Leucine zipper transcription factor-like protein 1,NMR metabolomics,X23510.Total Lipids in Small VLDL,40283,0.112401721468104,0.00703486528345962,0.098613385512523,0.126190057423685,7.84460741361915e-57
LZTFL1,Leucine zipper transcription factor-like protein 1,NMR metabolomics,X23511.Phospholipids in Small VLDL,40283,0.0922060249083813,0.00690129686867236,0.0786794830457834,0.105732566770979,2.10562531328187e-40
LZTFL1,Leucine zipper transcription factor-like protein 1,NMR metabolomics,X23512.Cholesterol in Small VLDL,40283,0.0851332855344518,0.00684268288045414,0.0717216270887617,0.0985449439801419,2.67476125301574e-35
LZTFL1,Leucine zipper transcription factor-like protein 1,NMR metabolomics,X23513.Cholesteryl Esters in Small VLDL,40283,0.0914984497771264,0.00686797976265819,0.0780372094423163,0.104959690111936,3.48737004156089e-40
LZTFL1,Leucine zipper transcription factor-like protein 1,NMR metabolomics,X23514.Free Cholesterol in Small VLDL,40283,0.0721316178003234,0.00680808727116712,0.0587877667488359,0.085475468851811,4.18962564975407e-26
LZTFL1,Leucine zipper transcription factor-like protein 1,NMR metabolomics,X23515.Triglycerides in Small VLDL,40283,0.123691574952485,0.00728353365035321,0.109415848997793,0.137967300907177,7.09856195486463e-64
LZTFL1,Leucine zipper transcription factor-like protein 1,NMR metabolomics,X23516.Concentration of Very Small VLDL Particles,40283,0.0762296066625347,0.00693016220072187,0.0626464887491198,0.0898127245759496,5.35026087876943e-28
LZTFL1,Leucine zipper transcription factor-like protein 1,NMR metabolomics,X23517.Total Lipids in Very Small VLDL,40283,0.0771928852588688,0.00699513718156415,0.063482416383003,0.0909033541347345,3.62095121234373e-28
LZTFL1,Leucine zipper transcription factor-like protein 1,NMR metabolomics,X23518.Phospholipids in Very Small VLDL,40283,0.0789686614119437,0.00699518783351581,0.0652580932582527,0.0926792295656346,2.15110329019775e-29
LZTFL1,Leucine zipper transcription factor-like protein 1,NMR metabolomics,X23519.Cholesterol in Very Small VLDL,40283,0.0462830650680038,0.00693959085330758,0.0326814669955209,0.0598846631404866,2.69027286791666e-11
LZTFL1,Leucine zipper transcription factor-like protein 1,NMR metabolomics,X23520.Cholesteryl Esters in Very Small VLDL,40283,0.0373762170501954,0.00695878978348996,0.023736989074555,0.0510154450258357,7.98484669299921e-08
LZTFL1,Leucine zipper transcription factor-like protein 1,NMR metabolomics,X23521.Free Cholesterol in Very Small VLDL,40283,0.066153343574483,0.00695091920621821,0.0525295419302953,0.0797771452186707,2.14690783878225e-21
LZTFL1,Leucine zipper transcription factor-like protein 1,NMR metabolomics,X23522.Triglycerides in Very Small VLDL,40283,0.119572332123453,0.00729878540377257,0.105266712732058,0.133877951514847,1.27614924066469e-59
LZTFL1,Leucine zipper transcription factor-like protein 1,NMR metabolomics,X23523.Concentration of IDL Particles,40283,0.0409534783312671,0.00675849974412979,0.0277068188327727,0.0542001378297615,1.40934955765823e-09
LZTFL1,Leucine zipper transcription factor-like protein 1,NMR metabolomics,X23524.Total Lipids in IDL,40283,0.0364663557855144,0.00696977164489206,0.0228056033615259,0.0501271082095028,1.70677766854046e-07
LZTFL1,Leucine zipper transcription factor-like protein 1,NMR metabolomics,X23525.Phospholipids in IDL,40283,0.0369716655863856,0.00698367060245406,0.0232836712055757,0.0506596599671956,1.21944739542982e-07
LZTFL1,Leucine zipper transcription factor-like protein 1,NMR metabolomics,X23526.Cholesterol in IDL,40283,0.0246454005576046,0.00697344425069679,0.0109774498262389,0.0383133512889703,0.000410709627622262
LZTFL1,Leucine zipper transcription factor-like protein 1,NMR metabolomics,X23527.Cholesteryl Esters in IDL,40283,0.0245751459216304,0.0069801492953097,0.0108940533028234,0.0382562385404374,0.000432105842801933
LZTFL1,Leucine zipper transcription factor-like protein 1,NMR metabolomics,X23528.Free Cholesterol in IDL,40283,0.0240390188129847,0.00694840678228198,0.010420141519712,0.0376578961062574,0.000542922663472784
LZTFL1,Leucine zipper transcription factor-like protein 1,NMR metabolomics,X23529.Triglycerides in IDL,40283,0.115744728675071,0.0073195799039741,0.101398352063281,0.13009110528686,1.02591034312441e-55
LZTFL1,Leucine zipper transcription factor-like protein 1,NMR metabolomics,X23530.Concentration of Large LDL Particles,40283,0.0488971728789415,0.00677310914517658,0.0356218789543955,0.0621724668034876,5.56706697536087e-13
LZTFL1,Leucine zipper transcription factor-like protein 1,NMR metabolomics,X23531.Total Lipids in Large LDL,40283,0.0493111028243507,0.00687670226221928,0.0358327663904009,0.0627894392583005,7.933729920787e-13
LZTFL1,Leucine zipper transcription factor-like protein 1,NMR metabolomics,X23532.Phospholipids in Large LDL,40283,0.0466977919951332,0.00683159055868839,0.033307874500104,0.0600877094901624,8.59696282326976e-12
LZTFL1,Leucine zipper transcription factor-like protein 1,NMR metabolomics,X23533.Cholesterol in Large LDL,40283,0.0422893190269534,0.00689450638142914,0.0287760865193523,0.0558025515345545,8.87453982181723e-10
LZTFL1,Leucine zipper transcription factor-like protein 1,NMR metabolomics,X23534.Cholesteryl Esters in Large LDL,40283,0.0483418032398714,0.0068870533065,0.0348431787591314,0.0618404277206114,2.36126065977017e-12
LZTFL1,Leucine zipper transcription factor-like protein 1,NMR metabolomics,X23535.Free Cholesterol in Large LDL,40283,0.024640580285496,0.00692168474216024,0.011074078190862,0.0382070823801301,0.000372533083708604
LZTFL1,Leucine zipper transcription factor-like protein 1,NMR metabolomics,X23536.Triglycerides in Large LDL,40283,0.122061630180572,0.00731736310769002,0.107719598489499,0.136403661871644,1.01400206384411e-61
LZTFL1,Leucine zipper transcription factor-like protein 1,NMR metabolomics,X23537.Concentration of Medium LDL Particles,40283,0.0723553618943844,0.00678933697308874,0.0590482614271304,0.0856624623616383,2.16510458657089e-26
LZTFL1,Leucine zipper transcription factor-like protein 1,NMR metabolomics,X23538.Total Lipids in Medium LDL,40283,0.0731748971523673,0.0068239149615643,0.0598000238277012,0.0865497704770333,1.06938314657867e-26
LZTFL1,Leucine zipper transcription factor-like protein 1,NMR metabolomics,X23539.Phospholipids in Medium LDL,40283,0.0676619618186499,0.00680956533018158,0.054315213771494,0.0810087098658058,3.61582010561411e-23
LZTFL1,Leucine zipper transcription factor-like protein 1,NMR metabolomics,X23540.Cholesterol in Medium LDL,40283,0.0682858776702184,0.00681469001831958,0.0549290852343121,0.0816426701061248,1.56141317335908e-23
LZTFL1,Leucine zipper transcription factor-like protein 1,NMR metabolomics,X23541.Cholesteryl Esters in Medium LDL,40283,0.0788976286257402,0.00683932988729156,0.0654925420466487,0.0923027152048316,1.30055517234949e-30
LZTFL1,Leucine zipper transcription factor-like protein 1,NMR metabolomics,X23542.Free Cholesterol in Medium LDL,40283,0.0364185376415081,0.00681902547959475,0.0230532477015024,0.0497838275815138,9.44060317001784e-08
LZTFL1,Leucine zipper transcription factor-like protein 1,NMR metabolomics,X23543.Triglycerides in Medium LDL,40283,0.130596486560403,0.00732964487906909,0.116230382597428,0.144962590523379,4.86809049478219e-70
LZTFL1,Leucine zipper transcription factor-like protein 1,NMR metabolomics,X23544.Concentration of Small LDL Particles,40283,0.071007509762333,0.00675085783255665,0.0577758284105219,0.084239191114144,9.40530554468419e-26
LZTFL1,Leucine zipper transcription factor-like protein 1,NMR metabolomics,X23545.Total Lipids in Small LDL,40283,0.0612043634345869,0.00676905580482512,0.0479370140571297,0.0744717128120441,1.79719872543111e-19
LZTFL1,Leucine zipper transcription factor-like protein 1,NMR metabolomics,X23546.Phospholipids in Small LDL,40283,0.036303809435601,0.00673686772512922,0.0230995486943477,0.0495080701768543,7.23714531193071e-08
LZTFL1,Leucine zipper transcription factor-like protein 1,NMR metabolomics,X23547.Cholesterol in Small LDL,40283,0.0601670485614961,0.00676663989922072,0.0469044343590235,0.0734296627639687,6.94767877419996e-19
LZTFL1,Leucine zipper transcription factor-like protein 1,NMR metabolomics,X23548.Cholesteryl Esters in Small LDL,40283,0.0761975873388178,0.00679455617954925,0.0628802572269013,0.0895149174507344,4.95866309342947e-29
LZTFL1,Leucine zipper transcription factor-like protein 1,NMR metabolomics,X23549.Free Cholesterol in Small LDL,40283,0.0145071657166386,0.00677489426868526,0.00122837295001552,0.0277859584832617,0.0322705772890114
LZTFL1,Leucine zipper transcription factor-like protein 1,NMR metabolomics,X23550.Triglycerides in Small LDL,40283,0.134674966915671,0.00734448108064119,0.120279783997614,0.149070149833727,5.1873759223805e-74
LZTFL1,Leucine zipper transcription factor-like protein 1,NMR metabolomics,X23551.Concentration of Very Large HDL Particles,40283,-0.0603265473337938,0.00776783186966235,-0.075551497798332,-0.0451015968692556,8.79978322815527e-15
LZTFL1,Leucine zipper transcription factor-like protein 1,NMR metabolomics,X23552.Total Lipids in Very Large HDL,40283,-0.0804496220322029,0.00778616679567914,-0.095710508951734,-0.0651887351126717,6.52379692540464e-25
LZTFL1,Leucine zipper transcription factor-like protein 1,NMR metabolomics,X23553.Phospholipids in Very Large HDL,40283,-0.0836540443982751,0.00782697779655694,-0.0989949208795267,-0.0683131679170235,1.56095189445274e-26
LZTFL1,Leucine zipper transcription factor-like protein 1,NMR metabolomics,X23554.Cholesterol in Very Large HDL,40283,-0.0880618652072728,0.00770452194788394,-0.103162728225125,-0.0729610021894203,4.36844097323913e-30
LZTFL1,Leucine zipper transcription factor-like protein 1,NMR metabolomics,X23555.Cholesteryl Esters in Very Large HDL,40283,-0.0910535006583608,0.00778861029191136,-0.106319176830507,-0.0757878244862146,2.17522915670302e-31
LZTFL1,Leucine zipper transcription factor-like protein 1,NMR metabolomics,X23556.Free Cholesterol in Very Large HDL,40283,-0.0726986323367644,0.00736384903620003,-0.0871317764477164,-0.0582654882258123,6.81652967474049e-23
LZTFL1,Leucine zipper transcription factor-like protein 1,NMR metabolomics,X23557.Triglycerides in Very Large HDL,40283,0.0941705636462675,0.00722180628730582,0.0800158233231481,0.108325303969387,1.39639068898605e-38
LZTFL1,Leucine zipper transcription factor-like protein 1,NMR metabolomics,X23558.Concentration of Large HDL Particles,40283,-0.0738879334924732,0.00815352662946609,-0.0898688456862267,-0.0579070212987197,1.49434787250551e-19
LZTFL1,Leucine zipper transcription factor-like protein 1,NMR metabolomics,X23559.Total Lipids in Large HDL,40283,-0.07348554623353,0.00816643202550979,-0.0894917530035291,-0.0574793394635308,2.66072491974288e-19
LZTFL1,Leucine zipper transcription factor-like protein 1,NMR metabolomics,X23560.Phospholipids in Large HDL,40283,-0.0649764913716183,0.00816649941601937,-0.0809828302270163,-0.0489701525162203,1.94240301478078e-15
LZTFL1,Leucine zipper transcription factor-like protein 1,NMR metabolomics,X23561.Cholesterol in Large HDL,40283,-0.0919721004311519,0.00806858797682851,-0.107786532865736,-0.0761576679965681,6.22154165404017e-30
LZTFL1,Leucine zipper transcription factor-like protein 1,NMR metabolomics,X23562.Cholesteryl Esters in Large HDL,40283,-0.0965696932601749,0.00804652251794065,-0.112340877395339,-0.0807985091250112,5.58877927222216e-33
LZTFL1,Leucine zipper transcription factor-like protein 1,NMR metabolomics,X23563.Free Cholesterol in Large HDL,40283,-0.0750129988007527,0.00809417947094078,-0.0908775905637966,-0.0591484070377088,2.25660830311658e-20
LZTFL1,Leucine zipper transcription factor-like protein 1,NMR metabolomics,X23564.Triglycerides in Large HDL,40283,0.0815064118010314,0.00744958320588166,0.0669052287175033,0.0961075948845594,1.01602026258664e-27
LZTFL1,Leucine zipper transcription factor-like protein 1,NMR metabolomics,X23565.Concentration of Medium HDL Particles,40283,0.00896024736339925,0.00765533554229999,-0.00604421029950872,0.0239647050263072,0.241841931364944
LZTFL1,Leucine zipper transcription factor-like protein 1,NMR metabolomics,X23566.Total Lipids in Medium HDL,40283,0.0187511159582936,0.00758471616457952,0.00388507227571772,0.0336171596408695,0.0134424345960764
LZTFL1,Leucine zipper transcription factor-like protein 1,NMR metabolomics,X23567.Phospholipids in Medium HDL,40283,0.030860064354594,0.00753275138179915,0.0160958716462676,0.0456242570629203,4.21906087935721e-05
LZTFL1,Leucine zipper transcription factor-like protein 1,NMR metabolomics,X23568.Cholesterol in Medium HDL,40283,-0.0137474061257334,0.00764528432622062,-0.0287321634051259,0.00123735115365897,0.0721796394268061
LZTFL1,Leucine zipper transcription factor-like protein 1,NMR metabolomics,X23569.Cholesteryl Esters in Medium HDL,40283,-0.0177260255590466,0.00760339499330952,-0.0326286797459333,-0.00282337137215996,0.0197537701647886
LZTFL1,Leucine zipper transcription factor-like protein 1,NMR metabolomics,X23570.Free Cholesterol in Medium HDL,40283,0.00281526793215486,0.00777883823568025,-0.0124312550097784,0.0180617908740882,0.717423436665144
LZTFL1,Leucine zipper transcription factor-like protein 1,NMR metabolomics,X23571.Triglycerides in Medium HDL,40283,0.123860774576359,0.00715600703230306,0.109835000793045,0.137886548359673,2.99458919915486e-66
LZTFL1,Leucine zipper transcription factor-like protein 1,NMR metabolomics,X23572.Concentration of Small HDL Particles,40283,0.0702814699559793,0.00694497324022654,0.0566693224051352,0.0838936175068233,5.73745353180664e-24
LZTFL1,Leucine zipper transcription factor-like protein 1,NMR metabolomics,X23573.Total Lipids in Small HDL,40283,0.0893449488095573,0.00697837093733204,0.0756673417723865,0.103022555846728,2.8902736335364e-37
LZTFL1,Leucine zipper transcription factor-like protein 1,NMR metabolomics,X23574.Phospholipids in Small HDL,40283,0.0892496358149824,0.00702376520394013,0.0754830560152598,0.103016215614705,9.77128499046268e-37
LZTFL1,Leucine zipper transcription factor-like protein 1,NMR metabolomics,X23575.Cholesterol in Small HDL,40283,0.0574469177974916,0.00695605075755189,0.0438130583126899,0.0710807772822933,1.64180786337353e-16
LZTFL1,Leucine zipper transcription factor-like protein 1,NMR metabolomics,X23576.Cholesteryl Esters in Small HDL,40283,0.0474375850047474,0.00692036554321153,0.0338736685400528,0.061001501469442,7.52142050281171e-12
LZTFL1,Leucine zipper transcription factor-like protein 1,NMR metabolomics,X23577.Free Cholesterol in Small HDL,40283,0.0799696787970241,0.00712422819702537,0.0660061915308544,0.0939331660631938,4.40817116909342e-29
LZTFL1,Leucine zipper transcription factor-like protein 1,NMR metabolomics,X23578.Triglycerides in Small HDL,40283,0.141491831820491,0.00727180683157961,0.127239090430595,0.155744573210387,6.02283647999246e-83
LZTFL1,Leucine zipper transcription factor-like protein 1,NMR metabolomics,X23579.Phospholipids to Total Lipids in Chylomicrons and Extremely Large VLDL percentage,39863,0.0384137387062611,0.00709651916089568,0.0245045611509056,0.0523229162616166,6.33062749062565e-08
LZTFL1,Leucine zipper transcription factor-like protein 1,NMR metabolomics,X23580.Cholesterol to Total Lipids in Chylomicrons and Extremely Large VLDL percentage,39863,-0.0187348720624045,0.00731787435540686,-0.033077905799002,-0.0043918383258071,0.0104762813714844
LZTFL1,Leucine zipper transcription factor-like protein 1,NMR metabolomics,X23581.Cholesteryl Esters to Total Lipids in Chylomicrons and Extremely Large VLDL percentage,39863,-0.000318726587821824,0.00723404214307164,-0.0144974491882422,0.0138599960125986,0.964857986704983
LZTFL1,Leucine zipper transcription factor-like protein 1,NMR metabolomics,X23582.Free Cholesterol to Total Lipids in Chylomicrons and Extremely Large VLDL percentage,39863,-0.0419209394206095,0.00734625624100204,-0.0563196016529735,-0.0275222771882455,1.18440993181773e-08
LZTFL1,Leucine zipper transcription factor-like protein 1,NMR metabolomics,X23583.Triglycerides to Total Lipids in Chylomicrons and Extremely Large VLDL percentage,39863,-0.000136179955148343,0.00726324853609458,-0.0143721470858937,0.014099787175597,0.985041545664087
LZTFL1,Leucine zipper transcription factor-like protein 1,NMR metabolomics,X23584.Phospholipids to Total Lipids in Very Large VLDL percentage,40187,0.0347001366189502,0.00705682252874202,0.0208687644626158,0.0485315087752846,8.90392300734472e-07
LZTFL1,Leucine zipper transcription factor-like protein 1,NMR metabolomics,X23585.Cholesterol to Total Lipids in Very Large VLDL percentage,40187,-0.0703469696970161,0.00737512358411475,-0.084802211921881,-0.0558917274721512,1.75615059316595e-21
LZTFL1,Leucine zipper transcription factor-like protein 1,NMR metabolomics,X23586.Cholesteryl Esters to Total Lipids in Very Large VLDL percentage,40187,-0.071899144992319,0.00739358085971363,-0.0863905634773577,-0.0574077265072803,2.9133284529571e-22
LZTFL1,Leucine zipper transcription factor-like protein 1,NMR metabolomics,X23587.Free Cholesterol to Total Lipids in Very Large VLDL percentage,40187,-0.0504214416347873,0.00728344104389304,-0.0646969860808177,-0.036145897188757,4.6764701321252e-12
LZTFL1,Leucine zipper transcription factor-like protein 1,NMR metabolomics,X23588.Triglycerides to Total Lipids in Very Large VLDL percentage,40187,0.0508337238166236,0.00725338868092913,0.0366170820020025,0.0650503656312447,2.55407605294923e-12
LZTFL1,Leucine zipper transcription factor-like protein 1,NMR metabolomics,X23589.Phospholipids to Total Lipids in Large VLDL percentage,40282,0.10297100594056,0.00720211148562263,0.0888548674287394,0.11708714445238,5.81897781401935e-46
LZTFL1,Leucine zipper transcription factor-like protein 1,NMR metabolomics,X23590.Cholesterol to Total Lipids in Large VLDL percentage,40282,-0.0163435525787221,0.00702577668615792,-0.0301140748835916,-0.00257303027385256,0.0200243673959258
LZTFL1,Leucine zipper transcription factor-like protein 1,NMR metabolomics,X23591.Cholesteryl Esters to Total Lipids in Large VLDL percentage,40282,-0.0411557309921181,0.00721052741091956,-0.0552883647175204,-0.0270230972667157,1.17431430142154e-08
LZTFL1,Leucine zipper transcription factor-like protein 1,NMR metabolomics,X23592.Free Cholesterol to Total Lipids in Large VLDL percentage,40282,0.0480178357411803,0.00692607673841084,0.034442725333895,0.0615929461484656,4.35194881662476e-12
LZTFL1,Leucine zipper transcription factor-like protein 1,NMR metabolomics,X23593.Triglycerides to Total Lipids in Large VLDL percentage,40282,-0.0286691849450654,0.00691561646497322,-0.0422237932164129,-0.0151145766737179,3.41488272933107e-05
LZTFL1,Leucine zipper transcription factor-like protein 1,NMR metabolomics,X23594.Phospholipids to Total Lipids in Medium VLDL percentage,40283,-0.0249294834456768,0.00703640479625786,-0.0387208368463422,-0.0111381300450114,0.000397335457662273
LZTFL1,Leucine zipper transcription factor-like protein 1,NMR metabolomics,X23595.Cholesterol to Total Lipids in Medium VLDL percentage,40283,-0.0648452868132782,0.00728387647214845,-0.0791216846986891,-0.0505688889278672,6.30453572854209e-19
LZTFL1,Leucine zipper transcription factor-like protein 1,NMR metabolomics,X23596.Cholesteryl Esters to Total Lipids in Medium VLDL percentage,40283,-0.0710873851288151,0.00735524456659768,-0.0855036644793465,-0.0566711057782836,5.19247369007907e-22
LZTFL1,Leucine zipper transcription factor-like protein 1,NMR metabolomics,X23597.Free Cholesterol to Total Lipids in Medium VLDL percentage,40283,-0.0457613258245965,0.00711601742263954,-0.05970871997297,-0.031813931676223,1.32198267635408e-10
LZTFL1,Leucine zipper transcription factor-like protein 1,NMR metabolomics,X23598.Triglycerides to Total Lipids in Medium VLDL percentage,40283,0.0564560509931317,0.00722225539124162,0.0423004304262982,0.0706116715599653,5.90113331811786e-15
LZTFL1,Leucine zipper transcription factor-like protein 1,NMR metabolomics,X23599.Phospholipids to Total Lipids in Small VLDL percentage,40283,-0.0604068566526985,0.00727779266815917,-0.0746713302822905,-0.0461423830231065,1.16017084762747e-16
LZTFL1,Leucine zipper transcription factor-like protein 1,NMR metabolomics,X23600.Cholesterol to Total Lipids in Small VLDL percentage,40283,-0.036017139777157,0.00710519238040523,-0.0499433168427513,-0.0220909627115628,4.06086416679204e-07
LZTFL1,Leucine zipper transcription factor-like protein 1,NMR metabolomics,X23601.Cholesteryl Esters to Total Lipids in Small VLDL percentage,40283,-0.0142875217190346,0.00697225288958992,-0.0279531373826309,-0.000621906055438402,0.0404663063924916
LZTFL1,Leucine zipper transcription factor-like protein 1,NMR metabolomics,X23602.Free Cholesterol to Total Lipids in Small VLDL percentage,40283,-0.0624882723587069,0.00730627880238472,-0.0768085788113809,-0.0481679659060328,1.36052539932501e-17
LZTFL1,Leucine zipper transcription factor-like protein 1,NMR metabolomics,X23603.Triglycerides to Total Lipids in Small VLDL percentage,40283,0.0439527459859235,0.00716508860601579,0.0299091723181326,0.0579963196537145,8.8455693654953e-10
LZTFL1,Leucine zipper transcription factor-like protein 1,NMR metabolomics,X23604.Phospholipids to Total Lipids in Very Small VLDL percentage,40283,0.0253277515819796,0.0071426770824334,0.0113281045004101,0.039327398663549,0.00039277680113217
LZTFL1,Leucine zipper transcription factor-like protein 1,NMR metabolomics,X23605.Cholesterol to Total Lipids in Very Small VLDL percentage,40283,-0.0685170874005681,0.00736877485085774,-0.0829598861082493,-0.0540742886928869,1.69408608515272e-20
LZTFL1,Leucine zipper transcription factor-like protein 1,NMR metabolomics,X23606.Cholesteryl Esters to Total Lipids in Very Small VLDL percentage,40283,-0.0709155117008043,0.00742797475246677,-0.0854743422156392,-0.0563566811859695,1.61365293317582e-21
LZTFL1,Leucine zipper transcription factor-like protein 1,NMR metabolomics,X23607.Free Cholesterol to Total Lipids in Very Small VLDL percentage,40283,-0.0345179722613835,0.00700262325078787,-0.0482431138329277,-0.0207928306898393,8.37226521948676e-07
LZTFL1,Leucine zipper transcription factor-like protein 1,NMR metabolomics,X23608.Triglycerides to Total Lipids in Very Small VLDL percentage,40283,0.0698994658042645,0.00733686997292652,0.0555192006573285,0.0842797309512005,1.95249130591688e-21
LZTFL1,Leucine zipper transcription factor-like protein 1,NMR metabolomics,X23609.Phospholipids to Total Lipids in IDL percentage,40283,-0.00828409045977897,0.0067372452054132,-0.0214890910623888,0.00492091014283089,0.218874477260208
LZTFL1,Leucine zipper transcription factor-like protein 1,NMR metabolomics,X23610.Cholesterol to Total Lipids in IDL percentage,40283,-0.0508148730091019,0.00712463303782652,-0.0647791537632419,-0.036850592254962,1.04869915989667e-12
LZTFL1,Leucine zipper transcription factor-like protein 1,NMR metabolomics,X23611.Cholesteryl Esters to Total Lipids in IDL percentage,40283,-0.0449719854872527,0.00712693482980966,-0.0589407777536796,-0.0310031932208257,2.89408813134792e-10
LZTFL1,Leucine zipper transcription factor-like protein 1,NMR metabolomics,X23612.Free Cholesterol to Total Lipids in IDL percentage,40283,-0.0338280415892688,0.00684056906165682,-0.0472355569501162,-0.0204205262284215,7.71769576108096e-07
LZTFL1,Leucine zipper transcription factor-like protein 1,NMR metabolomics,X23613.Triglycerides to Total Lipids in IDL percentage,40283,0.0689292262203658,0.00733841320058187,0.0545459363472254,0.0833125160935063,6.97558362897808e-21
LZTFL1,Leucine zipper transcription factor-like protein 1,NMR metabolomics,X23614.Phospholipids to Total Lipids in Large LDL percentage,40283,-0.0252685827996191,0.00682280735813957,-0.0386412852215726,-0.0118958803776655,0.000213638327852957
LZTFL1,Leucine zipper transcription factor-like protein 1,NMR metabolomics,X23615.Cholesterol to Total Lipids in Large LDL percentage,40283,-0.0578295292252755,0.00737922461052093,-0.0722928094618965,-0.0433662489886545,5.04405988340653e-15
LZTFL1,Leucine zipper transcription factor-like protein 1,NMR metabolomics,X23616.Cholesteryl Esters to Total Lipids in Large LDL percentage,40283,0.0146174110400746,0.00685978957431996,0.00117222347440752,0.0280625986057418,0.0331206931639893
LZTFL1,Leucine zipper transcription factor-like protein 1,NMR metabolomics,X23617.Free Cholesterol to Total Lipids in Large LDL percentage,40283,-0.0884608987367606,0.00734127385577513,-0.10284979549408,-0.0740720019794414,3.13460105980043e-33
LZTFL1,Leucine zipper transcription factor-like protein 1,NMR metabolomics,X23618.Triglycerides to Total Lipids in Large LDL percentage,40283,0.064577123836016,0.00735104843321163,0.0501690689069212,0.0789851787651109,1.79739025165147e-18
LZTFL1,Leucine zipper transcription factor-like protein 1,NMR metabolomics,X23619.Phospholipids to Total Lipids in Medium LDL percentage,40283,-0.0632274140333803,0.0069398814076141,-0.076829581592304,-0.0496252464744567,9.58581598802221e-20
LZTFL1,Leucine zipper transcription factor-like protein 1,NMR metabolomics,X23620.Cholesterol to Total Lipids in Medium LDL percentage,40283,-0.0144748648783476,0.00680793680301672,-0.0278184210122604,-0.0011313087444348,0.0335107203472295
LZTFL1,Leucine zipper transcription factor-like protein 1,NMR metabolomics,X23621.Cholesteryl Esters to Total Lipids in Medium LDL percentage,40283,0.0844345075334469,0.00698970025631433,0.0707346950310708,0.098134320035823,2.18648095060356e-33
LZTFL1,Leucine zipper transcription factor-like protein 1,NMR metabolomics,X23622.Free Cholesterol to Total Lipids in Medium LDL percentage,40283,-0.115530360535541,0.00745394771012465,-0.130140098047385,-0.100920623023696,1.27974682475496e-53
LZTFL1,Leucine zipper transcription factor-like protein 1,NMR metabolomics,X23623.Triglycerides to Total Lipids in Medium LDL percentage,40283,0.0544169987060602,0.00722222925506445,0.0402614293661338,0.0685725680459865,5.27738014460908e-14
LZTFL1,Leucine zipper transcription factor-like protein 1,NMR metabolomics,X23624.Phospholipids to Total Lipids in Small LDL percentage,40283,-0.121177484187916,0.00679981098862622,-0.134505113725624,-0.107849854650209,4.60957488429119e-70
LZTFL1,Leucine zipper transcription factor-like protein 1,NMR metabolomics,X23625.Cholesterol to Total Lipids in Small LDL percentage,40283,0.0318601209634647,0.00694292328733898,0.0182519913202803,0.0454682506066491,4.50559509734007e-06
LZTFL1,Leucine zipper transcription factor-like protein 1,NMR metabolomics,X23626.Cholesteryl Esters to Total Lipids in Small LDL percentage,40283,0.118133336988664,0.00681416694532075,0.104777569775836,0.131489104201493,1.87120594736555e-66
LZTFL1,Leucine zipper transcription factor-like protein 1,NMR metabolomics,X23627.Free Cholesterol to Total Lipids in Small LDL percentage,40283,-0.105141113876608,0.0073116523652356,-0.11947195251247,-0.0908102752407461,1.80865555450507e-46
LZTFL1,Leucine zipper transcription factor-like protein 1,NMR metabolomics,X23628.Triglycerides to Total Lipids in Small LDL percentage,40283,0.0954255963629516,0.007319650359621,0.0810790816580944,0.109772111067809,1.44867103278937e-38
LZTFL1,Leucine zipper transcription factor-like protein 1,NMR metabolomics,X23629.Phospholipids to Total Lipids in Very Large HDL percentage,40275,-0.0817967621726729,0.00763797847106769,-0.0967671999759656,-0.0668263243693802,1.24355052032455e-26
LZTFL1,Leucine zipper transcription factor-like protein 1,NMR metabolomics,X23630.Cholesterol to Total Lipids in Very Large HDL percentage,40275,-0.00460406572940544,0.00726240253070885,-0.0188383746895948,0.0096302432307839,0.526120639997643
LZTFL1,Leucine zipper transcription factor-like protein 1,NMR metabolomics,X23631.Cholesteryl Esters to Total Lipids in Very Large HDL percentage,40275,-0.04398352250817,0.00706290447168022,-0.0578268152726632,-0.0301402297436768,4.91420091724642e-10
LZTFL1,Leucine zipper transcription factor-like protein 1,NMR metabolomics,X23632.Free Cholesterol to Total Lipids in Very Large HDL percentage,40275,0.0678151826249645,0.00805700302675938,0.0520234566925161,0.0836069085574129,4.34000690997832e-17
LZTFL1,Leucine zipper transcription factor-like protein 1,NMR metabolomics,X23633.Triglycerides to Total Lipids in Very Large HDL percentage,40275,0.139268075363145,0.00755866955198898,0.124453083041246,0.154083067685043,1.07550850801247e-74
LZTFL1,Leucine zipper transcription factor-like protein 1,NMR metabolomics,X23634.Phospholipids to Total Lipids in Large HDL percentage,40283,0.0832682233263941,0.00744289832622703,0.0686801426069891,0.0978563040457991,6.69520355650277e-29
LZTFL1,Leucine zipper transcription factor-like protein 1,NMR metabolomics,X23635.Cholesterol to Total Lipids in Large HDL percentage,40283,-0.121830920677094,0.00765430300395019,-0.136833354564836,-0.106828486789352,2.04268159206028e-56
LZTFL1,Leucine zipper transcription factor-like protein 1,NMR metabolomics,X23636.Cholesteryl Esters to Total Lipids in Large HDL percentage,40283,-0.12410723511707,0.00769383887820182,-0.139187159318345,-0.109027310915794,7.05604398678072e-58
LZTFL1,Leucine zipper transcription factor-like protein 1,NMR metabolomics,X23637.Free Cholesterol to Total Lipids in Large HDL percentage,40283,-0.0508359943836865,0.00732554190290595,-0.0651940565133822,-0.0364779322539909,4.15280464999322e-12
LZTFL1,Leucine zipper transcription factor-like protein 1,NMR metabolomics,X23638.Triglycerides to Total Lipids in Large HDL percentage,40283,0.127828565699368,0.00757313372572031,0.112985223596956,0.14267190780178,3.91752477921359e-63
LZTFL1,Leucine zipper transcription factor-like protein 1,NMR metabolomics,X23639.Phospholipids to Total Lipids in Medium HDL percentage,40283,0.0837635998583603,0.00756901178306624,0.0689283367635505,0.0985988629531701,2.56110615614726e-28
LZTFL1,Leucine zipper transcription factor-like protein 1,NMR metabolomics,X23640.Cholesterol to Total Lipids in Medium HDL percentage,40283,-0.109964049103649,0.00746440900769501,-0.124594290758732,-0.0953338074485671,1.16056003167147e-48
LZTFL1,Leucine zipper transcription factor-like protein 1,NMR metabolomics,X23641.Cholesteryl Esters to Total Lipids in Medium HDL percentage,40283,-0.11254266604205,0.0073976073534477,-0.127041976454807,-0.0980433556292922,9.58352245255097e-52
LZTFL1,Leucine zipper transcription factor-like protein 1,NMR metabolomics,X23642.Free Cholesterol to Total Lipids in Medium HDL percentage,40283,-0.0428508466100452,0.00794555987350525,-0.0584241439621155,-0.0272775492579749,7.06921754495208e-08
LZTFL1,Leucine zipper transcription factor-like protein 1,NMR metabolomics,X23643.Triglycerides to Total Lipids in Medium HDL percentage,40283,0.118674163820332,0.00733865612681908,0.104290397811767,0.133057929828898,3.72244932575145e-58
LZTFL1,Leucine zipper transcription factor-like protein 1,NMR metabolomics,X23644.Phospholipids to Total Lipids in Small HDL percentage,40283,0.00655815550301557,0.0072350459241019,-0.00762253450822416,0.0207388455142553,0.36472120712152
LZTFL1,Leucine zipper transcription factor-like protein 1,NMR metabolomics,X23645.Cholesterol to Total Lipids in Small HDL percentage,40283,-0.0781968467397695,0.00718933760730376,-0.0922879484500849,-0.0641057450294541,2.04523530552004e-27
LZTFL1,Leucine zipper transcription factor-like protein 1,NMR metabolomics,X23646.Cholesteryl Esters to Total Lipids in Small HDL percentage,40283,-0.0720277028390034,0.00726441846604953,-0.0862659630324604,-0.0577894426455463,4.4625246985983e-23
LZTFL1,Leucine zipper transcription factor-like protein 1,NMR metabolomics,X23647.Free Cholesterol to Total Lipids in Small HDL percentage,40283,-0.022252770766998,0.00725273823563234,-0.0364681377088373,-0.00803740382515856,0.00215879957096194
LZTFL1,Leucine zipper transcription factor-like protein 1,NMR metabolomics,X23648.Triglycerides to Total Lipids in Small HDL percentage,40283,0.117937481677454,0.00741342264714521,0.10340717328905,0.132467790065859,2.31513069853136e-56
LZTFL1,Leucine zipper transcription factor-like protein 1,Working and living environment,X24003.Nitrogen dioxide air pollution; 2010,48668,0.00359262677870669,0.00592734072432261,-0.00802496104096562,0.015210214598379,0.544448070685384
LZTFL1,Leucine zipper transcription factor-like protein 1,Working and living environment,X24004.Nitrogen oxides air pollution; 2010,48668,-0.00131138266960298,0.00578314695450157,-0.0126463507004261,0.0100235853612201,0.820613251036715
LZTFL1,Leucine zipper transcription factor-like protein 1,Working and living environment,X24005.Particulate matter air pollution (pm10); 2010,47334,0.00635321202399192,0.00553647485902762,-0.00449827869970221,0.017204702747686,0.251182174836539
LZTFL1,Leucine zipper transcription factor-like protein 1,Working and living environment,X24006.Particulate matter air pollution (pm2.5); 2010,47334,-0.0023835564788076,0.00610234666016014,-0.0143441559327215,0.00957704297510627,0.69609995067195
LZTFL1,Leucine zipper transcription factor-like protein 1,Working and living environment,X24007.Particulate matter air pollution (pm2.5) absorbance; 2010,47334,0.0071074674061116,0.00591403213727582,-0.00448403558294901,0.0186989703951722,0.229457790224594
LZTFL1,Leucine zipper transcription factor-like protein 1,Working and living environment,X24008.Particulate matter air pollution 2.5-10um; 2010,47334,0.00635891635416485,0.0054258070320946,-0.00427566542874056,0.0169934981370703,0.241222029664104
LZTFL1,Leucine zipper transcription factor-like protein 1,Working and living environment,X24009.Traffic intensity on the nearest road,48668,-0.0262698976145082,0.0413086593303169,-0.107234869901929,0.0546950746729128,0.524821918083549
LZTFL1,Leucine zipper transcription factor-like protein 1,Working and living environment,X24010.Inverse distance to the nearest road,48668,-0.00264415229656219,0.00520824703590701,-0.0128523164869399,0.00756401189381555,0.611679561268036
LZTFL1,Leucine zipper transcription factor-like protein 1,Working and living environment,X24011.Traffic intensity on the nearest major road,48668,0.0116533365967504,0.00511284895087197,0.00163215265304138,0.0216745205404595,0.0226644238458506
LZTFL1,Leucine zipper transcription factor-like protein 1,Working and living environment,X24012.Inverse distance to the nearest major road,48668,-0.00501338106333469,0.00525201416643487,-0.015307328829547,0.00528056670287765,0.339810327595451
LZTFL1,Leucine zipper transcription factor-like protein 1,Working and living environment,X24013.Total traffic load on major roads,48668,-0.0657908292146661,0.0290875773620183,-0.122802480844222,-0.00877917758511024,0.0237195785133375
LZTFL1,Leucine zipper transcription factor-like protein 1,Working and living environment,X24015.Sum of road length of major roads within 100m,48668,-0.0292826334425136,0.0281505406990079,-0.084457693212569,0.0258924263275419,0.298252629674525
LZTFL1,Leucine zipper transcription factor-like protein 1,Working and living environment,X24016.Nitrogen dioxide air pollution; 2005,48668,0.00631289378757559,0.00591481459020256,-0.00528014280922143,0.0179059303843726,0.285848689631616
LZTFL1,Leucine zipper transcription factor-like protein 1,Working and living environment,X24017.Nitrogen dioxide air pollution; 2006,48668,0.00370150030289092,0.0059028248364407,-0.00786803637653286,0.0152710369823147,0.530618933319788
LZTFL1,Leucine zipper transcription factor-like protein 1,Working and living environment,X24018.Nitrogen dioxide air pollution; 2007,48668,0.00681437714366991,0.00583579728423705,-0.0046237855334347,0.0182525398207745,0.242947855872685
LZTFL1,Leucine zipper transcription factor-like protein 1,Working and living environment,X24019.Particulate matter air pollution (pm10); 2007,48617,0.017249595796328,0.00580459419437449,0.00587259117535399,0.028626600417302,0.00296504881393924
LZTFL1,Leucine zipper transcription factor-like protein 1,Working and living environment,X24020.Average daytime sound level of noise pollution,48668,0.00232261581438196,0.00521895615317529,-0.00790653824584161,0.0125517698746055,0.656299730890701
LZTFL1,Leucine zipper transcription factor-like protein 1,Working and living environment,X24021.Average evening sound level of noise pollution,48668,0.00234990486703705,0.00522055155133702,-0.00788237617358351,0.0125821859076576,0.652624755658665
LZTFL1,Leucine zipper transcription factor-like protein 1,Working and living environment,X24022.Average night-time sound level of noise pollution,48668,0.00232503886503791,0.00521855334016256,-0.00790332568168072,0.0125534034117565,0.65593941203225
LZTFL1,Leucine zipper transcription factor-like protein 1,Working and living environment,X24023.Average 16-hour sound level of noise pollution,48668,0.00230467331464428,0.0052195618150722,-0.00792566784289723,0.0125350144721858,0.658823131221865
LZTFL1,Leucine zipper transcription factor-like protein 1,Working and living environment,X24024.Average 24-hour sound level of noise pollution,48668,0.00232419212784299,0.0052196316880708,-0.00790628598077578,0.0125546702364618,0.656123126087836
LZTFL1,Leucine zipper transcription factor-like protein 1,Health and medical history,X2405.Number of children fathered,38390,0.0259234519124072,0.0326097461043241,-0.0379916504520681,0.0898385542768825,0.426657141312806
LZTFL1,Leucine zipper transcription factor-like protein 1,Working and living environment,"X24500.Greenspace percentage, buffer 1000m",46572,-0.000340013462119469,0.00610803897562594,-0.0123117698543463,0.0116317429301074,0.955608086679877
LZTFL1,Leucine zipper transcription factor-like protein 1,Working and living environment,"X24501.Domestic garden percentage, buffer 1000m",46572,0.000739255912366522,0.00549043083638077,-0.0100219885269398,0.0115005003516728,0.892894573285346
LZTFL1,Leucine zipper transcription factor-like protein 1,Working and living environment,"X24502.Water percentage, buffer 1000m",46572,-0.00908644951816803,0.00555977835091201,-0.0199836150859556,0.0018107160496195,0.102210070380235
LZTFL1,Leucine zipper transcription factor-like protein 1,Working and living environment,"X24503.Greenspace percentage, buffer 300m",46572,0.00177833508893356,0.00570920736923174,-0.00941171135476065,0.0129683815326278,0.75543533051194
LZTFL1,Leucine zipper transcription factor-like protein 1,Working and living environment,"X24504.Domestic garden percentage, buffer 300m",46572,-0.00226785878547359,0.00551545661530592,-0.0130781537514732,0.008542436180526,0.680943850105646
LZTFL1,Leucine zipper transcription factor-like protein 1,Working and living environment,"X24505.Water percentage, buffer 300m",46572,-0.0084501437089276,0.00562661022159624,-0.0194782997432562,0.00257801232540104,0.133162324416209
LZTFL1,Leucine zipper transcription factor-like protein 1,Working and living environment,"X24506.Natural environment percentage, buffer 1000m",48793,-0.00580074186918145,0.00581242153559359,-0.0171930880789449,0.00559160434058198,0.318296253462665
LZTFL1,Leucine zipper transcription factor-like protein 1,Working and living environment,"X24507.Natural environment percentage, buffer 300m",48793,-0.00338321198952154,0.00545430326380146,-0.0140736463865724,0.00730722240752932,0.535078649123509
LZTFL1,Leucine zipper transcription factor-like protein 1,Working and living environment,X24508.Distance (Euclidean) to coast,48793,0.031921878767272,0.00512350399413578,0.0218798109387658,0.0419639465957781,4.7449122057791e-10
LZTFL1,Leucine zipper transcription factor-like protein 1,Health and medical history,X2684.Years since last breast cancer screening  or  mammogram,34634,-0.0257573007259248,0.0376066809275301,-0.0994663953438839,0.0479517938920343,0.493428068321155
LZTFL1,Leucine zipper transcription factor-like protein 1,Health and medical history,X2704.Years since last cervical smear test,37151,-0.0354228563756335,0.0323377517626269,-0.0988048498303823,0.0279591370791153,0.273373463021105
LZTFL1,Leucine zipper transcription factor-like protein 1,Health and medical history,X2714.Age when periods started (menarche),39229,0.0488132716149895,0.0259143913403944,-0.00197893541218348,0.0996054786421625,0.0596431645472048
LZTFL1,Leucine zipper transcription factor-like protein 1,Health and medical history,X2734.Number of live births,39543,0.0265216633446524,0.0250722574344288,-0.0226199612268279,0.0756632879161328,0.290167166837855
LZTFL1,Leucine zipper transcription factor-like protein 1,Health and medical history,X2744.Birth weight of first child,37981,-0.0163456686604003,0.0267631152697062,-0.0688013745890245,0.036110037268224,0.541378535283996
LZTFL1,Leucine zipper transcription factor-like protein 1,Health and medical history,X2754.Age at first live birth,36916,-0.00919767659763063,0.00948723777067628,-0.0277926626281561,0.00939730943289488,0.332336675425528
LZTFL1,Leucine zipper transcription factor-like protein 1,Health and medical history,X2764.Age at last live birth,36891,-6.93618120040093e-05,0.00866563243651596,-0.0170540013875753,0.0169152777635673,0.993613815144682
LZTFL1,Leucine zipper transcription factor-like protein 1,Health and medical history,X2794.Age started oral contraceptive pill,35982,0.00895292858403762,0.0133584875421527,-0.0172297069985816,0.0351355641666568,0.502749748522184
LZTFL1,Leucine zipper transcription factor-like protein 1,Health and medical history,X2804.Age when last used oral contraceptive pill,35322,0.00185830393354267,0.0101643141902115,-0.0180637518792719,0.0217803597463572,0.854940360692962
LZTFL1,Leucine zipper transcription factor-like protein 1,Lifestyle factors,X2867.Age started smoking in former smokers,35196,-0.00215677455888575,0.00978433715205824,-0.0213340753769199,0.0170205262591484,0.825542735077169
LZTFL1,Leucine zipper transcription factor-like protein 1,Mental health,"X28735.Feeling anxious, nervous or on edge over the last 2 weeks",35073,0.0761481289224373,0.0429627266235982,-0.00805881525981512,0.16035507310469,0.0763761456842551
LZTFL1,Leucine zipper transcription factor-like protein 1,Mental health,X28736.Not being able to stop or control worrying over the last 2 weeks,35071,0.0721716921315406,0.0469680112470599,-0.0198856099126968,0.164228994175778,0.124441772894815
LZTFL1,Leucine zipper transcription factor-like protein 1,Mental health,X28737.Little interest or pleasure in doing things over the last 2 weeks,35081,0.0774902286091059,0.0492050297563991,-0.0189516297134363,0.173932086931648,0.115346291291738
LZTFL1,Leucine zipper transcription factor-like protein 1,Mental health,"X28738.Feeling down, depressed or hopeless over the last 2 weeks",35059,0.039158636476263,0.047860568285844,-0.0546480773639913,0.132965350316517,0.41328674880483
LZTFL1,Leucine zipper transcription factor-like protein 1,Mental health,X28739.Difficulty with standing for long periods,35085,-0.0396855151638949,0.0369055581812815,-0.112020409199207,0.0326493788714168,0.282272752626149
LZTFL1,Leucine zipper transcription factor-like protein 1,Mental health,X28740.Difficulty with taking care of household responsibilities,35108,0.0152938866827981,0.0409922689928485,-0.0650509605431849,0.095638733908781,0.709093367863062
LZTFL1,Leucine zipper transcription factor-like protein 1,Mental health,X28741.Difficulty learning a new task,35050,0.0772464366648625,0.0468782995516401,-0.014635030456352,0.169127903786077,0.0994457542286628
LZTFL1,Leucine zipper transcription factor-like protein 1,Mental health,X28742.Difficulty with joining in community activities,34832,0.0058996053153966,0.0506763855994952,-0.0934261104596139,0.105225321090407,0.907326015510947
LZTFL1,Leucine zipper transcription factor-like protein 1,Mental health,X28743.Difficulty with being emotionally affected by health problems,35079,0.0192982085976023,0.0420728362639095,-0.0631645504796602,0.101760967674865,0.646476827551243
LZTFL1,Leucine zipper transcription factor-like protein 1,Mental health,X28744.Difficulty with concentrating on doing something for ten minutes,35108,0.0689661413143958,0.0646659117623165,-0.0577790457397445,0.195711328368536,0.286241610529026
LZTFL1,Leucine zipper transcription factor-like protein 1,Lifestyle factors,X2887.Number of cigarettes previously smoked daily,34803,0.0459617173465637,0.0369992175382326,-0.0265567490283721,0.1184801837215,0.214201860848501
LZTFL1,Leucine zipper transcription factor-like protein 1,Lifestyle factors,X2897.Age stopped smoking,35193,0.0128502088966385,0.00920160831662348,-0.0051849434039435,0.0308853611972205,0.162610310283158
LZTFL1,Leucine zipper transcription factor-like protein 1,Mental health,X29001#0.Mental health conditions experienced by first degree blood relatives_None of the above,34478,-0.0259138060850511,0.0222896643659947,-0.0696015482424007,0.0177739360722985,0.245047206433292
LZTFL1,Leucine zipper transcription factor-like protein 1,Mental health,X29001#1.Mental health conditions experienced by first degree blood relatives_Depression,34478,0.0481228800077693,0.024926406148903,-0.000732876044080483,0.0969786360596192,0.053586177547443
LZTFL1,Leucine zipper transcription factor-like protein 1,Mental health,X29001#3.Mental health conditions experienced by first degree blood relatives_Schizophrenia,34478,0.0492836481512586,0.0840809490304898,-0.115515011948501,0.214082308251019,0.557802952063199
LZTFL1,Leucine zipper transcription factor-like protein 1,Mental health,X29001#4.Mental health conditions experienced by first degree blood relatives_Any other type of psychosis or psychotic illness,34478,-0.173675754210573,0.101310847550392,-0.372245015409342,0.0248935069881956,0.086534879874778
LZTFL1,Leucine zipper transcription factor-like protein 1,Mental health,X29001#5.Mental health conditions experienced by first degree blood relatives_A personality disorder,34478,0.0222993403040125,0.115957275387845,-0.204976919456163,0.249575600064188,0.847509500056918
LZTFL1,Leucine zipper transcription factor-like protein 1,Mental health,X29001#7.Mental health conditions experienced by first degree blood relatives_Attention deficit or attention deficit and hyperactivity disorder,34478,0.0426904154098214,0.0974722819770285,-0.148355257265154,0.233736088084797,0.661422362827042
LZTFL1,Leucine zipper transcription factor-like protein 1,Mental health,X29001#8.Mental health conditions experienced by first degree blood relatives_An anxiety disorder,34478,-0.0297852307572958,0.0411706658877344,-0.110479735897255,0.0509092743826635,0.469430823828714
LZTFL1,Leucine zipper transcription factor-like protein 1,Mental health,X29001#9.Mental health conditions experienced by first degree blood relatives_An eating disorder,34478,-0.0205573365679061,0.0710733811662524,-0.159861163653761,0.118746490517948,0.77240829806286
LZTFL1,Leucine zipper transcription factor-like protein 1,Mental health,X29002.Recent lack of interest or pleasure in doing things,34449,-0.0187534718454905,0.0499433226095383,-0.116642384160186,0.0791354404692045,0.707307467064773
LZTFL1,Leucine zipper transcription factor-like protein 1,Mental health,X29003.Recent feelings of depression,34438,-0.0948125120659922,0.0488153227209483,-0.190490544599051,0.000865520467066394,0.0521579764537357
LZTFL1,Leucine zipper transcription factor-like protein 1,Mental health,"X29004.Trouble falling or staying asleep, or sleeping too much",34451,0.000303734432171873,0.0378275874277583,-0.0738383369262343,0.0744458057905781,0.993593805550761
LZTFL1,Leucine zipper transcription factor-like protein 1,Mental health,X29005.Recent feelings of tiredness or low energy,34455,0.0231145397952057,0.0373531473216854,-0.0500976289552977,0.0963267085457091,0.536067653107965
LZTFL1,Leucine zipper transcription factor-like protein 1,Mental health,X29006.Recent poor appetite or overeating,34463,0.0401520018031319,0.0583752873320334,-0.0742635613676535,0.154567564973917,0.491593065912746
LZTFL1,Leucine zipper transcription factor-like protein 1,Mental health,X29007.Recent feelings of inadequacy,34434,-0.0903003529379296,0.0553492740622979,-0.198784930100034,0.0181842242241742,0.102852547158413
LZTFL1,Leucine zipper transcription factor-like protein 1,Mental health,X29008.Recent trouble concentrating on things,34462,0.0224532340694997,0.0532314917814496,-0.0818804898221415,0.126786957961141,0.673185606567386
LZTFL1,Leucine zipper transcription factor-like protein 1,Mental health,X29009.Recent changes in speed or amount of moving or speaking,34457,0.146623469598335,0.0900094302570049,-0.0297950137053942,0.323041952902065,0.103377341019886
LZTFL1,Leucine zipper transcription factor-like protein 1,Mental health,X29010.Recent thoughts of suicide or self-harm,34436,-0.128574007426523,0.102491069826645,-0.329456504286746,0.0723084894337011,0.209719963728237
LZTFL1,Leucine zipper transcription factor-like protein 1,Mental health,X29038#0.Substances taken for depression_None of options listed,35312,0.042530008882687,0.0435343734663613,-0.0427973631113811,0.127857380876755,0.328642737250607
LZTFL1,Leucine zipper transcription factor-like protein 1,Mental health,X29038#1.Substances taken for depression_Drugs or alcohol (more than once),35312,0.0214705055451248,0.107615882566148,-0.189456624284526,0.232397635374775,0.841870010058002
LZTFL1,Leucine zipper transcription factor-like protein 1,Mental health,X29038#2.Substances taken for depression_Medication prescribed to participant (for at least 2 weeks),35312,-0.0646061142651062,0.0446441358728168,-0.152108620575827,0.0228963920456147,0.147910209181879
LZTFL1,Leucine zipper transcription factor-like protein 1,Mental health,X29038#3.Substances taken for depression_Unprescribed medication (more than once),35312,-0.308223407181077,0.138531157509624,-0.57974447589994,-0.0367023384622138,0.0261216472137639
LZTFL1,Leucine zipper transcription factor-like protein 1,Mental health,X29039#1.Use of specific medications_Citalopram (sometimes called Cipramil),35312,0.0171341202028031,0.115457168515298,-0.209161930087182,0.243430170492788,0.882030101730195
LZTFL1,Leucine zipper transcription factor-like protein 1,Mental health,X29039#2.Use of specific medications_Fluoxetine (Prozac or Oxactin),35312,0.0392631202948827,0.12181087149621,-0.19948618783769,0.278012428427455,0.74721482813021
LZTFL1,Leucine zipper transcription factor-like protein 1,Mental health,X29039#3.Use of specific medications_Sertraline (Lustral),35312,-0.177610110330277,0.127363629631431,-0.427242824407882,0.0720226037473279,0.163213680217608
LZTFL1,Leucine zipper transcription factor-like protein 1,Mental health,X29039#5.Use of specific medications_Amitriptyline (Elavil),35312,0.0376354069535453,0.116999015375251,-0.191682663181947,0.266953477089037,0.747711535836091
LZTFL1,Leucine zipper transcription factor-like protein 1,Mental health,X29039#7.Use of specific medications_Other antidepressant(s),35312,-0.101461480959961,0.0776730395311723,-0.253700638441059,0.0507776765211368,0.191511964383905
LZTFL1,Leucine zipper transcription factor-like protein 1,Mental health,X29047#0.Activities undertaken to treat depression_None of options listed,35312,-0.0242510646024538,0.0400223829080347,-0.102694935102202,0.0541928058972943,0.544578703186997
LZTFL1,Leucine zipper transcription factor-like protein 1,Mental health,X29051#0.Manifestations of mania or irritability_None of options listed,35312,-0.019906733895513,0.0692503513220429,-0.155637422486717,0.115823954695691,0.773769552802195
LZTFL1,Leucine zipper transcription factor-like protein 1,Mental health,X29051#1.Manifestations of mania or irritability_More active than usual,35312,0.0416479962348848,0.109980558304953,-0.173913898042822,0.257209890512592,0.704934876107352
LZTFL1,Leucine zipper transcription factor-like protein 1,Mental health,X29051#2.Manifestations of mania or irritability_More confident than usual,35312,-0.138221911798317,0.149941135376895,-0.432106537137031,0.155662713540397,0.356647778603431
LZTFL1,Leucine zipper transcription factor-like protein 1,Mental health,X29051#3.Manifestations of mania or irritability_Easily distracted,35312,-0.209318234468342,0.109909429063866,-0.424740715433519,0.00610424649683544,0.0568970122400938
LZTFL1,Leucine zipper transcription factor-like protein 1,Mental health,X29051#4.Manifestations of mania or irritability_More creative or had more ideas than usual,35312,-0.0891512330163323,0.153341362230813,-0.389700302988726,0.211397836956061,0.560998621568436
LZTFL1,Leucine zipper transcription factor-like protein 1,Mental health,X29051#5.Manifestations of mania or irritability_Neded less sleep than usual,35312,-0.0904632611214144,0.144012487271077,-0.372727736172725,0.191801213929896,0.529920862936253
LZTFL1,Leucine zipper transcription factor-like protein 1,Mental health,X29051#6.Manifestations of mania or irritability_Thoughts were racing,35312,-0.189190165685389,0.0852573444338574,-0.356294560775749,-0.022085770595028,0.0265199872919947
LZTFL1,Leucine zipper transcription factor-like protein 1,Mental health,X29051#7.Manifestations of mania or irritability_More restless than usual,35312,-0.152136653499566,0.0834886642999146,-0.315774435527399,0.0115011285282661,0.0684668823488177
LZTFL1,Leucine zipper transcription factor-like protein 1,Mental health,X29051#8.Manifestations of mania or irritability_More talkative than usual,35312,-0.366289244729798,0.119919600289106,-0.601331661296445,-0.131246828163151,0.00226438689654325
LZTFL1,Leucine zipper transcription factor-like protein 1,Mental health,X29058.Recent feelings or nervousness or anxiety,34373,-0.0178213645445444,0.0449371471781357,-0.10589817301369,0.0702554439246015,0.691690419167162
LZTFL1,Leucine zipper transcription factor-like protein 1,Mental health,X29059.Recent inability to stop or control worrying,34385,0.0276176468490607,0.0457463171817007,-0.0620451348270726,0.117280428525194,0.546060852458656
LZTFL1,Leucine zipper transcription factor-like protein 1,Mental health,X29060.Recent worrying too much about different things,34383,-0.0198653591709456,0.0424910033328806,-0.103147725703392,0.0634170073615004,0.640148110567545
LZTFL1,Leucine zipper transcription factor-like protein 1,Mental health,X29061.Recent trouble relaxing,34381,0.0247155980276625,0.0459248819035746,-0.0652971705033437,0.114728366558669,0.590479718069089
LZTFL1,Leucine zipper transcription factor-like protein 1,Mental health,X29062.Recent restlessness,34396,0.0436863264974509,0.0673180733551067,-0.0882570972785582,0.17562975027346,0.516396830754674
LZTFL1,Leucine zipper transcription factor-like protein 1,Mental health,X29063.Recent easy annoyance or irritability,34367,-0.0307916334268194,0.0469471175908535,-0.122807983904892,0.0612247170512534,0.511931094454231
LZTFL1,Leucine zipper transcription factor-like protein 1,Mental health,X29064.Recent feelings of foreboding,34370,0.0442507210230636,0.0532309219280161,-0.0600818859558479,0.148583328001975,0.405844067331902
LZTFL1,Leucine zipper transcription factor-like protein 1,Mental health,X29065#1.Symptoms of panic attack_Heart was pounding or racing,35312,-0.0533703926476487,0.0506536615338676,-0.152651569254029,0.0459107839587318,0.29209237322956
LZTFL1,Leucine zipper transcription factor-like protein 1,Mental health,X29065#11.Symptoms of panic attack_Felt like things weren't real or detached from self,35312,-0.0575363553462781,0.0870671434553527,-0.228187956518769,0.113115245826213,0.508747881141563
LZTFL1,Leucine zipper transcription factor-like protein 1,Mental health,X29065#12.Symptoms of panic attack_Afraid of losing control or 'going crazy',35312,-0.0639513163523261,0.108791160278881,-0.277181990498933,0.149279357794281,0.55666434600361
LZTFL1,Leucine zipper transcription factor-like protein 1,Mental health,X29065#13.Symptoms of panic attack_Afraid I was going to die,35312,-0.176247203060525,0.10516235987029,-0.382365428406294,0.0298710222852434,0.0937984386689373
LZTFL1,Leucine zipper transcription factor-like protein 1,Mental health,X29065#2.Symptoms of panic attack_Sweating,35312,0.0228062381797784,0.0759916677111023,-0.126137430533982,0.171749906893539,0.764099646080044
LZTFL1,Leucine zipper transcription factor-like protein 1,Mental health,X29065#3.Symptoms of panic attack_Trembling or shaking,35312,0.0585893360712708,0.0836203285289156,-0.105306507845404,0.222485179987945,0.483542491474498
LZTFL1,Leucine zipper transcription factor-like protein 1,Mental health,X29065#6.Symptoms of panic attack_Pain or discomfort in chest,35312,0.0171915177608873,0.0836059578705902,-0.146676159665469,0.181059195187244,0.837090290256855
LZTFL1,Leucine zipper transcription factor-like protein 1,Mental health,X29065#7.Symptoms of panic attack_Nauseous or felt sick in the stomach,35312,0.00735088332821043,0.0830611868303387,-0.155449042859253,0.170150809515674,0.929482484333432
LZTFL1,Leucine zipper transcription factor-like protein 1,Mental health,X29065#9.Symptoms of panic attack_Felt hot or cold,35312,0.0784040661381998,0.106432180280024,-0.130203007210647,0.287011139487046,0.461358891054612
LZTFL1,Leucine zipper transcription factor-like protein 1,Mental health,X29076.Felt loved as a child,34366,0.0212116538322248,0.0393177833084339,-0.0558512014523057,0.0982745091167553,0.589570227014885
LZTFL1,Leucine zipper transcription factor-like protein 1,Mental health,X29077.Physically abused by family as a child,34387,-0.0125114979522047,0.0581010493093398,-0.126389554598511,0.101366558694101,0.829510465562784
LZTFL1,Leucine zipper transcription factor-like protein 1,Mental health,X29078.Felt hated by family member as a child,34373,0.109922091837378,0.0577230762675411,-0.00321513764700282,0.223059321321758,0.056926428936325
LZTFL1,Leucine zipper transcription factor-like protein 1,Mental health,X29079.Sexually molested as a child,34333,0.0953709637102484,0.0740719918797616,-0.0498101403740844,0.240552067794581,0.197962687117013
LZTFL1,Leucine zipper transcription factor-like protein 1,Mental health,X29080.Someone to take to doctor when needed as a child,34353,-0.0716454030720318,0.0534293322565848,-0.176366894294938,0.0330760881508744,0.179999767521941
LZTFL1,Leucine zipper transcription factor-like protein 1,Mental health,X29081.Stopped from seeing friends or family by partner or ex-partner as an adult,34377,0.0304133307433487,0.086602935504951,-0.139328422846355,0.200155084333053,0.725466621322607
LZTFL1,Leucine zipper transcription factor-like protein 1,Mental health,X29082.Belittlement by partner or ex-partner as an adult,34342,0.0291185478045168,0.0640658956935357,-0.0964506077548132,0.154687703363847,0.649481439820459
LZTFL1,Leucine zipper transcription factor-like protein 1,Mental health,X29083.Physical violence by partner or ex-partner as an adult,34381,-0.04005442349632,0.0747454543141882,-0.186555513952129,0.106446666959489,0.592066046318139
LZTFL1,Leucine zipper transcription factor-like protein 1,Mental health,X29084.Sexual interference by partner or ex-partner without consent as an adult,34369,-0.0502002600059614,0.103149106942065,-0.252372509612408,0.151971989600486,0.62650812171013
LZTFL1,Leucine zipper transcription factor-like protein 1,Mental health,X29085.Sexual intercourse by partner or ex-partner without consent as an adult,34370,-0.144460624075387,0.0952516987026825,-0.331153953532645,0.0422327053818707,0.129423751323821
LZTFL1,Leucine zipper transcription factor-like protein 1,Mental health,X29086.Experienced a violent or sexual assault,34384,-0.00196294116400172,0.0902298419148168,-0.178813431317043,0.174887548989039,0.982644306921658
LZTFL1,Leucine zipper transcription factor-like protein 1,Mental health,X29087.Experienced a life-threatening injury or illness,34381,-0.0126618434241245,0.0434215583574437,-0.0977680978047143,0.0724444109564652,0.770602077771892
LZTFL1,Leucine zipper transcription factor-like protein 1,Mental health,X29088.Experienced a marital separation or divorce,34381,0.0423094944994872,0.0438756430632469,-0.0436867659044767,0.128305754903451,0.33493808289954
LZTFL1,Leucine zipper transcription factor-like protein 1,Mental health,X29089.Experienced the death of a spouse or partner,34391,-0.0372444005324792,0.0477220031510062,-0.130779526708451,0.0562907256434929,0.435164518377397
LZTFL1,Leucine zipper transcription factor-like protein 1,Mental health,X29090.Experienced the death of a close friend or family member due to suicide,34379,0.000874638880996657,0.056479441481682,-0.1098250664231,0.111574344185093,0.987645074182751
LZTFL1,Leucine zipper transcription factor-like protein 1,Lifestyle factors,X29091.Frequency of drinking alcohol,34378,-0.0500502837774341,0.0350090474625785,-0.118668016804088,0.0185674492492197,0.152881080616561
LZTFL1,Leucine zipper transcription factor-like protein 1,Lifestyle factors,X29092.Amount of alcohol drunk on a typical drinking day,33741,-0.0707191706295415,0.0435201639544539,-0.156018691980271,0.0145803507211882,0.104237275719822
LZTFL1,Leucine zipper transcription factor-like protein 1,Lifestyle factors,X29093.Frequency of consuming six or more units of alcohol,33763,-0.0773147208794202,0.0454053981477904,-0.166309301249089,0.011679859490249,0.0886801236338883
LZTFL1,Leucine zipper transcription factor-like protein 1,Mental health,X29104.Ever used cannabis,34379,-0.0539433189499522,0.065037943785443,-0.181417688769421,0.0735310508695162,0.406908926648495
LZTFL1,Leucine zipper transcription factor-like protein 1,Mental health,X29108.Ever thought that life not worth living,34353,-0.0160524283262452,0.0479838819216124,-0.110100836892606,0.0779959802401152,0.73798727914702
LZTFL1,Leucine zipper transcription factor-like protein 1,Mental health,X29109.Ever contemplated self-harm,34372,0.0198313614703276,0.0717891781221595,-0.120875427649105,0.16053815058976,0.782371351582362
LZTFL1,Leucine zipper transcription factor-like protein 1,Mental health,X29111.Ever self-harmed,34379,-0.0949483215068539,0.130361848382278,-0.350457544336119,0.160560901322412,0.46643569099573
LZTFL1,Leucine zipper transcription factor-like protein 1,Diet and food preferences,X29132.Ever had recurrent episodes of excessive overeating or binge eating,34366,-0.0995430957390775,0.0741936414800013,-0.24496263303988,0.045876441561725,0.179763187951537
LZTFL1,Leucine zipper transcription factor-like protein 1,Diet and food preferences,X29136#1.Actions and feelings during periods of overeating or binge eating_Eaten much more rapidly than normal,35856,-0.0720845094812793,0.121410818885239,-0.310049714496347,0.165880695533788,0.552716927520546
LZTFL1,Leucine zipper transcription factor-like protein 1,Diet and food preferences,X29136#2.Actions and feelings during periods of overeating or binge eating_Eaten until feeling uncomfortably full,35856,-0.0863646888121674,0.0898783262001156,-0.262526208164394,0.0897968305400593,0.336633938562516
LZTFL1,Leucine zipper transcription factor-like protein 1,Diet and food preferences,X29136#3.Actions and feelings during periods of overeating or binge eating_Eaten large amounts of food when not physically hungry,35856,-0.00239849648024079,0.106452840081689,-0.211046063040351,0.206249070079869,0.98202500212162
LZTFL1,Leucine zipper transcription factor-like protein 1,Diet and food preferences,X29136#4.Actions and feelings during periods of overeating or binge eating_Eaten alone because of feeling embarrassed by overeating,35856,-0.0331196502319197,0.167063001495451,-0.360563133163003,0.294323832699164,0.842858280451486
LZTFL1,Leucine zipper transcription factor-like protein 1,Diet and food preferences,X29149.Dependency of self-esteem on body shape or weight currently,34359,-0.0813221917209304,0.0410520405618713,-0.161784191222198,-0.000860192219662617,0.0476494338958708
LZTFL1,Leucine zipper transcription factor-like protein 1,Health and medical history,X29153.Pain or discomfort today,34370,0.00604264193865657,0.0368302372885073,-0.0661446231468178,0.0782299070241309,0.869684480553074
LZTFL1,Leucine zipper transcription factor-like protein 1,Mental health,X29154.Anxiety or depression today,34370,0.031718946057044,0.0481047134311375,-0.0625662922679855,0.126004184382073,0.50968566912753
LZTFL1,Leucine zipper transcription factor-like protein 1,Mental health,X29166.Frequency of confiding in someone close,34211,0.0278193229181564,0.0367159527919325,-0.0441439445540314,0.0997825903903441,0.448671994968602
LZTFL1,Leucine zipper transcription factor-like protein 1,Lifestyle factors,X29167#0.Sports and social activities attended in person at least once a week_None of the above,34354,0.0211970666003871,0.0215954499749362,-0.0211300153504878,0.063524148551262,0.326366406595
LZTFL1,Leucine zipper transcription factor-like protein 1,Lifestyle factors,X29167#1.Sports and social activities attended in person at least once a week_Sports club or gym or fitness class,34354,-0.0253097098925118,0.0220760833316208,-0.0685788332224886,0.0179594134374649,0.251651222398807
LZTFL1,Leucine zipper transcription factor-like protein 1,Lifestyle factors,X29167#2.Sports and social activities attended in person at least once a week_Pub or social club,34354,0.0188835876968559,0.0274905794954115,-0.0349979481141507,0.0727651235078625,0.492169540184207
LZTFL1,Leucine zipper transcription factor-like protein 1,Lifestyle factors,X29167#3.Sports and social activities attended in person at least once a week_Religious group,34354,-0.0229069219007777,0.025508567126486,-0.0729037134686903,0.0270898696671348,0.369222669806987
LZTFL1,Leucine zipper transcription factor-like protein 1,Lifestyle factors,X29167#4.Sports and social activities attended in person at least once a week_Adult education class,34354,-0.0210496006822311,0.0429677146734388,-0.105266321442171,0.063167120077709,0.624230146501996
LZTFL1,Leucine zipper transcription factor-like protein 1,Lifestyle factors,X29167#5.Sports and social activities attended in person at least once a week_Other group activity,34354,-0.0136419067061697,0.0208871704512112,-0.0545807607905437,0.0272969473782042,0.513705612884919
LZTFL1,Leucine zipper transcription factor-like protein 1,Lifestyle factors,X29168#0.Sports and social activities attended virtually at least once a week_None of the above,34351,-0.0274343334474562,0.0223777750526265,-0.0712947725506041,0.0164261056556916,0.220268423331707
LZTFL1,Leucine zipper transcription factor-like protein 1,Lifestyle factors,X29168#1.Sports and social activities attended virtually at least once a week_Sports club or gym or fitness class,34351,-0.0144566135816525,0.0344703982316961,-0.0820185941157769,0.0531053669524718,0.674947046904554
LZTFL1,Leucine zipper transcription factor-like protein 1,Lifestyle factors,X29168#2.Sports and social activities attended virtually at least once a week_Pub or social club,34351,0.0474038165473336,0.0497387070473507,-0.0500840492654738,0.144891682360141,0.340605923927847
LZTFL1,Leucine zipper transcription factor-like protein 1,Lifestyle factors,X29168#3.Sports and social activities attended virtually at least once a week_Religious group,34351,0.077196341394506,0.0399664865991752,-0.00113797233987731,0.155530655128889,0.0534726623869283
LZTFL1,Leucine zipper transcription factor-like protein 1,Lifestyle factors,X29168#4.Sports and social activities attended virtually at least once a week_Adult education class,34351,0.0577519844329109,0.0663701320918594,-0.0723334744671335,0.187837443332955,0.384258820959797
LZTFL1,Leucine zipper transcription factor-like protein 1,Lifestyle factors,X29168#5.Sports and social activities attended virtually at least once a week_Other group activity,34351,0.042114351548129,0.0302887546946356,-0.0172516076533567,0.101480310749615,0.164458759970739
LZTFL1,Leucine zipper transcription factor-like protein 1,Mental health,X29171.Frequency of feeling 'in tune' with people,34267,0.0411459103268821,0.0471897228794411,-0.0513459465168224,0.133637767170587,0.383290436053798
LZTFL1,Leucine zipper transcription factor-like protein 1,Mental health,X29172.Freuency of feeling that lacks companionship,34337,-0.0585997202186676,0.0427594392191126,-0.142408221088128,0.025208780650793,0.170605955414263
LZTFL1,Leucine zipper transcription factor-like protein 1,Mental health,X29173.Frequency of feeling left out,34304,0.0206800020351922,0.0450515155317114,-0.0676209684069622,0.108980972477347,0.646232073422776
LZTFL1,Leucine zipper transcription factor-like protein 1,Mental health,X29174.Frequency of feeling isolated from others,34328,0.00711725268069147,0.0467542957847778,-0.084521167057473,0.0987556724188559,0.879014109818106
LZTFL1,Leucine zipper transcription factor-like protein 1,Mental health,X29175.Tendency to bounce back quickly after hard times,34366,0.0299185667483829,0.0370540319313664,-0.0427073358370953,0.102544469333861,0.419455478925371
LZTFL1,Leucine zipper transcription factor-like protein 1,Mental health,X29176.Ability to make it through stressful events,34366,-0.0584592644863549,0.0356897120925073,-0.128411100187669,0.0114925712149595,0.101485387802957
LZTFL1,Leucine zipper transcription factor-like protein 1,Mental health,X29177.Quick recovery from stressful events,34366,0.0260666891220419,0.0368173845794961,-0.0460953846537706,0.0982287628978543,0.478977503335927
LZTFL1,Leucine zipper transcription factor-like protein 1,Mental health,X29178.Hard to snap back when something bad happens,34366,-0.0135355691082555,0.0358164778117132,-0.0837358656192133,0.0566647274027023,0.705509569719395
LZTFL1,Leucine zipper transcription factor-like protein 1,Mental health,X29179.Comes through difficult times with little trouble,34366,0.0739633075811377,0.0367125236733009,0.00200676118146795,0.145919853980807,0.0439918193426224
LZTFL1,Leucine zipper transcription factor-like protein 1,Mental health,X29180.Tendency to take a long time to get over setbacks,34366,-0.00501051064429576,0.036131162141364,-0.0758275884413692,0.0658065671527777,0.889711900995614
LZTFL1,Leucine zipper transcription factor-like protein 1,Mental health,X29181.General happiness,34342,0.0397624008289895,0.0377266577844436,-0.0341818484285199,0.113706650086499,0.291950579884023
LZTFL1,Leucine zipper transcription factor-like protein 1,Mental health,X29182.Belief that own life is meaningful,34258,-0.0290125870538322,0.0376760253532996,-0.102857596746299,0.0448324226386351,0.441303597362935
LZTFL1,Leucine zipper transcription factor-like protein 1,Lifestyle factors,X2926.Number of unsuccessful stop-smoking attempts,34641,0.0121403286586306,0.0352092225968111,-0.0568697476311191,0.0811504049483803,0.73025401594072
LZTFL1,Leucine zipper transcription factor-like protein 1,Health and medical history,X2946.Father's age,30024,0.0146760988282053,0.050107244978574,-0.0835341013297996,0.11288629898621,0.769676575062676
LZTFL1,Leucine zipper transcription factor-like protein 1,Health and medical history,X2966.Age high blood pressure diagnosed,35588,-0.000784530024036644,0.00984292138346729,-0.0200766559356325,0.0185075958875592,0.936474379027728
LZTFL1,Leucine zipper transcription factor-like protein 1,Blood and urine assays,X30000.White blood cell (leukocyte) count,48283,0.131742382922496,0.00556207039824706,0.120840724941932,0.142644040903061,2.91715714281407e-122
LZTFL1,Leucine zipper transcription factor-like protein 1,Blood and urine assays,X30010.Red blood cell (erythrocyte) count,48284,0.0462968485535825,0.00600087760508923,0.0345351284476077,0.0580585686595574,1.26898406736596e-14
LZTFL1,Leucine zipper transcription factor-like protein 1,Blood and urine assays,X30020.Haemoglobin concentration,48284,0.0093069170123585,0.00648549724258068,-0.00340465758309963,0.0220184916078166,0.151293441839811
LZTFL1,Leucine zipper transcription factor-like protein 1,Blood and urine assays,X30030.Haematocrit percentage,48284,0.0268550982776374,0.00630192281305372,0.0145033295640521,0.0392068669912227,2.04111873298535e-05
LZTFL1,Leucine zipper transcription factor-like protein 1,Blood and urine assays,X30040.Mean corpuscular volume,48284,-0.0357237694568736,0.0054562515941369,-0.0464180225813819,-0.0250295163323653,6.00741733431194e-11
LZTFL1,Leucine zipper transcription factor-like protein 1,Blood and urine assays,X30050.Mean corpuscular haemoglobin,48284,-0.0524408287562793,0.00546494934280858,-0.0631521294681842,-0.0417295280443745,9.31928730917951e-22
LZTFL1,Leucine zipper transcription factor-like protein 1,Blood and urine assays,X30060.Mean corpuscular haemoglobin concentration,48284,-0.0409966404439554,0.00534887689992867,-0.0514804391678156,-0.0305128417200952,1.88050606556579e-14
LZTFL1,Leucine zipper transcription factor-like protein 1,Blood and urine assays,X30070.Red blood cell (erythrocyte) distribution width,48284,0.0126157247720433,0.00552006001626309,0.00179640714016769,0.023435042403919,0.0222983894276075
LZTFL1,Leucine zipper transcription factor-like protein 1,Blood and urine assays,X30080.Platelet count,48284,0.276236177906528,0.00504233973856793,0.266353192018935,0.286119163794121,0
LZTFL1,Leucine zipper transcription factor-like protein 1,Blood and urine assays,X30090.Platelet crit,48284,0.252595110531139,0.00521973697579374,0.242364426058583,0.262825795003695,0
LZTFL1,Leucine zipper transcription factor-like protein 1,Blood and urine assays,X30100.Mean platelet (thrombocyte) volume,48284,-0.115709111097591,0.00509662987404519,-0.125698505650719,-0.105719716544462,1.29153307419738e-112
LZTFL1,Leucine zipper transcription factor-like protein 1,Blood and urine assays,X30110.Platelet distribution width,48284,-0.0753501686970856,0.00534905122498921,-0.0858343090980645,-0.0648660282961068,7.69728137276485e-45
LZTFL1,Leucine zipper transcription factor-like protein 1,Blood and urine assays,X30120.Lymphocyte count,48252,0.0787195635174584,0.00526928109307137,0.0683917725750386,0.0890473544598783,3.51595461583782e-50
LZTFL1,Leucine zipper transcription factor-like protein 1,Blood and urine assays,X30130.Monocyte count,48252,0.0679644589184704,0.00542043997799538,0.0573403965615994,0.0785885212753414,6.36702783470298e-36
LZTFL1,Leucine zipper transcription factor-like protein 1,Blood and urine assays,X30140.Neutrophill count,48252,0.110071683833858,0.00553806690035257,0.0992170727091673,0.120926294958549,5.05010803648125e-87
LZTFL1,Leucine zipper transcription factor-like protein 1,Blood and urine assays,X30150.Eosinophill count,48252,0.0467096699793098,0.00532353409850449,0.036275543146241,0.0571437968123786,1.86399346707639e-18
LZTFL1,Leucine zipper transcription factor-like protein 1,Blood and urine assays,X30160.Basophill count,48252,0.142527067194334,0.0205275998379179,0.102292971512014,0.182761162876653,3.95679617554031e-12
LZTFL1,Leucine zipper transcription factor-like protein 1,Blood and urine assays,X30170.Nucleated red blood cell count,48252,0.0378127274835437,0.103522731799796,-0.165091826844056,0.240717281811143,0.714921283350621
LZTFL1,Leucine zipper transcription factor-like protein 1,Blood and urine assays,X30180.Lymphocyte percentage,48253,-0.0164246321305229,0.00528711296575157,-0.026787373543396,-0.00606189071764981,0.00189568163366903
LZTFL1,Leucine zipper transcription factor-like protein 1,Blood and urine assays,X30190.Monocyte percentage,48253,-0.0193384439299869,0.00537806238610732,-0.0298794462067572,-0.00879744165321654,0.000324211509675705
LZTFL1,Leucine zipper transcription factor-like protein 1,Blood and urine assays,X30200.Neutrophill percentage,48253,0.0191747523621515,0.00525907346210803,0.00886696837641972,0.0294825363478832,0.000267029089436079
LZTFL1,Leucine zipper transcription factor-like protein 1,Blood and urine assays,X30210.Eosinophill percentage,48253,0.00709655487563499,0.00530437319516146,-0.00330001658688146,0.0174931263381514,0.18095520433094
LZTFL1,Leucine zipper transcription factor-like protein 1,Blood and urine assays,X30220.Basophill percentage,48253,-0.0197714700174585,0.00529782929202517,-0.0301552154298279,-0.00938772460508921,0.000190521390271016
LZTFL1,Leucine zipper transcription factor-like protein 1,Blood and urine assays,X30230.Nucleated red blood cell percentage,48252,0.0370364166289056,0.103569015028592,-0.165958852827135,0.240031686084946,0.720645649482488
LZTFL1,Leucine zipper transcription factor-like protein 1,Blood and urine assays,X30240.Reticulocyte percentage,47927,0.0378707221837758,0.00572034032941917,0.0266588551381142,0.0490825892294373,3.68036797017634e-11
LZTFL1,Leucine zipper transcription factor-like protein 1,Blood and urine assays,X30250.Reticulocyte count,47927,0.0471509952072322,0.0058241680869973,0.0357356257567175,0.0585663646577469,6.03683003386818e-16
LZTFL1,Leucine zipper transcription factor-like protein 1,Blood and urine assays,X30260.Mean reticulocyte volume,47927,-0.0288040558394312,0.00536312297882038,-0.0393157768779191,-0.0182923348009433,7.93394678590192e-08
LZTFL1,Leucine zipper transcription factor-like protein 1,Blood and urine assays,X30270.Mean sphered cell volume,47927,-0.0164688467689881,0.00544312536802705,-0.0271373724903211,-0.0058003210476551,0.00248457790411076
LZTFL1,Leucine zipper transcription factor-like protein 1,Blood and urine assays,X30280.Immature reticulocyte fraction,47927,0.0149213618316612,0.00566650395004641,0.00381501408957021,0.0260277095737521,0.00846397427825471
LZTFL1,Leucine zipper transcription factor-like protein 1,Blood and urine assays,X30290.High light scatter reticulocyte percentage,47927,0.0348933000180481,0.00583486314382224,0.0234569682561565,0.0463296317799397,2.26992388573703e-09
LZTFL1,Leucine zipper transcription factor-like protein 1,Blood and urine assays,X30300.High light scatter reticulocyte count,47927,0.042592699242562,0.00591042944663783,0.0310082575271519,0.0541771409579722,5.9649960177516e-13
LZTFL1,Leucine zipper transcription factor-like protein 1,Blood and urine assays,X30500.Microalbumin in urine,35943,0.0221958243241379,0.00893939204634649,0.00467461591329877,0.039717032734977,0.0130550303342811
LZTFL1,Leucine zipper transcription factor-like protein 1,Blood and urine assays,X30510.Creatinine (enzymatic) in urine,48268,-0.00380095293266197,0.00590023356902991,-0.0153654107279606,0.00776350486263664,0.519451028338499
LZTFL1,Leucine zipper transcription factor-like protein 1,Blood and urine assays,X30520.Potassium in urine,48236,-0.0100023062542132,0.0055282091967637,-0.0208375962798701,0.000832983771443602,0.0704168752606484
LZTFL1,Leucine zipper transcription factor-like protein 1,Blood and urine assays,X30530.Sodium in urine,48219,-0.00861091990382701,0.00581390130449636,-0.0200061664606399,0.00278432665298586,0.138598748635956
LZTFL1,Leucine zipper transcription factor-like protein 1,Blood and urine assays,X30600.Albumin,46361,0.0506587746978429,0.00569326188882063,0.0394999813957545,0.0618175679999314,6.24095500230701e-19
LZTFL1,Leucine zipper transcription factor-like protein 1,Blood and urine assays,X30610.Alkaline phosphatase,47904,0.0500925877178222,0.00564221597264096,0.0390338444114459,0.0611513310241984,7.3985828659666e-19
LZTFL1,Leucine zipper transcription factor-like protein 1,Blood and urine assays,X30620.Alanine aminotransferase,47908,0.0252238510276261,0.00598530683345894,0.0134926496340466,0.0369550524212056,2.51733609801302e-05
LZTFL1,Leucine zipper transcription factor-like protein 1,Blood and urine assays,X30630.Apolipoprotein A,46237,-0.00171180359573004,0.00629068923034209,-0.0140415544872005,0.0106179472957405,0.785535340829448
LZTFL1,Leucine zipper transcription factor-like protein 1,Blood and urine assays,X30640.Apolipoprotein B,47823,0.0640210874184661,0.00520935192683013,0.0538107576418791,0.0742314171950532,1.40165065882589e-34
LZTFL1,Leucine zipper transcription factor-like protein 1,Blood and urine assays,X30650.Aspartate aminotransferase,47853,0.00713400856242054,0.00572973885455817,-0.00409627959251348,0.0183642967173545,0.213116357812009
LZTFL1,Leucine zipper transcription factor-like protein 1,Blood and urine assays,X30660.Direct bilirubin,45169,-0.0443333846756628,0.00603141509994326,-0.0561549582715516,-0.032511811079774,2.07158504291648e-13
LZTFL1,Leucine zipper transcription factor-like protein 1,Blood and urine assays,X30670.Urea,47896,-0.0166163749931022,0.00562575702685942,-0.0276428587657467,-0.00558989122045778,0.00314456480604839
LZTFL1,Leucine zipper transcription factor-like protein 1,Blood and urine assays,X30680.Calcium,46358,0.0742855461223446,0.00552846404138223,0.0634497566012354,0.0851213356434538,5.91801829242754e-41
LZTFL1,Leucine zipper transcription factor-like protein 1,Blood and urine assays,X30690.Cholesterol,47911,0.06417529506837,0.00527450358981905,0.0538372680323246,0.0745133221044153,6.25226085802e-34
LZTFL1,Leucine zipper transcription factor-like protein 1,Blood and urine assays,X30700.Creatinine,47904,-0.0349902197512393,0.00635666490795321,-0.0474492829708275,-0.022531156531651,3.75095435249034e-08
LZTFL1,Leucine zipper transcription factor-like protein 1,Blood and urine assays,X30710.C-reactive protein,47854,0.0715772008771722,0.00595211918378318,0.0599110472769572,0.0832433544773873,3.46242861454955e-33
LZTFL1,Leucine zipper transcription factor-like protein 1,Blood and urine assays,X30720.Cystatin C,47919,0.0152975433867233,0.00622548766816447,0.00309558755712091,0.0274994992163256,0.0140097488737126
LZTFL1,Leucine zipper transcription factor-like protein 1,Blood and urine assays,X30730.Gamma glutamyltransferase,47904,0.0642595800727104,0.0060222115098647,0.0524560455133756,0.0760631146320452,1.66839085528571e-26
LZTFL1,Leucine zipper transcription factor-like protein 1,Blood and urine assays,X30740.Glucose,46344,0.00832530632786329,0.00568472368525284,-0.00281675209523227,0.0194673647509589,0.143074344545173
LZTFL1,Leucine zipper transcription factor-like protein 1,Blood and urine assays,X30750.Glycated haemoglobin (HbA1c),47902,0.0395596188829012,0.0058056830562533,0.0281804800926447,0.0509387576731577,9.78471308416972e-12
LZTFL1,Leucine zipper transcription factor-like protein 1,Blood and urine assays,X30760.HDL cholesterol,46351,-0.0394256555454599,0.0064415228396973,-0.0520510403112666,-0.0268002707796532,9.52799560409405e-10
LZTFL1,Leucine zipper transcription factor-like protein 1,Blood and urine assays,X30770.IGF-1,47803,0.000470893624441182,0.0055466256298768,-0.0104004926101173,0.0113422798589997,0.932343939512316
LZTFL1,Leucine zipper transcription factor-like protein 1,Blood and urine assays,X30780.LDL direct,47867,0.0612548689004201,0.00516986791549273,0.0511219277860544,0.0713878100147858,2.86121711402416e-32
LZTFL1,Leucine zipper transcription factor-like protein 1,Blood and urine assays,X30790.Lipoprotein A,44116,0.011795859666741,0.00596026204946875,0.000113746049782208,0.0234779732836997,0.0478248942761815
LZTFL1,Leucine zipper transcription factor-like protein 1,Blood and urine assays,X30810.Phosphate,46327,0.0474549229408561,0.00592743148663371,0.035837157227054,0.0590726886546581,1.26051509031741e-15
LZTFL1,Leucine zipper transcription factor-like protein 1,Blood and urine assays,X30830.SHBG,46205,-0.0617817882437282,0.0068580101625881,-0.0752234881624009,-0.0483400883250555,2.30169703693157e-19
LZTFL1,Leucine zipper transcription factor-like protein 1,Blood and urine assays,X30840.Total bilirubin,47835,-0.0514377344015859,0.00582803209017243,-0.0628606772983238,-0.0400147915048479,1.1798742486291e-18
LZTFL1,Leucine zipper transcription factor-like protein 1,Blood and urine assays,X30850.Testosterone,45697,-0.0193050397088628,0.0091815129985628,-0.0373008051860459,-0.00130927423167972,0.0355159475720069
LZTFL1,Leucine zipper transcription factor-like protein 1,Blood and urine assays,X30860.Total protein,46344,0.130586651781099,0.00546716067746976,0.119871016853258,0.14130228670894,4.55528944552006e-124
LZTFL1,Leucine zipper transcription factor-like protein 1,Blood and urine assays,X30870.Triglycerides,47900,0.149613699409182,0.0059338183968677,0.137983415351321,0.161243983467042,5.66697579405206e-138
LZTFL1,Leucine zipper transcription factor-like protein 1,Blood and urine assays,X30880.Urate,47880,0.036390737236321,0.00657356011732009,0.0235065594063736,0.0492749150662684,3.13753735714834e-08
LZTFL1,Leucine zipper transcription factor-like protein 1,Blood and urine assays,X30890.Vitamin D,46960,-0.0339560470150698,0.00611065631943811,-0.0459329334011685,-0.0219791606289711,2.78619299423836e-08
LZTFL1,Leucine zipper transcription factor-like protein 1,Physical measures,X3137.Number of measurements made,46693,-0.0232234790624976,0.0242516436745513,-0.0707567006646182,0.024309742539623,0.338275543762579
LZTFL1,Leucine zipper transcription factor-like protein 1,Physical measures,X3143.Ankle spacing width,40251,-0.00205280318704624,0.00951398901078452,-0.0207002216481839,0.0165946152740914,0.829173490154465
LZTFL1,Leucine zipper transcription factor-like protein 1,Physical measures,"X3144.Heel Broadband ultrasound attenuation, direct entry",40251,-0.01361544568058,0.00741869223449863,-0.0281560824601973,0.000925191099037359,0.0664896957214881
LZTFL1,Leucine zipper transcription factor-like protein 1,Physical measures,X3146.Speed of sound through heel,40251,-0.0213234304451514,0.00713171852988995,-0.0353015987637357,-0.0073452621265671,0.00279643869287694
LZTFL1,Leucine zipper transcription factor-like protein 1,Physical measures,"X3147.Heel quantitative ultrasound index (QUI), direct entry",40251,-0.0193149588331772,0.00721433630370193,-0.033455057988433,-0.00517485967792141,0.00743272195458722
LZTFL1,Leucine zipper transcription factor-like protein 1,Physical measures,X3148.Heel bone mineral density (BMD),40240,-0.0200556119761914,0.0072327624992597,-0.0342318264747404,-0.00587939747764236,0.00556550461894102
LZTFL1,Leucine zipper transcription factor-like protein 1,Health and medical history,X3526.Mother's age at death,45479,-0.00782956373193425,0.00553476173312591,-0.018677696728861,0.00301856926499253,0.157200169100767
LZTFL1,Leucine zipper transcription factor-like protein 1,Health and medical history,X3581.Age at menopause (last menstrual period),37173,0.00775732020369749,0.00774525246390377,-0.00742337462555389,0.0229380150329489,0.316587443131885
LZTFL1,Leucine zipper transcription factor-like protein 1,Health and medical history,"X3761.Age hay fever, rhinitis or eczema diagnosed",32277,-0.00378497390637683,0.0121711605191927,-0.0276404485239945,0.0200705007112408,0.755837698692284
LZTFL1,Leucine zipper transcription factor-like protein 1,Physical measures,X4100.Ankle spacing width (left),35708,-0.0112224941418069,0.0118950874741444,-0.03453686559113,0.0120918773075162,0.345482593485889
LZTFL1,Leucine zipper transcription factor-like protein 1,Physical measures,X4101.Heel broadband ultrasound attenuation (left),35705,-0.00579537902424171,0.0093238865542038,-0.0240701966704812,0.0124794386219977,0.534251291207269
LZTFL1,Leucine zipper transcription factor-like protein 1,Physical measures,X4103.Speed of sound through heel (left),35708,0.00478525721803636,0.00892406606507087,-0.0127059122695025,0.0222764267055753,0.591825247431126
LZTFL1,Leucine zipper transcription factor-like protein 1,Physical measures,"X4104.Heel quantitative ultrasound index (QUI), direct entry (left)",35708,0.000602351750887771,0.00904206800854924,-0.0171201015458687,0.0183248050476443,0.946888981374901
LZTFL1,Leucine zipper transcription factor-like protein 1,Physical measures,X4105.Heel bone mineral density (BMD) (left),35705,4.63613807367282e-05,0.00903205220242238,-0.0176564609360111,0.0177491836974846,0.9959046464389
LZTFL1,Leucine zipper transcription factor-like protein 1,Physical measures,"X4106.Heel bone mineral density (BMD) T-score, automated (left)",35708,0.000609576310773045,0.00904207366075023,-0.0171128880642974,0.0183320406858435,0.94625296439422
LZTFL1,Leucine zipper transcription factor-like protein 1,Physical measures,X4119.Ankle spacing width (right),35704,-0.011178799037351,0.0117524550223375,-0.0342136108811325,0.0118560128064305,0.341544051623067
LZTFL1,Leucine zipper transcription factor-like protein 1,Physical measures,X4120.Heel broadband ultrasound attenuation (right),35703,-0.00632319259292353,0.0092282234530217,-0.0244105105608461,0.011764125374999,0.493241174729944
LZTFL1,Leucine zipper transcription factor-like protein 1,Physical measures,X4122.Speed of sound through heel (right),35704,0.00221200633568054,0.00882874221890925,-0.0150923284133816,0.0195163410847427,0.802173017249046
LZTFL1,Leucine zipper transcription factor-like protein 1,Physical measures,"X4123.Heel quantitative ultrasound index (QUI), direct entry (right)",35704,-0.000599691181983809,0.00894689136863659,-0.0181355982645115,0.0169362159005439,0.946561564551021
LZTFL1,Leucine zipper transcription factor-like protein 1,Physical measures,X4124.Heel bone mineral density (BMD) (right),35700,0.00131104774396653,0.00893537458380303,-0.0162022864402874,0.0188243819282205,0.883353197533193
LZTFL1,Leucine zipper transcription factor-like protein 1,Physical measures,"X4125.Heel bone mineral density (BMD) T-score, automated (right)",35704,-0.000600699565288515,0.00894689100800372,-0.0181366059409758,0.0169352068103988,0.946471840284372
LZTFL1,Leucine zipper transcription factor-like protein 1,Physical measures,X4194.Pulse rate,36011,0.0390110214899169,0.00848197490088808,0.0223863506841762,0.0556356922956575,4.31599476544501e-06
LZTFL1,Leucine zipper transcription factor-like protein 1,Physical measures,X4195.Pulse wave reflection index,36011,-0.00256831447939361,0.00915915560757685,-0.0205202594702442,0.015383630511457,0.779171838485441
LZTFL1,Leucine zipper transcription factor-like protein 1,Physical measures,X4196.Pulse wave peak to peak time,36005,-0.0153895917353425,0.00839976815562958,-0.0318531373203765,0.00107395384969145,0.0669734876171453
LZTFL1,Leucine zipper transcription factor-like protein 1,Physical measures,X4198.Position of the pulse wave peak,36011,0.019614473633817,0.00892094783386112,0.00212941587944918,0.0370995313881848,0.0279328533934304
LZTFL1,Leucine zipper transcription factor-like protein 1,Physical measures,X4199.Position of pulse wave notch,36011,0.0233368191119216,0.00853127881819452,0.00661551262826038,0.0400581255955829,0.0062457711739198
LZTFL1,Leucine zipper transcription factor-like protein 1,Physical measures,X4200.Position of the shoulder on the pulse waveform,36011,0.0237428137561628,0.00877578441801699,0.00654227629684955,0.0409433512154761,0.00683729121748405
LZTFL1,Leucine zipper transcription factor-like protein 1,Physical measures,X4269.Number of triplets attempted (left),35855,-0.131370518484291,0.0934088747319268,-0.314451912958867,0.0517108759902854,0.159651247494571
LZTFL1,Leucine zipper transcription factor-like protein 1,Physical measures,X4270.Volume level set by participant (left),35779,-0.00312181276170695,0.0323297948329303,-0.0664882106342502,0.0602445851108363,0.923077589693627
LZTFL1,Leucine zipper transcription factor-like protein 1,Physical measures,X4276.Number of triplets attempted (right),35852,-0.159844370706701,0.0905078620202193,-0.337239780266331,0.0175510388529292,0.0774278824205698
LZTFL1,Leucine zipper transcription factor-like protein 1,Physical measures,X4277.Volume level set by participant (right),35772,0.00546764975249584,0.0323893546574767,-0.0580154853761585,0.0689507848811502,0.865951217180571
LZTFL1,Leucine zipper transcription factor-like protein 1,Cognitive function,X4288.Time to answer,36017,0.0219049826882367,0.0100778648984975,0.00215236748718163,0.0416575978892919,0.0297714359008089
LZTFL1,Leucine zipper transcription factor-like protein 1,Cognitive function,X4290.Duration screen displayed,36017,0.0224503206477006,0.00942878079720513,0.00396991028517855,0.0409307310102227,0.0172910319213452
LZTFL1,Leucine zipper transcription factor-like protein 1,Physical measures,X46.Hand grip strength (left),48786,-0.015314300889564,0.00762229132579908,-0.0302539918881302,-0.000374609890997812,0.044535276665289
LZTFL1,Leucine zipper transcription factor-like protein 1,Physical measures,X47.Hand grip strength (right),48807,-0.0150480766515817,0.00758842311148411,-0.0299213859500905,-0.000174767353072808,0.0473779166400481
LZTFL1,Leucine zipper transcription factor-like protein 1,Physical measures,X48.Waist circumference,48865,0.0813793868142395,0.0115171743390048,0.0588057251097901,0.103953048518689,1.6489393458786e-12
LZTFL1,Leucine zipper transcription factor-like protein 1,Health and medical history,X4803.Tinnitus,35932,0.00425538576424272,0.036318171426421,-0.0669282302315425,0.0754390017600279,0.906729147198318
LZTFL1,Leucine zipper transcription factor-like protein 1,Working and living environment,X4825.Noisy workplace,36007,0.0521614364532667,0.0418364388042761,-0.0298379836031144,0.134160856509648,0.212515778935856
LZTFL1,Leucine zipper transcription factor-like protein 1,Working and living environment,X4836.Loud music exposure frequency,35960,0.032997323776583,0.0702462751481384,-0.104685375513768,0.170680023066934,0.638557571557268
LZTFL1,Leucine zipper transcription factor-like protein 1,Physical measures,X49.Hip circumference,48860,-0.0313148519708098,0.00936899008739107,-0.0496780725420963,-0.0129516313995233,0.000832140668383358
LZTFL1,Leucine zipper transcription factor-like protein 1,Physical measures,X50.Standing height,48846,-0.0232692170773834,0.00741957244533373,-0.0378115790702375,-0.00872685508452931,0.00171408478287085
LZTFL1,Leucine zipper transcription factor-like protein 1,Health and medical history,X5057.Number of older siblings,34967,0.0432010782263552,0.0351561506351031,-0.0257049770184469,0.112107133471157,0.219184093911801
LZTFL1,Leucine zipper transcription factor-like protein 1,Physical measures,X51.Seated height,48773,-0.0226330382597486,0.00694422643017766,-0.0362437220628968,-0.00902235445660035,0.00111893872647355
LZTFL1,Leucine zipper transcription factor-like protein 1,Eye measures,X5181.Ever had eye surgery,33797,-0.0217298644870952,0.0741931473527284,-0.167148433298443,0.123688704324252,0.769625276120738
LZTFL1,Leucine zipper transcription factor-like protein 1,Eye measures,X5186.Duration visual-acuity screen displayed (right),33784,0.00557806395067385,0.0100071209020058,-0.0140358930172575,0.0251920209186052,0.577274878041138
LZTFL1,Leucine zipper transcription factor-like protein 1,Eye measures,X5188.Duration visual-acuity screen displayed (left),33783,0.0109983109755788,0.0104187133811374,-0.00942236725145052,0.0314189892026081,0.291192659856351
LZTFL1,Leucine zipper transcription factor-like protein 1,Eye measures,X5190.Duration at which refractometer first shown (right),33723,0.00553020164104778,0.0106954868408005,-0.0154329525669213,0.0264933558490168,0.605139967160288
LZTFL1,Leucine zipper transcription factor-like protein 1,Eye measures,X5193.Duration at which refractometer first shown (left),33721,0.0128039214860938,0.0107946591182275,-0.00835361038563212,0.0339614533578197,0.235631294422054
LZTFL1,Leucine zipper transcription factor-like protein 1,Eye measures,"X5199.logMAR, initial (right)",33769,0.0340630612195194,0.0418144999504103,-0.0478933586832849,0.116019481122324,0.415330444005552
LZTFL1,Leucine zipper transcription factor-like protein 1,Eye measures,X5200.Final number of letters displayed (right),33769,-0.24025016973037,0.255405037955965,-0.740844044124061,0.260343704663322,0.34692706887835
LZTFL1,Leucine zipper transcription factor-like protein 1,Eye measures,"X5201.logMAR, final (right)",33716,0.00266315804741348,0.011193821268596,-0.0192767316390347,0.0246030477338617,0.811959181763491
LZTFL1,Leucine zipper transcription factor-like protein 1,Eye measures,X5202.Number of rounds to result (right),33769,0.0885479998565955,0.0390548612657358,0.0120004717757534,0.165095527937438,0.0234201760379444
LZTFL1,Leucine zipper transcription factor-like protein 1,Eye measures,"X5206.logMAR, initial (left)",33765,0.0567807223939588,0.0419505697990039,-0.0254423944120889,0.139003839200006,0.175958124247487
LZTFL1,Leucine zipper transcription factor-like protein 1,Eye measures,X5207.Final number of letters displayed (left),33765,-0.0698884724291715,0.223274892956656,-0.507507262624217,0.367730317765874,0.754283274295591
LZTFL1,Leucine zipper transcription factor-like protein 1,Eye measures,"X5208.logMAR, final (left)",33718,0.00899812205066911,0.0110710650558764,-0.0127011654588486,0.0306974095601868,0.416398274412591
LZTFL1,Leucine zipper transcription factor-like protein 1,Eye measures,X5209.Number of rounds to result (left),33763,0.0436224096311258,0.0386653586378083,-0.0321616932989786,0.11940651256123,0.259293184312239
LZTFL1,Leucine zipper transcription factor-like protein 1,Eye measures,"X5254.Intra-ocular pressure, corneal-compensated (right)",33554,0.0192460518669113,0.0104003843435424,-0.00113870144643178,0.0396308051802543,0.0643071726760423
LZTFL1,Leucine zipper transcription factor-like protein 1,Eye measures,"X5255.Intra-ocular pressure, Goldmann-correlated (right)",33554,0.0265432916690593,0.0105086167690071,0.00594640280180535,0.0471401805363133,0.0115766897085119
LZTFL1,Leucine zipper transcription factor-like protein 1,Eye measures,X5256.Corneal hysteresis (right),33554,0.00958090102442522,0.0104767385503208,-0.0109535065342036,0.030115308583054,0.360508577033217
LZTFL1,Leucine zipper transcription factor-like protein 1,Eye measures,X5257.Corneal resistance factor (right),33554,0.0216946787143539,0.0105544610756083,0.00100793500616168,0.0423814224225461,0.0398903115712654
LZTFL1,Leucine zipper transcription factor-like protein 1,Eye measures,"X5262.Intra-ocular pressure, corneal-compensated (left)",33543,0.0278188256333105,0.0104525823797191,0.00733176416906117,0.0483058870975599,0.00780953590988482
LZTFL1,Leucine zipper transcription factor-like protein 1,Eye measures,"X5263.Intra-ocular pressure, Goldmann-correlated (left)",33543,0.0279860842433417,0.0105014032959089,0.00740333378336031,0.0485688347033231,0.00772761104394384
LZTFL1,Leucine zipper transcription factor-like protein 1,Eye measures,X5264.Corneal hysteresis (left),33543,-0.003202262524463,0.0106686711919133,-0.0241128580606131,0.0177083330116871,0.764072736090561
LZTFL1,Leucine zipper transcription factor-like protein 1,Eye measures,X5265.Corneal resistance factor (left),33543,0.0132598297283166,0.0106677449978644,-0.00764895046749765,0.0341686099241308,0.213940965817767
LZTFL1,Leucine zipper transcription factor-like protein 1,Lifestyle factors,X5364.Average weekly intake of other alcoholic drinks,33866,-0.068022624721856,0.222801421714324,-0.504713411281931,0.368668161838219,0.760146662923407
LZTFL1,Leucine zipper transcription factor-like protein 1,Diet and food preferences,"X6144#1.Never eat eggs, dairy, wheat, sugar_Eggs or foods containing eggs",48820,-0.00969260857014797,0.02806124346708,-0.0646926457656247,0.0453074286253288,0.729790546266186
LZTFL1,Leucine zipper transcription factor-like protein 1,Diet and food preferences,"X6144#2.Never eat eggs, dairy, wheat, sugar_Dairy products",48820,-0.0677386246494475,0.0300773542085804,-0.126690238898265,-0.00878701040062987,0.0243239861435878
LZTFL1,Leucine zipper transcription factor-like protein 1,Diet and food preferences,"X6144#3.Never eat eggs, dairy, wheat, sugar_Wheat products",48820,0.0089126606557408,0.0796803117730963,-0.147260750419528,0.16508607173101,0.910939328424214
LZTFL1,Leucine zipper transcription factor-like protein 1,Diet and food preferences,"X6144#4.Never eat eggs, dairy, wheat, sugar_Sugar or foods or drinks containing sugar",48820,-0.0245709218630278,0.0121084591575034,-0.0483035018117344,-0.000838341914321219,0.042447721239437
LZTFL1,Leucine zipper transcription factor-like protein 1,Diet and food preferences,"X6144#5.Never eat eggs, dairy, wheat, sugar_I eat all of the above",48820,0.0261745455439557,0.0113982370912903,0.00383400084502672,0.0485150902428846,0.0216653400724216
LZTFL1,Leucine zipper transcription factor-like protein 1,Mental health,"X6145#3.Illness, injury, bereavement, stress in last 2 years_Death of a close relative",36887,0.00397029524210957,0.0164532454495185,-0.0282780658389467,0.0362186563231658,0.809323054517408
LZTFL1,Leucine zipper transcription factor-like protein 1,Mental health,"X6145#4.Illness, injury, bereavement, stress in last 2 years_Death of a spouse or partner",36887,0.0453230933542013,0.0348236461231836,-0.0229312530472385,0.113577439755641,0.193125179702921
LZTFL1,Leucine zipper transcription factor-like protein 1,Mental health,"X6145#5.Illness, injury, bereavement, stress in last 2 years_Marital separation or divorce",36887,-0.0140707123688909,0.0429648080485568,-0.0982817361440622,0.0701403114062805,0.743303270335814
LZTFL1,Leucine zipper transcription factor-like protein 1,Mental health,"X6145#6.Illness, injury, bereavement, stress in last 2 years_Financial difficulties",36887,0.0158081946509705,0.023458674342414,-0.0301708070601609,0.0617871963621019,0.500411562595666
LZTFL1,Leucine zipper transcription factor-like protein 1,Eye measures,X6147#1.Reason for glasses or contact lenses_For short-sightedness,48879,-0.0299248362034751,0.0234000420793054,-0.0757889186789136,0.0159392462719635,0.200969588517883
LZTFL1,Leucine zipper transcription factor-like protein 1,Eye measures,X6147#2.Reason for glasses or contact lenses_For long-sightedness,48879,-0.0299248362034751,0.0234000420793054,-0.0757889186789136,0.0159392462719635,0.200969588517883
LZTFL1,Leucine zipper transcription factor-like protein 1,Eye measures,X6147#3.Reason for glasses or contact lenses_For just reading or near work as you are getting older (called 'presbyopia'),48879,0.0448056949066904,0.0188800101321586,0.00780087504765947,0.0818105147657213,0.0176451302982181
LZTFL1,Leucine zipper transcription factor-like protein 1,Eye measures,X6147#4.Reason for glasses or contact lenses_For 'astigmatism',48879,-0.0420986290306869,0.0321725272612476,-0.105156782462732,0.0209595244013584,0.190709810931694
LZTFL1,Leucine zipper transcription factor-like protein 1,Eye measures,X6147#5.Reason for glasses or contact lenses_For a 'squint' or 'turn' in an eye since childhood (called 'strabismus'),48879,0.113172252597708,0.0808179338138465,-0.0452308976774316,0.271575402872847,0.161428521876074
LZTFL1,Leucine zipper transcription factor-like protein 1,Eye measures,X6147#6.Reason for glasses or contact lenses_For a 'lazy' eye or an eye with poor vision since childhood (called 'amblyopia'),48879,0.0355104780675464,0.0528509844916222,-0.0680774515360331,0.139098407671126,0.501656431143857
LZTFL1,Leucine zipper transcription factor-like protein 1,Eye measures,X6147#7.Reason for glasses or contact lenses_Other eye condition,48879,0.186767298058792,0.0857806006328651,0.0186373208183767,0.354897275299208,0.0294724653586351
LZTFL1,Leucine zipper transcription factor-like protein 1,Health and medical history,X6149#1.Mouth or teeth dental problems_Mouth ulcers,48820,0.0326652811943227,0.0174374033648467,-0.00151202940077689,0.0668425917894224,0.0610434550808374
LZTFL1,Leucine zipper transcription factor-like protein 1,Health and medical history,X6149#2.Mouth or teeth dental problems_Painful gums,48820,0.017809208228468,0.0294668600554134,-0.0399458374801422,0.0755642539370782,0.545597399120616
LZTFL1,Leucine zipper transcription factor-like protein 1,Health and medical history,X6149#3.Mouth or teeth dental problems_Bleeding gums,48820,0.0173017563533717,0.0174708836188913,-0.0169411755396552,0.0515446882463986,0.322030197832961
LZTFL1,Leucine zipper transcription factor-like protein 1,Health and medical history,X6149#4.Mouth or teeth dental problems_Loose teeth,48820,0.0302723361048503,0.0244725187372404,-0.0176938006201409,0.0782384728298414,0.216104455979138
LZTFL1,Leucine zipper transcription factor-like protein 1,Health and medical history,X6149#5.Mouth or teeth dental problems_Toothache,48820,0.0284236533667434,0.0299306582805061,-0.0302404368630485,0.0870877435965353,0.342301753772855
LZTFL1,Leucine zipper transcription factor-like protein 1,Health and medical history,X6149#6.Mouth or teeth dental problems_Dentures,48820,0.0214510968287598,0.0116961812258924,-0.0014734183739893,0.0443756120315088,0.0666653130894322
LZTFL1,Leucine zipper transcription factor-like protein 1,Health and medical history,X6150#1.Vascular or heart problems diagnosed by doctor_Heart attack,37291,-0.0807579189325826,0.0269934454823669,-0.133665072078022,-0.0278507657871435,0.00278209692490869
LZTFL1,Leucine zipper transcription factor-like protein 1,Health and medical history,X6150#2.Vascular or heart problems diagnosed by doctor_Angina,37291,-0.0311534418948036,0.0231541303971793,-0.0765355374732751,0.0142286536836679,0.178507638167708
LZTFL1,Leucine zipper transcription factor-like protein 1,Health and medical history,X6150#3.Vascular or heart problems diagnosed by doctor_Stroke,37291,0.0314681941525123,0.0333823824750218,-0.0339612754985303,0.096897663803555,0.345883615192006
LZTFL1,Leucine zipper transcription factor-like protein 1,Health and medical history,X6150#4.Vascular or heart problems diagnosed by doctor_High blood pressure,37291,0.051792885099559,0.0260693898876613,0.000696880919742807,0.102888889279375,0.0469857778806849
LZTFL1,Leucine zipper transcription factor-like protein 1,Health and medical history,X6151#1.Fractured bone site(s)_Ankle,48806,0.0221318575038049,0.0397430652021935,-0.0557645502924942,0.100028265300104,0.577620255795964
LZTFL1,Leucine zipper transcription factor-like protein 1,Health and medical history,X6151#2.Fractured bone site(s)_Leg,48806,0.0163816255185868,0.061891836155375,-0.104926373345948,0.137689624383122,0.791257593176073
LZTFL1,Leucine zipper transcription factor-like protein 1,Health and medical history,X6151#3.Fractured bone site(s)_Hip,48806,-0.0623260047567652,0.0946385774520492,-0.247817616562782,0.123165607049251,0.510180499890238
LZTFL1,Leucine zipper transcription factor-like protein 1,Health and medical history,X6151#4.Fractured bone site(s)_Spine,48806,0.107458855638209,0.100837372921861,-0.0901823952886391,0.305100106565058,0.286588238778275
LZTFL1,Leucine zipper transcription factor-like protein 1,Health and medical history,X6151#5.Fractured bone site(s)_Wrist,48806,-0.0173303372755983,0.0331888868919985,-0.0823805555839153,0.0477198810327188,0.60155585125282
LZTFL1,Leucine zipper transcription factor-like protein 1,Health and medical history,X6151#6.Fractured bone site(s)_Arm,48806,0.0763802324426325,0.045632155718186,-0.0130587927650122,0.165819257650277,0.0941809896478305
LZTFL1,Leucine zipper transcription factor-like protein 1,Health and medical history,X6151#7.Fractured bone site(s)_Other bones,48806,-0.000392256558240815,0.0242457094244527,-0.0479138470301681,0.0471293339136865,0.987092239554052
LZTFL1,Leucine zipper transcription factor-like protein 1,Health and medical history,"X6152#5.Blood clot, DVT, bronchitis, emphysema, asthma, rhinitis, eczema, allergy diagnosed by doctor_Blood clot in the leg (DVT)",35018,0.0254942576289537,0.032926924129828,-0.0390425136655093,0.0900310289234166,0.438803861515644
LZTFL1,Leucine zipper transcription factor-like protein 1,Health and medical history,"X6152#6.Blood clot, DVT, bronchitis, emphysema, asthma, rhinitis, eczema, allergy diagnosed by doctor_Emphysema or chronic bronchitis",35018,0.0368083273518922,0.0338934731186652,-0.0296228799606915,0.103239534664476,0.277523736537831
LZTFL1,Leucine zipper transcription factor-like protein 1,Health and medical history,"X6152#7.Blood clot, DVT, bronchitis, emphysema, asthma, rhinitis, eczema, allergy diagnosed by doctor_Blood clot in the lung",35018,-0.0527315039756796,0.0487898816782947,-0.148359672065137,0.0428966641137781,0.279836312957507
LZTFL1,Leucine zipper transcription factor-like protein 1,Health and medical history,"X6152#8.Blood clot, DVT, bronchitis, emphysema, asthma, rhinitis, eczema, allergy diagnosed by doctor_Asthma",35018,0.0542282730237662,0.0199879708483101,0.0150518501610784,0.093404695886454,0.00668639876834532
LZTFL1,Leucine zipper transcription factor-like protein 1,Health and medical history,"X6154#1.Medication for pain relief, constipation, heartburn_Aspirin",38818,-0.0254078991392254,0.015370457521108,-0.0555339958805971,0.00471819760214634,0.0983564253389398
LZTFL1,Leucine zipper transcription factor-like protein 1,Health and medical history,"X6154#2.Medication for pain relief, constipation, heartburn_Ibuprofen",38818,0.00370913479658666,0.0180575331736999,-0.0316836302238652,0.0391018998170385,0.837258881869027
LZTFL1,Leucine zipper transcription factor-like protein 1,Health and medical history,"X6154#3.Medication for pain relief, constipation, heartburn_Paracetamol",38818,0.0514623024730173,0.0150364763533706,0.0219908088204109,0.0809337961256237,0.00062306982882898
LZTFL1,Leucine zipper transcription factor-like protein 1,Health and medical history,"X6154#4.Medication for pain relief, constipation, heartburn_Ranitidine",38818,0.0563670832363628,0.0344766469862144,-0.0112071448566174,0.123941311329343,0.102095339843946
LZTFL1,Leucine zipper transcription factor-like protein 1,Health and medical history,"X6154#5.Medication for pain relief, constipation, heartburn_Omeprazole",38818,0.0068363530601242,0.019259364264689,-0.0309120008986662,0.0445847070189146,0.722625425251036
LZTFL1,Leucine zipper transcription factor-like protein 1,Health and medical history,"X6154#6.Medication for pain relief, constipation, heartburn_Laxatives",38818,-0.0107346993650964,0.0279691468980115,-0.0655542272851989,0.0440848285550061,0.701131435541816
LZTFL1,Leucine zipper transcription factor-like protein 1,Health and medical history,X6155#1.Vitamin and mineral supplements_Vitamin A,48820,0.0114764633060288,0.0326134578833367,-0.0524459141453111,0.0753988407573686,0.724921924443916
LZTFL1,Leucine zipper transcription factor-like protein 1,Health and medical history,X6155#2.Vitamin and mineral supplements_Vitamin B,48820,0.0488657474316465,0.0246385871570223,0.000574116603882735,0.0971573782594102,0.0473476735009278
LZTFL1,Leucine zipper transcription factor-like protein 1,Health and medical history,X6155#3.Vitamin and mineral supplements_Vitamin C,48820,0.0721651382651323,0.0659497923489521,-0.0570964547388139,0.201426731269078,0.273861582847939
LZTFL1,Leucine zipper transcription factor-like protein 1,Health and medical history,X6155#4.Vitamin and mineral supplements_Vitamin D,48820,0.00497233047596367,0.0229777254863323,-0.0400640114772477,0.050008672429175,0.828679888292593
LZTFL1,Leucine zipper transcription factor-like protein 1,Health and medical history,X6155#5.Vitamin and mineral supplements_Vitamin E,48820,0.0547011927602739,0.0268515733399597,0.00207210901395286,0.107330276506595,0.0416464977507441
LZTFL1,Leucine zipper transcription factor-like protein 1,Health and medical history,X6155#6.Vitamin and mineral supplements_Folic acid or Folate (Vit B9),48820,-0.00954209608018214,0.0324886335119742,-0.0732198177636516,0.0541356256032873,0.768985922117551
LZTFL1,Leucine zipper transcription factor-like protein 1,Health and medical history,X6155#7.Vitamin and mineral supplements_Multivitamins + or - minerals,48820,-0.043406236303769,0.0109216356205332,-0.0648126421200141,-0.0219998304875239,7.08286611730549e-05
LZTFL1,Leucine zipper transcription factor-like protein 1,Lifestyle factors,X6157#1.Why stopped smoking_Illness or ill health,34047,0.0218345615246399,0.027653282292409,-0.0323658717684818,0.0760349948177615,0.429809908164117
LZTFL1,Leucine zipper transcription factor-like protein 1,Lifestyle factors,X6157#2.Why stopped smoking_Doctor's advice,34047,0.0361170895793496,0.0344956116991555,-0.0314943093509951,0.103728488509694,0.295149248041236
LZTFL1,Leucine zipper transcription factor-like protein 1,Lifestyle factors,X6157#3.Why stopped smoking_Health precaution,34047,-0.0230664629575932,0.0238337272478998,-0.0697805683634769,0.0236476424482905,0.333188672937305
LZTFL1,Leucine zipper transcription factor-like protein 1,Lifestyle factors,X6157#4.Why stopped smoking_Financial reasons,34047,0.0228737740334271,0.0222795954233878,-0.020794232996413,0.0665417810632673,0.304627423173372
LZTFL1,Leucine zipper transcription factor-like protein 1,Health and medical history,X6159#1.Pain type(s) experienced in last month_Headache,48897,0.0145268917854905,0.0145445992803933,-0.0139805228040804,0.0430343063750614,0.317912312563653
LZTFL1,Leucine zipper transcription factor-like protein 1,Health and medical history,X6159#2.Pain type(s) experienced in last month_Facial pain,48897,0.0364153292961408,0.0407152462328802,-0.0433865533203044,0.116217211912586,0.371123920459231
LZTFL1,Leucine zipper transcription factor-like protein 1,Health and medical history,X6159#3.Pain type(s) experienced in last month_Neck or shoulder pain,48897,0.0345432572167375,0.0121678191237501,0.0106943317341873,0.0583921826992876,0.00453152331473838
LZTFL1,Leucine zipper transcription factor-like protein 1,Health and medical history,X6159#4.Pain type(s) experienced in last month_Back pain,48897,-0.00231275002712756,0.0117219984467705,-0.0252878669827978,0.0206623669285427,0.843594832316466
LZTFL1,Leucine zipper transcription factor-like protein 1,Health and medical history,X6159#5.Pain type(s) experienced in last month_Stomach or abdominal pain,48897,0.0429225484533631,0.0199388567856405,0.0038423891535078,0.0820027077532184,0.0313536901362248
LZTFL1,Leucine zipper transcription factor-like protein 1,Health and medical history,X6159#6.Pain type(s) experienced in last month_Hip pain,48897,-0.0112530248082208,0.0149327190766644,-0.040521154198483,0.0180151045820415,0.45110940158647
LZTFL1,Leucine zipper transcription factor-like protein 1,Health and medical history,X6159#7.Pain type(s) experienced in last month_Knee pain,48897,0.0160272539398307,0.0122225426279271,-0.00792892961090644,0.0399834374905678,0.189776301668515
LZTFL1,Leucine zipper transcription factor-like protein 1,Health and medical history,X6159#8.Pain type(s) experienced in last month_Pain all over the body,48897,0.0883441381575438,0.0374185416923208,0.015003796440595,0.161684479874493,0.0182367755366922
LZTFL1,Leucine zipper transcription factor-like protein 1,Lifestyle factors,X6160#1.Leisure or social activities_Sports club or gym,43226,-0.0264037260651597,0.0127570411341816,-0.0514075266881557,-0.00139992544216367,0.0384951924813585
LZTFL1,Leucine zipper transcription factor-like protein 1,Lifestyle factors,X6160#2.Leisure or social activities_Pub or social club,43226,0.00462633821139654,0.0132779909962228,-0.0213985241412002,0.0306512005639933,0.72752884734422
LZTFL1,Leucine zipper transcription factor-like protein 1,Lifestyle factors,X6160#3.Leisure or social activities_Religious group,43226,-0.0102365990074107,0.014013566206675,-0.0377031887724938,0.0172299907576723,0.465110373836463
LZTFL1,Leucine zipper transcription factor-like protein 1,Lifestyle factors,X6160#4.Leisure or social activities_Adult education class,43226,-0.0241837163622027,0.0190553493217206,-0.061532201032775,0.0131647683083696,0.204415735861222
LZTFL1,Leucine zipper transcription factor-like protein 1,Lifestyle factors,X6160#5.Leisure or social activities_Other group activity,43226,0.00776897804153864,0.012780009652242,-0.0172798408768558,0.032817796959933,0.543263109818792
LZTFL1,Leucine zipper transcription factor-like protein 1,Physical activities,X6162#1.Types of transport used (excluding work)_Car or motor vehicle,48713,-0.0133987758466279,0.0127853503617127,-0.0384580625555847,0.0116605108623289,0.294661360770551
LZTFL1,Leucine zipper transcription factor-like protein 1,Physical activities,X6162#2.Types of transport used (excluding work)_Walk,48713,-0.0113015468199556,0.0104184367206508,-0.0317216827924311,0.00911858915251985,0.278039518090105
LZTFL1,Leucine zipper transcription factor-like protein 1,Physical activities,X6162#3.Types of transport used (excluding work)_Public transport,48713,-0.004268528590591,0.0107743673361371,-0.0253862885694197,0.0168492313882377,0.691980700707444
LZTFL1,Leucine zipper transcription factor-like protein 1,Physical activities,X6162#4.Types of transport used (excluding work)_Cycle,48713,-0.010876315416853,0.0234261669908969,-0.056791602719011,0.035038971885305,0.642451882575954
LZTFL1,Leucine zipper transcription factor-like protein 1,Physical activities,X6164#1.Types of physical activity in last 4 weeks_Walking for pleasure (not as a means of transport),48726,-0.0261066738619786,0.0116002648156778,-0.0488431929007071,-0.00337015482325009,0.0244267821506422
LZTFL1,Leucine zipper transcription factor-like protein 1,Physical activities,X6164#3.Types of physical activity in last 4 weeks_Strenuous sports,48726,-0.0239121975640558,0.0228707485808371,-0.0687388647824964,0.0209144696543849,0.295788117110511
LZTFL1,Leucine zipper transcription factor-like protein 1,Health and medical history,X6179#1.Mineral and other dietary supplements_Fish oil (including cod liver oil),48820,0.0151569707055385,0.0105578259368064,-0.00553636813060204,0.0358503095416791,0.151127930480697
LZTFL1,Leucine zipper transcription factor-like protein 1,Health and medical history,X6179#2.Mineral and other dietary supplements_Glucosamine,48820,-0.00626284230698768,0.0120622087817635,-0.0299047715192441,0.0173790869052687,0.603618838186625
LZTFL1,Leucine zipper transcription factor-like protein 1,Health and medical history,X6179#3.Mineral and other dietary supplements_Calcium,48820,-0.0180554391514641,0.0181956867353957,-0.0537189851528396,0.0176081068499115,0.321067210395693
LZTFL1,Leucine zipper transcription factor-like protein 1,Health and medical history,X6179#4.Mineral and other dietary supplements_Zinc,48820,0.00264574820845771,0.0253830248284664,-0.0471049804553364,0.0523964768722518,0.916985530803875
LZTFL1,Leucine zipper transcription factor-like protein 1,Health and medical history,X6179#5.Mineral and other dietary supplements_Iron,48820,-0.016994412193742,0.0322690970098092,-0.0802418423329679,0.0462530179454839,0.598444934306125
LZTFL1,Leucine zipper transcription factor-like protein 1,Health and medical history,X6179#6.Mineral and other dietary supplements_Selenium,48820,-0.0130310948309974,0.0297944352005861,-0.0714281878241462,0.0453659981621514,0.661850217467123
LZTFL1,Leucine zipper transcription factor-like protein 1,Physical measures,"X78.Heel bone mineral density (BMD) T-score, automated",40251,-0.0193162215222746,0.0072142941468048,-0.033456238050012,-0.00517620499453717,0.00742849558547042
LZTFL1,Leucine zipper transcription factor-like protein 1,Physical activities,X864.Number of days or week walked 10+ minutes,48415,-0.0229479157121575,0.0187026271213954,-0.0596050648700924,0.0137092334457774,0.219841799537409
LZTFL1,Leucine zipper transcription factor-like protein 1,Physical activities,X874.Duration of walks,45804,-0.00924854846733973,0.00578587031945552,-0.0205888542934725,0.00209175735879309,0.109957117176154
LZTFL1,Leucine zipper transcription factor-like protein 1,Physical activities,X884.Number of days or week of moderate physical activity 10+ minutes,47604,-0.0157541433096707,0.0180218666555981,-0.051077001954643,0.0195687153353016,0.382038050441703
LZTFL1,Leucine zipper transcription factor-like protein 1,Physical activities,X894.Duration of moderate activity,43461,-0.0206292119426351,0.02222815937217,-0.0641964043120883,0.022937980426818,0.353388733202962
LZTFL1,Leucine zipper transcription factor-like protein 1,Physical activities,X90087.No-wear time bias adjusted average acceleration,32846,-0.00141282558471336,0.0136473888777185,-0.0281617077850417,0.025336056615615,0.917553176566884
LZTFL1,Leucine zipper transcription factor-like protein 1,Physical activities,X904.Number of days or week of vigorous physical activity 10+ minutes,47534,-0.0143284578806863,0.0186283236653898,-0.0508399722648503,0.0221830565034777,0.441798795621707
LZTFL1,Leucine zipper transcription factor-like protein 1,Physical activities,X914.Duration of vigorous activity,38775,0.00315233603555031,0.00718679852048221,-0.0109337890645948,0.0172384611356955,0.660940493666965
