Protein,Protein_definition,Disease_category,Disease,NB_individual,NB_case,HR[95%CI],P_value
KLK4,Kallikrein-4,Chapter I Certain infectious and parasitic diseases,"Bacterial infection, other or unspecified",21984,194,1.52 [1.28-1.80],1.3272333619460786e-06
KLK4,Kallikrein-4,Chapter I Certain infectious and parasitic diseases,"Bacterial intestinal infections, IBD co-morbidities",23205,251,1.51 [1.30-1.75],3.8083321234770346e-08
KLK4,Kallikrein-4,Chapter I Certain infectious and parasitic diseases,"Bacterial, viral and other infectious agents",22927,1773,1.43 [1.35-1.51],2.71996518633806e-33
KLK4,Kallikrein-4,Chapter I Certain infectious and parasitic diseases,Candidiasis,23213,553,1.50 [1.36-1.66],2.461385460972825e-15
KLK4,Kallikrein-4,Chapter I Certain infectious and parasitic diseases,Certain infectious and parasitic diseases,22452,4258,1.29 [1.24-1.34],3.1196422449747467e-35
KLK4,Kallikrein-4,Chapter I Certain infectious and parasitic diseases,Condition for Implicit Sepsis (Organ dysfunction codes),22386,4335,1.41 [1.36-1.47],2.3584363161936924e-72
KLK4,Kallikrein-4,Chapter I Certain infectious and parasitic diseases,Diarrhoea and gastroenteritis of presumed infectious origin,22921,1438,1.27 [1.19-1.36],7.2437956676455665e-12
KLK4,Kallikrein-4,Chapter I Certain infectious and parasitic diseases,Enterocolitis due to Clostridium difficile,23115,130,1.64 [1.35-1.99],6.281387009064662e-07
KLK4,Kallikrein-4,Chapter I Certain infectious and parasitic diseases,Explicit Sepsis,20367,1310,1.53 [1.43-1.64],4.4228622182714194e-35
KLK4,Kallikrein-4,Chapter I Certain infectious and parasitic diseases,Implicit bacterial Sepsis,19657,1599,1.69 [1.60-1.78],4.776159124772197e-76
KLK4,Kallikrein-4,Chapter I Certain infectious and parasitic diseases,Implicit fungal Sepsis,19144,343,1.94 [1.72-2.18],7.65611600512503e-28
KLK4,Kallikrein-4,Chapter I Certain infectious and parasitic diseases,Implicit Sepsis,15113,2766,1.43 [1.36-1.50],2.6762752518939343e-49
KLK4,Kallikrein-4,Chapter I Certain infectious and parasitic diseases,Implicit viral Sepsis,19089,502,1.76 [1.59-1.96],1.2266748493459072e-26
KLK4,Kallikrein-4,Chapter I Certain infectious and parasitic diseases,Intestinal infectious diseases,23190,1707,1.27 [1.19-1.35],2.2313004793873925e-13
KLK4,Kallikrein-4,Chapter I Certain infectious and parasitic diseases,Mycoses,23307,647,1.45 [1.32-1.59],1.4053563382133731e-14
KLK4,Kallikrein-4,Chapter I Certain infectious and parasitic diseases,Other bacterial agents as the cause of diseases classified to other chapters,22412,1258,1.47 [1.37-1.57],6.616279229423465e-29
KLK4,Kallikrein-4,Chapter I Certain infectious and parasitic diseases,Other bacterial diseases,23234,1444,1.44 [1.35-1.54],4.775259329373324e-30
KLK4,Kallikrein-4,Chapter I Certain infectious and parasitic diseases,Other bacterial intestinal infections,21734,251,1.53 [1.32-1.77],1.3719942086115086e-08
KLK4,Kallikrein-4,Chapter I Certain infectious and parasitic diseases,Other septicaemia,23053,1263,1.44 [1.34-1.54],7.567605924467879e-26
KLK4,Kallikrein-4,Chapter I Certain infectious and parasitic diseases,Other specified/unspecified bacterial intestinal infections,23065,80,1.35 [1.02-1.78],0.0358780509535419
KLK4,Kallikrein-4,Chapter I Certain infectious and parasitic diseases,Other viral diseases,23302,143,1.58 [1.30-1.91],3.0535997285168567e-06
KLK4,Kallikrein-4,Chapter I Certain infectious and parasitic diseases,"Other viral diseases, not elsewhere classified",23278,119,1.61 [1.31-1.99],6.1577342546666745e-06
KLK4,Kallikrein-4,Chapter I Certain infectious and parasitic diseases,Streptococcus and staphylococcus as the cause of diseases classified to other chapters,21662,508,1.74 [1.58-1.91],4.9663329595763215e-30
KLK4,Kallikrein-4,Chapter I Certain infectious and parasitic diseases,Viral agents as the cause of diseases classified to other chapters,21465,311,1.31 [1.13-1.52],0.0003338239238483
KLK4,Kallikrein-4,Chapter I Certain infectious and parasitic diseases,Viral and other specified intestinal infections,21622,139,1.36 [1.10-1.68],0.0051334238154968
KLK4,Kallikrein-4,Chapter I Certain infectious and parasitic diseases,Viral hepatitis,23352,51,1.69 [1.25-2.27],0.0005520274962616
KLK4,Kallikrein-4,Chapter II Neoplasms,Benign neoplasm of other and ill-defined parts of digestive system,23271,80,1.52 [1.17-1.97],0.0016256532291119
KLK4,Kallikrein-4,Chapter II Neoplasms,Leiomyoma of uterus,11889,169,1.58 [1.31-1.92],2.6096006968109857e-06
KLK4,Kallikrein-4,Chapter II Neoplasms,Lung cancer and mesothelioma,14787,485,1.38 [1.23-1.56],1.1018451839589097e-07
KLK4,Kallikrein-4,Chapter II Neoplasms,"Malignant neoplasm of corpus uteri, excluding all cancers (controls excluding all cancers)",9268,104,1.68 [1.32-2.13],2.042616862487232e-05
KLK4,Kallikrein-4,Chapter II Neoplasms,"Malignant neoplasm of oesophagus, excluding all cancers (controls excluding all cancers)",16740,124,1.28 [1.02-1.61],0.0301845923034723
KLK4,Kallikrein-4,Chapter II Neoplasms,"Non-small cell lung cancer, excluding all cancers (controls excluding all cancers)",16947,331,1.21 [1.05-1.39],0.0094061508393441
KLK4,Kallikrein-4,Chapter II Neoplasms,"Other and unspecified types of non-Hodgkin lymphoma, hilmo, excluding all cancers",16745,129,1.27 [1.01-1.59],0.04201063338505
KLK4,Kallikrein-4,Chapter III Diseases of the blood and blood-forming organs and certain disorders involving the immune mechanism,Agranulocytosis,23059,396,1.25 [1.09-1.42],0.0009679267861524
KLK4,Kallikrein-4,Chapter III Diseases of the blood and blood-forming organs and certain disorders involving the immune mechanism,Anaemia in chronic diseases classified elsewhere,21023,168,2.23 [1.96-2.54],3.376578148671704e-34
KLK4,Kallikrein-4,Chapter III Diseases of the blood and blood-forming organs and certain disorders involving the immune mechanism,Diseases of spleen,22733,70,1.43 [1.08-1.91],0.0138276053665786
KLK4,Kallikrein-4,Chapter III Diseases of the blood and blood-forming organs and certain disorders involving the immune mechanism,Diseases of the blood and blood-forming organs and certain disorders involving the immune mechanism,22591,3531,1.38 [1.33-1.44],4.832425091801008e-51
KLK4,Kallikrein-4,Chapter III Diseases of the blood and blood-forming organs and certain disorders involving the immune mechanism,Folate deficiency anaemia,21628,74,1.67 [1.29-2.15],8.123839670048967e-05
KLK4,Kallikrein-4,Chapter III Diseases of the blood and blood-forming organs and certain disorders involving the immune mechanism,Other anaemias,22846,1991,1.48 [1.40-1.56],1.072940199589488e-45
KLK4,Kallikrein-4,Chapter III Diseases of the blood and blood-forming organs and certain disorders involving the immune mechanism,Other and unspecified anaemias,22844,1989,1.48 [1.40-1.56],6.44041246302654e-46
KLK4,Kallikrein-4,Chapter III Diseases of the blood and blood-forming organs and certain disorders involving the immune mechanism,Other and unspecified aplastic anaemias,20969,114,1.61 [1.30-1.99],1.155440060744499e-05
KLK4,Kallikrein-4,Chapter III Diseases of the blood and blood-forming organs and certain disorders involving the immune mechanism,Other and unspecified iron deficiency,23000,1446,1.38 [1.29-1.47],6.224043220355168e-22
KLK4,Kallikrein-4,Chapter III Diseases of the blood and blood-forming organs and certain disorders involving the immune mechanism,Other coagulation defects,22939,115,1.60 [1.29-1.97],1.3832076651064569e-05
KLK4,Kallikrein-4,Chapter III Diseases of the blood and blood-forming organs and certain disorders involving the immune mechanism,Purpura and other haemorrhagic conditions,23182,358,1.37 [1.20-1.56],2.235155673254175e-06
KLK4,Kallikrein-4,Chapter III Diseases of the blood and blood-forming organs and certain disorders involving the immune mechanism,"Thrombocytopenia, unspecified",23117,293,1.37 [1.18-1.58],1.994354297562705e-05
KLK4,Kallikrein-4,Chapter III Diseases of the blood and blood-forming organs and certain disorders involving the immune mechanism,Vitamin B12 deficiency anaemia,21693,139,1.34 [1.08-1.67],0.0086497671984728
KLK4,Kallikrein-4,"Chapter IV Endocrine, nutritional and metabolic diseases",Acidosis,15618,419,1.95 [1.77-2.14],1.0226246070477349e-42
KLK4,Kallikrein-4,"Chapter IV Endocrine, nutritional and metabolic diseases",Acute alcohol intoxication,21848,103,1.32 [1.02-1.71],0.0365270545923906
KLK4,Kallikrein-4,"Chapter IV Endocrine, nutritional and metabolic diseases",Alcohol dependence,21856,111,1.43 [1.12-1.82],0.0038212479512784
KLK4,Kallikrein-4,"Chapter IV Endocrine, nutritional and metabolic diseases",Alkalosis,15270,71,1.45 [1.07-1.96],0.016898198563844
KLK4,Kallikrein-4,"Chapter IV Endocrine, nutritional and metabolic diseases",Bipolar affective disorders,21700,64,1.40 [1.03-1.91],0.033225069936312
KLK4,Kallikrein-4,"Chapter IV Endocrine, nutritional and metabolic diseases",Deficiency of other B group vitamins,20904,321,1.32 [1.14-1.52],0.0001399308552756
KLK4,Kallikrein-4,"Chapter IV Endocrine, nutritional and metabolic diseases","Delirium, not induced by alcohol and other psychoactive substances",22560,969,1.44 [1.33-1.55],1.1019842167240546e-19
KLK4,Kallikrein-4,"Chapter IV Endocrine, nutritional and metabolic diseases",Dementia in Alzheimer disease,22079,488,1.18 [1.05-1.34],0.007554440465269
KLK4,Kallikrein-4,"Chapter IV Endocrine, nutritional and metabolic diseases",Depression,23079,1443,1.15 [1.07-1.24],0.0001210863545773
KLK4,Kallikrein-4,"Chapter IV Endocrine, nutritional and metabolic diseases",Depression or dysthymia,19656,1398,1.19 [1.11-1.28],3.0278591736354817e-06
KLK4,Kallikrein-4,"Chapter IV Endocrine, nutritional and metabolic diseases","Disorder of lipoprotein metabolism, unspecified",15291,92,1.56 [1.21-2.01],0.0005272541040613
KLK4,Kallikrein-4,"Chapter IV Endocrine, nutritional and metabolic diseases","Disorder of thyroid, unspecified",21052,102,1.31 [1.01-1.71],0.0448285875882388
KLK4,Kallikrein-4,"Chapter IV Endocrine, nutritional and metabolic diseases",Disorders of calcium metabolism,15567,368,1.59 [1.40-1.80],4.670023176509536e-13
KLK4,Kallikrein-4,"Chapter IV Endocrine, nutritional and metabolic diseases",Disorders of iron metabolism,15255,56,1.50 [1.09-2.06],0.013792122658206
KLK4,Kallikrein-4,"Chapter IV Endocrine, nutritional and metabolic diseases",Disorders of lipoprotein metabolism and other lipidaemias,19852,4653,1.13 [1.09-1.18],1.386593078916626e-09
KLK4,Kallikrein-4,"Chapter IV Endocrine, nutritional and metabolic diseases",Disorders of magnesium metabolism,15467,268,1.52 [1.31-1.77],4.3117123604356914e-08
KLK4,Kallikrein-4,"Chapter IV Endocrine, nutritional and metabolic diseases",Disorders of mineral metabolism,15914,715,1.47 [1.34-1.62],2.087667852538701e-16
KLK4,Kallikrein-4,"Chapter IV Endocrine, nutritional and metabolic diseases",Disorders of other endocrine glands,23306,371,1.47 [1.30-1.67],1.4214098063934515e-09
KLK4,Kallikrein-4,"Chapter IV Endocrine, nutritional and metabolic diseases",Disorders of parathyroid gland,23096,161,1.59 [1.32-1.91],7.587058482396747e-07
KLK4,Kallikrein-4,"Chapter IV Endocrine, nutritional and metabolic diseases",Disorders of phosphorus metabolism and phosphatases,15355,156,1.41 [1.15-1.74],0.0010709616441806
KLK4,Kallikrein-4,"Chapter IV Endocrine, nutritional and metabolic diseases","Disorders of plasma-protein metabolism, not elsewhere classified",15282,83,1.75 [1.38-2.23],4.97712704729288e-06
KLK4,Kallikrein-4,"Chapter IV Endocrine, nutritional and metabolic diseases",Disorders of the thyroid gland,22721,1771,1.14 [1.07-1.22],8.77370877694213e-05
KLK4,Kallikrein-4,"Chapter IV Endocrine, nutritional and metabolic diseases",Fluid overload,15586,387,1.99 [1.81-2.19],3.606659815240776e-44
KLK4,Kallikrein-4,"Chapter IV Endocrine, nutritional and metabolic diseases",Hyperkalaemia,15628,429,1.99 [1.81-2.18],2.2719871646247367e-49
KLK4,Kallikrein-4,"Chapter IV Endocrine, nutritional and metabolic diseases","Hyperlipidaemia, other/unspecified",16075,876,1.18 [1.08-1.30],0.0003669906500047
KLK4,Kallikrein-4,"Chapter IV Endocrine, nutritional and metabolic diseases",Hyperosmolality and hypernatraemia,15378,179,1.59 [1.33-1.90],3.0944220644199773e-07
KLK4,Kallikrein-4,"Chapter IV Endocrine, nutritional and metabolic diseases",Hyperparathyroidism,23086,151,1.58 [1.31-1.91],2.2141099827502075e-06
KLK4,Kallikrein-4,"Chapter IV Endocrine, nutritional and metabolic diseases",Hypo-osmolality and hyponatraemia,16101,902,1.48 [1.36-1.61],1.6984312652866544e-20
KLK4,Kallikrein-4,"Chapter IV Endocrine, nutritional and metabolic diseases",Hypokalaemia,15861,662,1.43 [1.30-1.58],1.4892489772266308e-12
KLK4,Kallikrein-4,"Chapter IV Endocrine, nutritional and metabolic diseases",Metabolic disorders,21696,6497,1.19 [1.15-1.23],2.9221165353064622e-24
KLK4,Kallikrein-4,"Chapter IV Endocrine, nutritional and metabolic diseases",Obesity,23178,1930,1.13 [1.07-1.20],5.4294952195443965e-05
KLK4,Kallikrein-4,"Chapter IV Endocrine, nutritional and metabolic diseases","Obesity, other/unspecified",23176,1928,1.13 [1.07-1.21],5.259318757847341e-05
KLK4,Kallikrein-4,"Chapter IV Endocrine, nutritional and metabolic diseases",Other and/or unspecified nontoxic goitre,21017,67,1.51 [1.12-2.04],0.0068864462876376
KLK4,Kallikrein-4,"Chapter IV Endocrine, nutritional and metabolic diseases",Other anxiety disorders,23008,1142,1.10 [1.01-1.19],0.0296066410189811
KLK4,Kallikrein-4,"Chapter IV Endocrine, nutritional and metabolic diseases","Other disorders of fluid, electrolyte and acid-base balance",17453,2254,1.54 [1.47-1.62],8.325573666157803e-67
KLK4,Kallikrein-4,"Chapter IV Endocrine, nutritional and metabolic diseases",Other disorders of glucose regulation and pancreatic internal secretion,23351,317,2.09 [1.89-2.31],1.4214105175360916e-47
KLK4,Kallikrein-4,"Chapter IV Endocrine, nutritional and metabolic diseases",Other mental disorders due to brain damage and dysfunction and to physical disease,21724,133,1.41 [1.14-1.74],0.0014375002316074
KLK4,Kallikrein-4,"Chapter IV Endocrine, nutritional and metabolic diseases",Panic disorder,21985,119,1.35 [1.07-1.70],0.0125784703773338
KLK4,Kallikrein-4,"Chapter IV Endocrine, nutritional and metabolic diseases","Postprocedural endocrine and metabolic disorders, not elsewhere classified",15401,202,1.37 [1.13-1.66],0.0013559381684369
KLK4,Kallikrein-4,"Chapter IV Endocrine, nutritional and metabolic diseases",Type 1 diabetes without complications,20543,187,1.99 [1.73-2.29],1.4275140742096701e-21
KLK4,Kallikrein-4,"Chapter IV Endocrine, nutritional and metabolic diseases",Type 2 diabetes with neurological complications,2500,102,2.17 [1.81-2.61],7.80895694197881e-17
KLK4,Kallikrein-4,"Chapter IV Endocrine, nutritional and metabolic diseases",Type 2 diabetes with ophthalmic complications,2668,312,1.69 [1.50-1.91],3.226845388031793e-18
KLK4,Kallikrein-4,"Chapter IV Endocrine, nutritional and metabolic diseases",Type 2 diabetes with peripheral circulatory complications,20442,86,2.47 [2.12-2.88],1.323340934658377e-30
KLK4,Kallikrein-4,"Chapter IV Endocrine, nutritional and metabolic diseases",Type 2 diabetes with renal complications,2472,77,2.63 [2.19-3.17],1.6416121312663244e-24
KLK4,Kallikrein-4,"Chapter IV Endocrine, nutritional and metabolic diseases",Type 2 diabetes without complications,22508,2152,1.20 [1.13-1.27],4.96449362128392e-10
KLK4,Kallikrein-4,"Chapter IV Endocrine, nutritional and metabolic diseases",Unspecified dementia,22228,637,1.39 [1.26-1.54],3.8147291067060326e-11
KLK4,Kallikrein-4,"Chapter IV Endocrine, nutritional and metabolic diseases",Vitamin D deficiency,21040,457,1.27 [1.12-1.44],0.0001492146804448
KLK4,Kallikrein-4,"Chapter IV Endocrine, nutritional and metabolic diseases",Volume depletion,16327,1128,1.60 [1.49-1.72],1.7551057850996858e-39
KLK4,Kallikrein-4,Chapter IX Diseases of the circulatory system,"!Phlebitis/thrombophlebitis venae iliacae [externae/internae/communis], drug-induced",23229,307,1.41 [1.22-1.62],1.5661359256867505e-06
KLK4,Kallikrein-4,Chapter IX Diseases of the circulatory system,Abdominal aortic aneurysm (AAA),21852,274,1.47 [1.27-1.69],8.638828320618808e-08
KLK4,Kallikrein-4,Chapter IX Diseases of the circulatory system,Angina pectoris,20170,1588,1.28 [1.20-1.36],9.13980533147246e-14
KLK4,Kallikrein-4,Chapter IX Diseases of the circulatory system,Aortic aneurysm,21958,380,1.49 [1.32-1.68],7.396244290268051e-11
KLK4,Kallikrein-4,Chapter IX Diseases of the circulatory system,Arterial embolism and thrombosis of lower extremity artery,21668,90,2.19 [1.85-2.58],5.249818571437034e-20
KLK4,Kallikrein-4,Chapter IX Diseases of the circulatory system,"Atherosclerosis, excluding cerebral and coronary sclerosis",21873,295,1.75 [1.55-1.98],4.9825962990796885e-19
KLK4,Kallikrein-4,Chapter IX Diseases of the circulatory system,Atrial fibrillation and flutter,11824,2871,1.34 [1.27-1.40],4.542371668438844e-33
KLK4,Kallikrein-4,Chapter IX Diseases of the circulatory system,AV-block,17743,684,1.41 [1.28-1.56],4.1872408410853694e-12
KLK4,Kallikrein-4,Chapter IX Diseases of the circulatory system,"Bradycardia, unspecified, drug-induced",23282,582,1.37 [1.24-1.52],6.792343946941464e-10
KLK4,Kallikrein-4,Chapter IX Diseases of the circulatory system,Cardiac arrest,9219,266,1.83 [1.59-2.10],1.6288177343823066e-17
KLK4,Kallikrein-4,Chapter IX Diseases of the circulatory system,Cardiomyopathy,17263,204,1.57 [1.32-1.87],2.6752905788802424e-07
KLK4,Kallikrein-4,Chapter IX Diseases of the circulatory system,"Cardiomyopathy, other and unspecified",17169,110,1.57 [1.24-1.98],0.0001803738959908
KLK4,Kallikrein-4,Chapter IX Diseases of the circulatory system,Conduction disorders,18632,1573,1.47 [1.38-1.57],4.548676468730863e-33
KLK4,Kallikrein-4,Chapter IX Diseases of the circulatory system,Coronary atherosclerosis,21344,2787,1.24 [1.18-1.30],1.7909623758916024e-17
KLK4,Kallikrein-4,Chapter IX Diseases of the circulatory system,Death due to cardiac causes,18750,8993,1.12 [1.08-1.15],1.0694753998793645e-12
KLK4,Kallikrein-4,Chapter IX Diseases of the circulatory system,DVT of lower extremities,21782,337,1.41 [1.24-1.61],4.137338135819765e-07
KLK4,Kallikrein-4,Chapter IX Diseases of the circulatory system,Endocarditis,17161,102,1.68 [1.34-2.11],8.849748227175277e-06
KLK4,Kallikrein-4,Chapter IX Diseases of the circulatory system,"Heart failure, strict",23069,1684,1.56 [1.48-1.65],9.724040083678888e-57
KLK4,Kallikrein-4,Chapter IX Diseases of the circulatory system,Hypertension,19994,8001,1.10 [1.06-1.13],2.9926442200217725e-08
KLK4,Kallikrein-4,Chapter IX Diseases of the circulatory system,"Hypertension, essential",20014,8021,1.10 [1.06-1.13],1.5938918552907094e-08
KLK4,Kallikrein-4,Chapter IX Diseases of the circulatory system,"Hypertension, Pulmonary Arterial",12258,265,1.87 [1.64-2.13],1.08789535838022e-20
KLK4,Kallikrein-4,Chapter IX Diseases of the circulatory system,Hypertensive Renal Disease,12204,211,2.34 [2.11-2.58],5.185962076050756e-61
KLK4,Kallikrein-4,Chapter IX Diseases of the circulatory system,Hypotension,23180,1665,1.48 [1.40-1.57],1.535683397431338e-39
KLK4,Kallikrein-4,Chapter IX Diseases of the circulatory system,"Ischaemic heart disease, wide definition",21521,2939,1.24 [1.18-1.30],3.0751210217288605e-18
KLK4,Kallikrein-4,Chapter IX Diseases of the circulatory system,"Ischaemic Stroke, excluding all haemorrhages",22848,811,1.25 [1.14-1.36],2.0183184426819924e-06
KLK4,Kallikrein-4,Chapter IX Diseases of the circulatory system,Left bundle-branch block,17589,530,1.66 [1.50-1.84],3.694364713892429e-23
KLK4,Kallikrein-4,Chapter IX Diseases of the circulatory system,Major coronary heart disease event,22665,1073,1.32 [1.23-1.43],4.88860744635642e-13
KLK4,Kallikrein-4,Chapter IX Diseases of the circulatory system,"Myocardial infarction, strict",19505,923,1.40 [1.29-1.52],3.589579878911421e-16
KLK4,Kallikrein-4,Chapter IX Diseases of the circulatory system,"Myocardial infarction, with ST-elevation",23234,191,1.24 [1.03-1.49],0.02515426715463
KLK4,Kallikrein-4,Chapter IX Diseases of the circulatory system,"Myocardial infarction, without ST-elevation",23323,414,1.33 [1.17-1.50],6.643633354738852e-06
KLK4,Kallikrein-4,Chapter IX Diseases of the circulatory system,Other aneurysm,21684,106,1.62 [1.29-2.02],2.358000571840055e-05
KLK4,Kallikrein-4,Chapter IX Diseases of the circulatory system,Other arrhythmias,17661,602,1.50 [1.35-1.66],8.078261235696236e-15
KLK4,Kallikrein-4,Chapter IX Diseases of the circulatory system,Other arterial embolism and thrombosis,21717,139,2.07 [1.79-2.39],2.941551927371361e-23
KLK4,Kallikrein-4,Chapter IX Diseases of the circulatory system,Other diseases of arteries and capillaries,21913,335,1.80 [1.61-2.01],1.2870646360075824e-25
KLK4,Kallikrein-4,Chapter IX Diseases of the circulatory system,Other diseases of pericardium,17286,227,1.28 [1.06-1.53],0.0083424733856568
KLK4,Kallikrein-4,Chapter IX Diseases of the circulatory system,Other disorders of veins,21566,121,1.73 [1.43-2.09],1.4729141113802878e-08
KLK4,Kallikrein-4,Chapter IX Diseases of the circulatory system,Other noninfective disorders of lymphatic vessels and lymph nodes,21625,180,1.24 [1.02-1.50],0.0281748571008269
KLK4,Kallikrein-4,Chapter IX Diseases of the circulatory system,Other or ill-defined heart diseases,18540,1481,1.49 [1.40-1.59],1.6878577937782546e-36
KLK4,Kallikrein-4,Chapter IX Diseases of the circulatory system,Other other unspecified disorders of the circulatory system,21578,63,1.57 [1.18-2.08],0.0017724415164825
KLK4,Kallikrein-4,Chapter IX Diseases of the circulatory system,Other peripheral vascular diseases,22318,740,1.76 [1.63-1.90],7.201807904558934e-46
KLK4,Kallikrein-4,Chapter IX Diseases of the circulatory system,Other pulmonary heart/vessel disease,22584,534,1.62 [1.47-1.78],1.360382852103904e-23
KLK4,Kallikrein-4,Chapter IX Diseases of the circulatory system,"Other specified cerebrovascular diseases, other cerebrovascular disorders in diseases classified elsewhere",22179,992,1.36 [1.25-1.47],7.732761194856104e-14
KLK4,Kallikrein-4,Chapter IX Diseases of the circulatory system,Paroxysmal tachycardia,9377,424,1.58 [1.41-1.78],1.0595940785427551e-14
KLK4,Kallikrein-4,Chapter IX Diseases of the circulatory system,Peripheral artery disease,22145,603,1.82 [1.68-1.98],1.2619809849871324e-47
KLK4,Kallikrein-4,Chapter IX Diseases of the circulatory system,Phlebitis and thrombophlebitis (not including DVT),21872,427,1.31 [1.16-1.49],1.555356398767192e-05
KLK4,Kallikrein-4,Chapter IX Diseases of the circulatory system,Pulmonary embolism,22660,610,1.31 [1.18-1.45],5.148724587774747e-07
KLK4,Kallikrein-4,Chapter IX Diseases of the circulatory system,Rheumatic valve diseases,23264,982,1.36 [1.26-1.47],2.7137141087502524e-14
KLK4,Kallikrein-4,Chapter IX Diseases of the circulatory system,Right bundle-branch block,17579,520,1.57 [1.41-1.74],4.886112353887378e-17
KLK4,Kallikrein-4,Chapter IX Diseases of the circulatory system,Secondary right heart disease,22577,527,1.61 [1.47-1.77],9.715347457666794e-23
KLK4,Kallikrein-4,Chapter IX Diseases of the circulatory system,Sequelae of cerebrovascular disease,21457,270,1.55 [1.34-1.78],1.1074086268371071e-09
KLK4,Kallikrein-4,Chapter IX Diseases of the circulatory system,"Stroke, excluding SAH",22832,926,1.21 [1.11-1.32],1.2025355283985877e-05
KLK4,Kallikrein-4,Chapter IX Diseases of the circulatory system,"Stroke, including SAH",22817,966,1.21 [1.11-1.31],1.4261935917178108e-05
KLK4,Kallikrein-4,Chapter IX Diseases of the circulatory system,Thoracic aortic aneurysm,21685,107,1.63 [1.30-2.03],1.902622698608027e-05
KLK4,Kallikrein-4,Chapter IX Diseases of the circulatory system,Unstable angina pectoris,21930,338,1.45 [1.28-1.65],8.298491482511066e-09
KLK4,Kallikrein-4,Chapter IX Diseases of the circulatory system,Varicose veins,21966,521,1.21 [1.08-1.36],0.0014884891422046
KLK4,Kallikrein-4,Chapter IX Diseases of the circulatory system,Vascular diseases of the intestine,21599,125,1.65 [1.34-2.02],2.1376310902737814e-06
KLK4,Kallikrein-4,Chapter IX Diseases of the circulatory system,Venous thromboembolism,23086,959,1.27 [1.17-1.38],2.595935323557976e-08
KLK4,Kallikrein-4,Chapter V Mental and behavioural disorders,"Alcohol use disorder, ICD-based",23283,334,1.26 [1.10-1.45],0.001071524516074
KLK4,Kallikrein-4,Chapter V Mental and behavioural disorders,"Anxiety disorders, excluding more controls",19953,1393,1.18 [1.09-1.27],2.2921901394462896e-05
KLK4,Kallikrein-4,Chapter V Mental and behavioural disorders,Any mental disorder,22825,4265,1.22 [1.18-1.28],3.5778997643813056e-22
KLK4,Kallikrein-4,Chapter V Mental and behavioural disorders,"Mental and behavioural disorders due to alcohol, excluding acute intoxication",23254,393,1.26 [1.11-1.43],0.0004563892421095
KLK4,Kallikrein-4,Chapter V Mental and behavioural disorders,"Mood disorders, excluding more controls",20030,1470,1.20 [1.11-1.28],8.579548278962093e-07
KLK4,Kallikrein-4,Chapter V Mental and behavioural disorders,Smoking dependency,22844,1185,1.28 [1.18-1.38],2.629902542820583e-10
KLK4,Kallikrein-4,Chapter V Mental and behavioural disorders,"Substance abuse, excluding more controls",20020,1460,1.29 [1.21-1.38],4.1875676679032985e-14
KLK4,Kallikrein-4,Chapter V Mental and behavioural disorders,Vascular dementia,22454,235,1.36 [1.16-1.60],0.0001508648608438
KLK4,Kallikrein-4,Chapter VI Diseases of the nervous system,Alzheimer disease,23363,599,1.14 [1.02-1.27],0.0193354383918909
KLK4,Kallikrein-4,Chapter VI Diseases of the nervous system,Bell's palsy,21497,86,1.37 [1.04-1.80],0.0272310475096887
KLK4,Kallikrein-4,Chapter VI Diseases of the nervous system,Carpal tunnel syndrome,21911,500,1.29 [1.15-1.45],1.6040581888041717e-05
KLK4,Kallikrein-4,Chapter VI Diseases of the nervous system,Cerebral cysts,22908,254,1.21 [1.03-1.43],0.021675791068954
KLK4,Kallikrein-4,Chapter VI Diseases of the nervous system,Cerebral palsy and other paralytic syndromes,23287,415,1.28 [1.13-1.45],0.0001002301923656
KLK4,Kallikrein-4,Chapter VI Diseases of the nervous system,Epilepsy,21835,309,1.27 [1.10-1.47],0.0014595266118035
KLK4,Kallikrein-4,Chapter VI Diseases of the nervous system,Episodal and paroxysmal disorders,22896,1370,1.13 [1.05-1.22],0.0007960080905712
KLK4,Kallikrein-4,Chapter VI Diseases of the nervous system,Extrapyramidal and movement disorders,23309,932,1.12 [1.02-1.22],0.0156187569616503
KLK4,Kallikrein-4,Chapter VI Diseases of the nervous system,Falls/tendency to fall,22697,3498,1.29 [1.24-1.35],1.7317742540528398e-29
KLK4,Kallikrein-4,Chapter VI Diseases of the nervous system,Hemiplegia,23211,339,1.21 [1.05-1.40],0.0073705216016843
KLK4,Kallikrein-4,Chapter VI Diseases of the nervous system,Inflammatory diseases of the central nervous system,23350,75,1.36 [1.01-1.82],0.0403804670582627
KLK4,Kallikrein-4,Chapter VI Diseases of the nervous system,Motor neuron disease,14389,177,1.26 [1.03-1.56],0.0279551872240331
KLK4,Kallikrein-4,Chapter VI Diseases of the nervous system,"Nerve, nerve root and plexus disorders",22649,1238,1.28 [1.19-1.38],4.393478064051241e-11
KLK4,Kallikrein-4,Chapter VI Diseases of the nervous system,Neurological diseases,21859,4404,1.18 [1.13-1.23],1.788414359364949e-15
KLK4,Kallikrein-4,Chapter VI Diseases of the nervous system,Other and unspecified degenerative diseases of nervous system,22752,330,1.28 [1.11-1.47],0.0005515538697445
KLK4,Kallikrein-4,Chapter VI Diseases of the nervous system,"Other and unspecified nerve root and plexus disorders, also in other diseases",21844,433,1.24 [1.09-1.41],0.0008586079297201
KLK4,Kallikrein-4,Chapter VI Diseases of the nervous system,"Other and unspecified polyneuropathies, also in other diseases",23284,352,1.72 [1.54-1.92],1.8694856527385297e-21
KLK4,Kallikrein-4,Chapter VI Diseases of the nervous system,Other degenerative diseases of the nervous system,17472,993,1.26 [1.16-1.37],5.3083912858118166e-08
KLK4,Kallikrein-4,Chapter VI Diseases of the nervous system,Other disorders of nervous system,22815,161,1.62 [1.37-1.92],3.1196019277589465e-08
KLK4,Kallikrein-4,Chapter VI Diseases of the nervous system,Other extrapyramidal and movement disorders in other diseases,22614,237,1.31 [1.11-1.55],0.0014896340083596
KLK4,Kallikrein-4,Chapter VI Diseases of the nervous system,Other neurological diseases,23246,592,1.26 [1.13-1.40],2.440641033428437e-05
KLK4,Kallikrein-4,Chapter VI Diseases of the nervous system,Restless leg syndrome,23364,110,1.34 [1.05-1.71],0.0203586033233256
KLK4,Kallikrein-4,Chapter VI Diseases of the nervous system,Small fibre neuropathy,22995,63,1.63 [1.24-2.16],0.000510082966589
KLK4,Kallikrein-4,Chapter VI Diseases of the nervous system,Unspecific neurodegenerative disorder,23363,605,1.15 [1.03-1.28],0.0142792553441789
KLK4,Kallikrein-4,Chapter VI Diseases of the nervous system,Vascular dementia (undefined),22391,229,1.37 [1.16-1.61],0.0001568865430374
KLK4,Kallikrein-4,"Chapter VII Diseases of the eye, adnexa, ear and mastoid process",Background diabetic retinopathy,23106,271,1.91 [1.70-2.14],9.84221173200786e-28
KLK4,Kallikrein-4,"Chapter VII Diseases of the eye, adnexa, ear and mastoid process","Conjunctivitis (acute, non atopic)",23240,72,1.36 [1.01-1.82],0.0421498081739387
KLK4,Kallikrein-4,"Chapter VII Diseases of the eye, adnexa, ear and mastoid process","Diabetic nephropathy, excluding more controls",2476,78,2.51 [2.08-3.02],3.9726877693359003e-22
KLK4,Kallikrein-4,"Chapter VII Diseases of the eye, adnexa, ear and mastoid process",Diabetic neuropathy,3054,116,2.12 [1.81-2.49],7.883077637172403e-21
KLK4,Kallikrein-4,"Chapter VII Diseases of the eye, adnexa, ear and mastoid process",Diplopia,22662,111,1.55 [1.25-1.94],8.827795584087392e-05
KLK4,Kallikrein-4,"Chapter VII Diseases of the eye, adnexa, ear and mastoid process",Disorders of choroid and retina,23061,1445,1.29 [1.21-1.38],2.747906637683057e-13
KLK4,Kallikrein-4,"Chapter VII Diseases of the eye, adnexa, ear and mastoid process","Disorders of eyelid, lacrimal system and orbit",22945,897,1.12 [1.02-1.23],0.0142838252676174
KLK4,Kallikrein-4,"Chapter VII Diseases of the eye, adnexa, ear and mastoid process","Disorders of sclera, cornea, iris and ciliary body",23320,501,1.19 [1.06-1.35],0.0045024437126774
KLK4,Kallikrein-4,"Chapter VII Diseases of the eye, adnexa, ear and mastoid process",Glaucoma,23228,1030,1.19 [1.10-1.29],4.2160901024578925e-05
KLK4,Kallikrein-4,"Chapter VII Diseases of the eye, adnexa, ear and mastoid process",Keratitis,23212,393,1.17 [1.02-1.34],0.0271251110689634
KLK4,Kallikrein-4,"Chapter VII Diseases of the eye, adnexa, ear and mastoid process",Other and unspecified glaucoma,22887,689,1.25 [1.13-1.38],1.2855232541157205e-05
KLK4,Kallikrein-4,"Chapter VII Diseases of the eye, adnexa, ear and mastoid process",Other cataract,20882,3269,1.18 [1.12-1.24],2.6341883886909613e-11
KLK4,Kallikrein-4,"Chapter VII Diseases of the eye, adnexa, ear and mastoid process",Other disorders of eye and adnexa,23350,191,1.28 [1.06-1.54],0.0102798124757389
KLK4,Kallikrein-4,"Chapter VII Diseases of the eye, adnexa, ear and mastoid process",Other specified and unspecified retinal disorders,21783,167,1.28 [1.04-1.57],0.0179999608757498
KLK4,Kallikrein-4,"Chapter VII Diseases of the eye, adnexa, ear and mastoid process","Primary open-angle glaucoma, strict",22495,297,1.22 [1.05-1.43],0.0097937634057962
KLK4,Kallikrein-4,"Chapter VII Diseases of the eye, adnexa, ear and mastoid process",Retinal vascular occlusion,21751,135,1.34 [1.08-1.68],0.0090346147039203
KLK4,Kallikrein-4,"Chapter VII Diseases of the eye, adnexa, ear and mastoid process",Senile cataract,20377,2764,1.13 [1.07-1.19],5.266262383445542e-06
KLK4,Kallikrein-4,"Chapter VII Diseases of the eye, adnexa, ear and mastoid process",Visual disturbances,23066,515,1.20 [1.06-1.35],0.0027100222972052
KLK4,Kallikrein-4,"Chapter VII Diseases of the eye, adnexa, ear and mastoid process",Visual impairment including blindness (binocular or monocular),22761,210,1.34 [1.13-1.60],0.0009256746311522
KLK4,Kallikrein-4,Chapter VIII Diseases of the ear and mastoid process,Diseases of middle ear and mastoid,23224,120,1.37 [1.09-1.72],0.0066001321560674
KLK4,Kallikrein-4,Chapter VIII Diseases of the ear and mastoid process,Other disorders of ear,23257,1262,1.23 [1.14-1.32],4.2366471188281294e-08
KLK4,Kallikrein-4,Chapter VIII Diseases of the ear and mastoid process,Other specified/unspecified hearing loss,22949,954,1.25 [1.15-1.36],1.2732212209375336e-07
KLK4,Kallikrein-4,Chapter VIII Diseases of the ear and mastoid process,Sensorineural hearing loss,22150,155,1.33 [1.08-1.63],0.0069353672158029
KLK4,Kallikrein-4,Chapter X Diseases of the respiratory system,Acute upper respiratory infections,23290,187,1.22 [1.01-1.48],0.039209686418572
KLK4,Kallikrein-4,Chapter X Diseases of the respiratory system,All influenza,20659,158,1.71 [1.43-2.03],2.165967322153659e-09
KLK4,Kallikrein-4,Chapter X Diseases of the respiratory system,All influenza (not pneumonia),20656,155,1.68 [1.40-2.01],1.4179188930183013e-08
KLK4,Kallikrein-4,Chapter X Diseases of the respiratory system,"Asthma, excluding more controls",15632,1725,1.23 [1.15-1.31],3.7079714786518395e-09
KLK4,Kallikrein-4,Chapter X Diseases of the respiratory system,"Asthma, unspecified (mode)",16004,1702,1.22 [1.14-1.30],1.702445921071565e-08
KLK4,Kallikrein-4,Chapter X Diseases of the respiratory system,Bacterial pneumonia (organism specified),22842,179,1.47 [1.23-1.75],1.701422179362534e-05
KLK4,Kallikrein-4,Chapter X Diseases of the respiratory system,"Bacterial pneumonia, not elsewhere classified",20606,105,1.44 [1.14-1.83],0.0025235504751983
KLK4,Kallikrein-4,Chapter X Diseases of the respiratory system,Bronchiectasis,19595,520,1.44 [1.29-1.61],1.4445702281671438e-10
KLK4,Kallikrein-4,Chapter X Diseases of the respiratory system,Chronic lower respiratory diseases,22226,3151,1.20 [1.14-1.26],8.88064758770217e-14
KLK4,Kallikrein-4,Chapter X Diseases of the respiratory system,"COPD, hospital admissions 1, only main diagnosis",23069,1644,1.31 [1.23-1.39],1.0797274187192476e-17
KLK4,Kallikrein-4,Chapter X Diseases of the respiratory system,Diseases of the respiratory system,21193,6163,1.22 [1.18-1.27],7.391159828740095e-30
KLK4,Kallikrein-4,Chapter X Diseases of the respiratory system,Early onset COPD,21535,110,1.44 [1.15-1.80],0.0016894130265379
KLK4,Kallikrein-4,Chapter X Diseases of the respiratory system,Emphysema,19514,439,1.52 [1.36-1.71],1.034631104291278e-12
KLK4,Kallikrein-4,Chapter X Diseases of the respiratory system,Idiopathic pulmonary fibrosis,22051,454,1.39 [1.24-1.56],2.859387904867097e-08
KLK4,Kallikrein-4,Chapter X Diseases of the respiratory system,Influenza and pneumonia,23104,2603,1.41 [1.34-1.48],7.89168135424732e-45
KLK4,Kallikrein-4,Chapter X Diseases of the respiratory system,Interstitial lung disease,22094,497,1.37 [1.23-1.53],2.2648814409124143e-08
KLK4,Kallikrein-4,Chapter X Diseases of the respiratory system,Later onset COPD,22836,1534,1.30 [1.22-1.39],4.665664618408473e-16
KLK4,Kallikrein-4,Chapter X Diseases of the respiratory system,Lung diseases due to external agents,23347,500,1.33 [1.19-1.48],6.152232946233579e-07
KLK4,Kallikrein-4,Chapter X Diseases of the respiratory system,Other acute lower respiratory infections,23079,1313,1.44 [1.35-1.54],4.430088799359591e-28
KLK4,Kallikrein-4,Chapter X Diseases of the respiratory system,Other diseases of pleura,23070,2716,1.36 [1.30-1.43],3.845399462870172e-36
KLK4,Kallikrein-4,Chapter X Diseases of the respiratory system,Other respiratory diseases principally affecting the interstitium,23243,596,1.40 [1.27-1.54],1.489379773589856e-11
KLK4,Kallikrein-4,Chapter X Diseases of the respiratory system,Other respiratory disorders and diseases,23234,1732,1.38 [1.30-1.46],5.0656105355782147e-26
KLK4,Kallikrein-4,Chapter X Diseases of the respiratory system,Pleural effusion,21737,1383,1.50 [1.40-1.59],6.250005330339747e-35
KLK4,Kallikrein-4,Chapter X Diseases of the respiratory system,Pleural plaque,20608,254,1.36 [1.17-1.60],0.0001148816375234
KLK4,Kallikrein-4,Chapter X Diseases of the respiratory system,"Pneumonia, organism unspecified",22816,2315,1.45 [1.38-1.52],4.5594717144854605e-48
KLK4,Kallikrein-4,Chapter X Diseases of the respiratory system,Pneumonitis due to solids and liquids,23237,390,1.33 [1.17-1.51],8.757822594836342e-06
KLK4,Kallikrein-4,Chapter X Diseases of the respiratory system,Pneumothorax,20525,171,1.39 [1.14-1.69],0.0009213980792183
KLK4,Kallikrein-4,Chapter X Diseases of the respiratory system,Pulmonary oedema,22740,93,1.61 [1.28-2.03],4.7822059740074335e-05
KLK4,Kallikrein-4,Chapter X Diseases of the respiratory system,Respiratory insufficiency,14373,71,1.73 [1.31-2.27],9.183704292619544e-05
KLK4,Kallikrein-4,Chapter X Diseases of the respiratory system,Unspecified acute lower respiratory infection,23055,1289,1.45 [1.36-1.55],1.1333800617873854e-28
KLK4,Kallikrein-4,Chapter X Diseases of the respiratory system,Viral pneumonia,20807,306,1.47 [1.28-1.69],1.0107692996894144e-07
KLK4,Kallikrein-4,Chapter X Diseases of the respiratory system,"Viral pneumonia (unknown virus, not influenza)",22854,245,1.33 [1.13-1.57],0.0005830705537034
KLK4,Kallikrein-4,Chapter X Diseases of the respiratory system,Vocal cord dysfunction,7439,118,1.51 [1.20-1.90],0.0004319912120981
KLK4,Kallikrein-4,Chapter XI Diseases of the digestive system,Acute gastritis,16245,107,1.29 [1.00-1.66],0.0478469056791477
KLK4,Kallikrein-4,Chapter XI Diseases of the digestive system,Acute pancreatitis,21296,199,1.35 [1.13-1.61],0.0007534551422905
KLK4,Kallikrein-4,Chapter XI Diseases of the digestive system,Acute peritonitis,22865,113,1.43 [1.15-1.80],0.001596508343015
KLK4,Kallikrein-4,Chapter XI Diseases of the digestive system,Alcoholic liver disease,22373,64,1.47 [1.12-1.94],0.005837434313378
KLK4,Kallikrein-4,Chapter XI Diseases of the digestive system,"Cholangitis (primary sclerosing, PSC)",21242,145,1.56 [1.29-1.88],4.25921376404593e-06
KLK4,Kallikrein-4,Chapter XI Diseases of the digestive system,"Cholangitis (primary sclerosing, PSC), with reimbursement 202",22937,145,1.54 [1.28-1.86],6.9524723613552295e-06
KLK4,Kallikrein-4,Chapter XI Diseases of the digestive system,Cholecystitis,21321,224,1.33 [1.13-1.57],0.0007604985092195
KLK4,Kallikrein-4,Chapter XI Diseases of the digestive system,Cholelithiasis,22160,1063,1.16 [1.06-1.26],0.0006534384612385
KLK4,Kallikrein-4,Chapter XI Diseases of the digestive system,"Cirrhosis of liver, NAS",23226,127,1.41 [1.15-1.74],0.0011344618593988
KLK4,Kallikrein-4,Chapter XI Diseases of the digestive system,Constipation,23074,2158,1.23 [1.16-1.30],1.0355232220039117e-12
KLK4,Kallikrein-4,Chapter XI Diseases of the digestive system,Crohn disease,21580,89,1.36 [1.05-1.78],0.0222338790824603
KLK4,Kallikrein-4,Chapter XI Diseases of the digestive system,Crohn's disease NAS,21572,81,1.37 [1.04-1.82],0.027074276555249
KLK4,Kallikrein-4,Chapter XI Diseases of the digestive system,Diaphragmatic hernia,20192,2589,1.14 [1.08-1.21],1.234371952994496e-06
KLK4,Kallikrein-4,Chapter XI Diseases of the digestive system,Diseases of liver,23240,931,1.27 [1.17-1.38],2.3899681604994368e-08
KLK4,Kallikrein-4,Chapter XI Diseases of the digestive system,"Diseases of oesophagus, stomach and duodenum",20783,4645,1.12 [1.07-1.16],7.895268900285253e-08
KLK4,Kallikrein-4,Chapter XI Diseases of the digestive system,"Diseases of oral cavity, salivary glands and jaws",23025,478,1.16 [1.03-1.32],0.0158977945814999
KLK4,Kallikrein-4,Chapter XI Diseases of the digestive system,Diseases of peritoneum,23272,520,1.15 [1.02-1.29],0.0240564837461124
KLK4,Kallikrein-4,Chapter XI Diseases of the digestive system,Diseases of the digestive system,23020,1551,1.23 [1.15-1.32],8.181670844359563e-10
KLK4,Kallikrein-4,Chapter XI Diseases of the digestive system,"Disorders of gallbladder, biliary tract and pancreas",22632,1535,1.17 [1.10-1.26],4.454551625742947e-06
KLK4,Kallikrein-4,Chapter XI Diseases of the digestive system,Diverticular disease of intestine,18549,3809,1.07 [1.02-1.12],0.0051256737926323
KLK4,Kallikrein-4,Chapter XI Diseases of the digestive system,Duodenal ulcer,16389,251,1.20 [1.02-1.42],0.0280829900881455
KLK4,Kallikrein-4,Chapter XI Diseases of the digestive system,Fibrosis and cirrhosis of liver,22457,148,1.46 [1.21-1.77],0.0001008328688364
KLK4,Kallikrein-4,Chapter XI Diseases of the digestive system,Gastric ulcer,16572,434,1.21 [1.06-1.37],0.0035674835679446
KLK4,Kallikrein-4,Chapter XI Diseases of the digestive system,Gastro-oesophageal reflux disease,18835,2697,1.12 [1.06-1.18],5.046506885794106e-05
KLK4,Kallikrein-4,Chapter XI Diseases of the digestive system,Gastroduodenal ulcer,16799,661,1.21 [1.09-1.34],0.0002461628306751
KLK4,Kallikrein-4,Chapter XI Diseases of the digestive system,Gastrointestinal diseases,16864,8297,1.07 [1.03-1.10],8.299403493022168e-05
KLK4,Kallikrein-4,Chapter XI Diseases of the digestive system,GI-bleeding,22759,1290,1.26 [1.17-1.35],4.259901672666132e-10
KLK4,Kallikrein-4,Chapter XI Diseases of the digestive system,"Hepatic failure, not elsewhere classified",22379,70,1.64 [1.27-2.11],0.0001185700590876
KLK4,Kallikrein-4,Chapter XI Diseases of the digestive system,Hernia,21285,3682,1.12 [1.07-1.17],6.514960634630428e-07
KLK4,Kallikrein-4,Chapter XI Diseases of the digestive system,Inguinal hernia,18710,1107,1.10 [1.01-1.20],0.0227402432223023
KLK4,Kallikrein-4,Chapter XI Diseases of the digestive system,"Inguinal hernia, bilateral",17729,126,1.32 [1.05-1.65],0.016804130020741
KLK4,Kallikrein-4,Chapter XI Diseases of the digestive system,Intestinal adhesions without obstruction,14857,117,1.32 [1.03-1.69],0.0262562544976816
KLK4,Kallikrein-4,Chapter XI Diseases of the digestive system,Nonalcoholic fatty liver disease,23332,344,1.16 [1.00-1.33],0.046209878207661
KLK4,Kallikrein-4,Chapter XI Diseases of the digestive system,Noninfectious colitis NAS,22284,793,1.25 [1.14-1.37],2.7060559075811023e-06
KLK4,Kallikrein-4,Chapter XI Diseases of the digestive system,Noninfective enteritis and colitis,22596,1105,1.22 [1.13-1.33],5.699311896715094e-07
KLK4,Kallikrein-4,Chapter XI Diseases of the digestive system,Oesophageal obstruction,16359,221,1.22 [1.02-1.46],0.0303102968471784
KLK4,Kallikrein-4,Chapter XI Diseases of the digestive system,Oesophagitis,16844,706,1.21 [1.10-1.34],0.000160239803049
KLK4,Kallikrein-4,Chapter XI Diseases of the digestive system,Other and unspecified abdominal hernia,17689,86,1.64 [1.28-2.09],7.230825522605733e-05
KLK4,Kallikrein-4,Chapter XI Diseases of the digestive system,Other diseases of biliary tract,21459,362,1.19 [1.03-1.37],0.0150530709167574
KLK4,Kallikrein-4,Chapter XI Diseases of the digestive system,Other diseases of intestine,16694,1954,1.12 [1.05-1.19],0.0006045967525251
KLK4,Kallikrein-4,Chapter XI Diseases of the digestive system,Other diseases of intestines,21017,6277,1.09 [1.05-1.13],1.9825641393200386e-06
KLK4,Kallikrein-4,Chapter XI Diseases of the digestive system,Other diseases of liver,23080,771,1.26 [1.15-1.38],1.3370285931706366e-06
KLK4,Kallikrein-4,Chapter XI Diseases of the digestive system,Other diseases of oesophagus,16913,775,1.22 [1.11-1.34],5.908414133936902e-05
KLK4,Kallikrein-4,Chapter XI Diseases of the digestive system,Other diseases of pancreas,21314,217,1.35 [1.13-1.60],0.0007281652055865
KLK4,Kallikrein-4,Chapter XI Diseases of the digestive system,Other diseases of stomach and duodenum,17250,1112,1.18 [1.09-1.28],7.506684483634448e-05
KLK4,Kallikrein-4,Chapter XI Diseases of the digestive system,Other diseases of the digestive system,22776,1307,1.26 [1.17-1.35],5.802568155712436e-10
KLK4,Kallikrein-4,Chapter XI Diseases of the digestive system,Other disorders of teeth and supporting structures,22727,180,1.25 [1.04-1.52],0.0206661851787662
KLK4,Kallikrein-4,Chapter XI Diseases of the digestive system,Other functional intestinal disorders,16944,2204,1.24 [1.17-1.32],9.585389968980937e-14
KLK4,Kallikrein-4,Chapter XI Diseases of the digestive system,Other gastritis (incl. Duodenitis),18327,2189,1.13 [1.07-1.20],3.1143893593533075e-05
KLK4,Kallikrein-4,Chapter XI Diseases of the digestive system,Other noninfective gastroenteritis and colitis,22464,973,1.22 [1.12-1.33],2.8067133817115635e-06
KLK4,Kallikrein-4,Chapter XI Diseases of the digestive system,"Other or unspecified ileus, impaction or obstruction",15194,454,1.32 [1.17-1.49],1.0503680536138358e-05
KLK4,Kallikrein-4,Chapter XI Diseases of the digestive system,Paralytic ileus and intestinal obstruction,15366,626,1.33 [1.19-1.47],1.3331429716735816e-07
KLK4,Kallikrein-4,Chapter XI Diseases of the digestive system,"Postprocedural disorders of digestive system, not elsewhere classified",21628,159,1.39 [1.14-1.69],0.0009414084680437
KLK4,Kallikrein-4,Chapter XI Diseases of the digestive system,Toxic colitis,21572,81,1.51 [1.15-1.97],0.0027846641381366
KLK4,Kallikrein-4,Chapter XI Diseases of the digestive system,Ulcer of oesophagus,16481,343,1.16 [1.00-1.34],0.0433077795357285
KLK4,Kallikrein-4,Chapter XI Diseases of the digestive system,Ulcerative colitis,21662,171,1.32 [1.08-1.61],0.0056381621752345
KLK4,Kallikrein-4,Chapter XI Diseases of the digestive system,Vascular disorders of the intestines,14989,249,1.47 [1.25-1.72],2.935061190755328e-06
KLK4,Kallikrein-4,Chapter XI Diseases of the digestive system,Ventral hernia,17892,289,1.29 [1.11-1.51],0.0009665355351665
KLK4,Kallikrein-4,Chapter XI Diseases of the digestive system,Volvulus,14835,95,1.32 [1.01-1.73],0.0451089756331995
KLK4,Kallikrein-4,Chapter XII Diseases of the skin and subcutaneous tissue,Arthropathic psoriasis,22995,66,1.49 [1.12-1.98],0.0068729304160549
KLK4,Kallikrein-4,Chapter XII Diseases of the skin and subcutaneous tissue,Cellulitis,22729,839,1.59 [1.47-1.72],2.8685765672143447e-32
KLK4,Kallikrein-4,Chapter XII Diseases of the skin and subcutaneous tissue,"Cutaneous abscess, furuncle and carbuncle",22036,146,1.53 [1.27-1.86],1.2824208191175196e-05
KLK4,Kallikrein-4,Chapter XII Diseases of the skin and subcutaneous tissue,Decubitus ulcer and pressure area,21245,637,1.74 [1.59-1.90],3.887510390846269e-35
KLK4,Kallikrein-4,Chapter XII Diseases of the skin and subcutaneous tissue,Dermatitis,23016,319,1.22 [1.05-1.41],0.0094224646700616
KLK4,Kallikrein-4,Chapter XII Diseases of the skin and subcutaneous tissue,Dermatitis and eczema,23261,564,1.36 [1.23-1.51],7.218471649818918e-09
KLK4,Kallikrein-4,Chapter XII Diseases of the skin and subcutaneous tissue,Dermatitis due to substances taken internally,22746,49,1.60 [1.16-2.21],0.0041168321468769
KLK4,Kallikrein-4,Chapter XII Diseases of the skin and subcutaneous tissue,Diseases of the skin and subcutaneous tissue,21749,3773,1.31 [1.26-1.37],1.0460054453046965e-35
KLK4,Kallikrein-4,Chapter XII Diseases of the skin and subcutaneous tissue,Infections of the skin and subcutaneous tissue,22974,1084,1.53 [1.43-1.64],5.998186443760993e-33
KLK4,Kallikrein-4,Chapter XII Diseases of the skin and subcutaneous tissue,Lupus erythematosus,20666,58,1.50 [1.07-2.11],0.0196729750752364
KLK4,Kallikrein-4,Chapter XII Diseases of the skin and subcutaneous tissue,Nail disorders,22546,63,1.56 [1.18-2.06],0.0018498672931827
KLK4,Kallikrein-4,Chapter XII Diseases of the skin and subcutaneous tissue,Other and unspecified dermatitis,23002,305,1.17 [1.00-1.36],0.0445930166927101
KLK4,Kallikrein-4,Chapter XII Diseases of the skin and subcutaneous tissue,Other and unspecified disorders of skin and subcutaneous tissue,21221,613,1.19 [1.06-1.33],0.00216162740926
KLK4,Kallikrein-4,Chapter XII Diseases of the skin and subcutaneous tissue,Other and unspecified erythematous conditions,23274,96,1.63 [1.30-2.04],2.060497573219143e-05
KLK4,Kallikrein-4,Chapter XII Diseases of the skin and subcutaneous tissue,Other and unspecified local infections of skin and subcutaneous tissue,22122,232,1.86 [1.63-2.12],7.144198995093859e-21
KLK4,Kallikrein-4,Chapter XII Diseases of the skin and subcutaneous tissue,Other contact dermatitis,22795,98,1.71 [1.37-2.13],2.2511626304975555e-06
KLK4,Kallikrein-4,Chapter XII Diseases of the skin and subcutaneous tissue,Other disorders of skin and subcutaneous tissue,22743,2135,1.39 [1.31-1.46],3.623146412992222e-32
KLK4,Kallikrein-4,Chapter XII Diseases of the skin and subcutaneous tissue,"Other disorders of skin and subcutaneous tissue, not elsewhere classified",21267,659,1.27 [1.15-1.41],5.128517357684223e-06
KLK4,Kallikrein-4,Chapter XII Diseases of the skin and subcutaneous tissue,Pruritus,22772,75,1.55 [1.18-2.02],0.0014299015254906
KLK4,Kallikrein-4,Chapter XII Diseases of the skin and subcutaneous tissue,"Ulcer of lower limb, not elsewhere classified",20951,343,2.18 [1.98-2.40],5.312843103236202e-58
KLK4,Kallikrein-4,Chapter XII Diseases of the skin and subcutaneous tissue,Urticaria and erythema,23335,157,1.54 [1.28-1.85],4.613881057273644e-06
KLK4,Kallikrein-4,Chapter XIII Diseases of the musculoskeletal system and connective tissue,Arthropathies,20585,6508,1.16 [1.12-1.20],2.1007623571887118e-16
KLK4,Kallikrein-4,Chapter XIII Diseases of the musculoskeletal system and connective tissue,Arthrosis,19156,5079,1.17 [1.13-1.22],4.827882212575593e-15
KLK4,Kallikrein-4,Chapter XIII Diseases of the musculoskeletal system and connective tissue,Cervical disc disorders,19380,148,1.61 [1.34-1.94],5.521511107216661e-07
KLK4,Kallikrein-4,Chapter XIII Diseases of the musculoskeletal system and connective tissue,Cervicalgia,19425,193,1.50 [1.26-1.79],4.75010606551421e-06
KLK4,Kallikrein-4,Chapter XIII Diseases of the musculoskeletal system and connective tissue,Chondropathies,23097,65,1.48 [1.09-2.00],0.0116442088643134
KLK4,Kallikrein-4,Chapter XIII Diseases of the musculoskeletal system and connective tissue,"Collapsed vertebra, not elsewhere classified",19383,151,1.25 [1.01-1.56],0.0440689886695537
KLK4,Kallikrein-4,Chapter XIII Diseases of the musculoskeletal system and connective tissue,Coxarthrosis,15578,1501,1.25 [1.16-1.34],1.672143444474671e-09
KLK4,Kallikrein-4,Chapter XIII Diseases of the musculoskeletal system and connective tissue,Deforming dorsopathies,19825,593,1.30 [1.17-1.45],2.2591309668180047e-06
KLK4,Kallikrein-4,Chapter XIII Diseases of the musculoskeletal system and connective tissue,Diseases of the musculoskeletal system and connective tissue,18901,8117,1.16 [1.12-1.20],1.340875904224595e-18
KLK4,Kallikrein-4,Chapter XIII Diseases of the musculoskeletal system and connective tissue,Disorders of muscles,19575,186,1.40 [1.16-1.69],0.0004253202792711
KLK4,Kallikrein-4,Chapter XIII Diseases of the musculoskeletal system and connective tissue,Dorsopathies,22412,3180,1.18 [1.13-1.24],1.0230446852577706e-11
KLK4,Kallikrein-4,Chapter XIII Diseases of the musculoskeletal system and connective tissue,Fibroblastic disorders,19704,315,1.29 [1.12-1.50],0.0005545675815305
KLK4,Kallikrein-4,Chapter XIII Diseases of the musculoskeletal system and connective tissue,Giant cell arteritis,22606,103,1.34 [1.03-1.74],0.0290753230938708
KLK4,Kallikrein-4,Chapter XIII Diseases of the musculoskeletal system and connective tissue,Gonarthrosis,16111,2034,1.22 [1.15-1.30],1.4891075389724552e-10
KLK4,Kallikrein-4,Chapter XIII Diseases of the musculoskeletal system and connective tissue,Gout,14884,807,1.61 [1.49-1.75],2.789428307393297e-31
KLK4,Kallikrein-4,Chapter XIII Diseases of the musculoskeletal system and connective tissue,"Gout, unspecified",23266,800,1.45 [1.34-1.58],1.9410130220052468e-19
KLK4,Kallikrein-4,Chapter XIII Diseases of the musculoskeletal system and connective tissue,Hallux valgus (acquired),14379,302,1.24 [1.05-1.47],0.0104830408373959
KLK4,Kallikrein-4,Chapter XIII Diseases of the musculoskeletal system and connective tissue,Kyphosis,19314,82,1.58 [1.22-2.06],0.0005428872023921
KLK4,Kallikrein-4,Chapter XIII Diseases of the musculoskeletal system and connective tissue,Low back pain,19925,693,1.29 [1.16-1.42],7.270497621526688e-07
KLK4,Kallikrein-4,Chapter XIII Diseases of the musculoskeletal system and connective tissue,Lumbar disc prolapse,19554,322,1.24 [1.07-1.44],0.0041430999391894
KLK4,Kallikrein-4,Chapter XIII Diseases of the musculoskeletal system and connective tissue,"Neuralgia and neuritis, unspecified",19448,59,1.58 [1.15-2.15],0.0044169849289822
KLK4,Kallikrein-4,Chapter XIII Diseases of the musculoskeletal system and connective tissue,Osteomyelitis,20761,86,2.38 [1.96-2.88],1.5609387193701337e-18
KLK4,Kallikrein-4,Chapter XIII Diseases of the musculoskeletal system and connective tissue,Osteopathies and chondropathies,22927,2252,1.25 [1.18-1.33],6.605824789061537e-14
KLK4,Kallikrein-4,Chapter XIII Diseases of the musculoskeletal system and connective tissue,Osteoporosis,22251,1576,1.21 [1.12-1.30],2.5626327968646893e-07
KLK4,Kallikrein-4,Chapter XIII Diseases of the musculoskeletal system and connective tissue,"Other (seronegative) rheumatoid arthritis, wide",23187,548,1.40 [1.25-1.56],1.2502769655709523e-09
KLK4,Kallikrein-4,Chapter XIII Diseases of the musculoskeletal system and connective tissue,Other arthrosis,17237,3160,1.30 [1.24-1.37],2.21576672137758e-28
KLK4,Kallikrein-4,Chapter XIII Diseases of the musculoskeletal system and connective tissue,Other bursopathies,19496,107,1.33 [1.03-1.71],0.0308382890654954
KLK4,Kallikrein-4,Chapter XIII Diseases of the musculoskeletal system and connective tissue,Other crystal arthropathies,14148,71,1.95 [1.53-2.48],6.006181219459525e-08
KLK4,Kallikrein-4,Chapter XIII Diseases of the musculoskeletal system and connective tissue,Other deformities of toe(s),14212,135,1.33 [1.04-1.69],0.0219367606084506
KLK4,Kallikrein-4,Chapter XIII Diseases of the musculoskeletal system and connective tissue,Other disorders of bone,20923,248,1.33 [1.12-1.57],0.0011334030171556
KLK4,Kallikrein-4,Chapter XIII Diseases of the musculoskeletal system and connective tissue,Other disorders of bone density and structure,21189,514,1.23 [1.09-1.40],0.0009506120613983
KLK4,Kallikrein-4,Chapter XIII Diseases of the musculoskeletal system and connective tissue,Other disorders of the musculoskeletal system and connective tissue,23340,114,1.95 [1.62-2.35],1.4879785988762645e-12
KLK4,Kallikrein-4,Chapter XIII Diseases of the musculoskeletal system and connective tissue,"Other dorsopathies, not elsewhere classified",21239,2007,1.23 [1.15-1.30],2.3870588639554062e-11
KLK4,Kallikrein-4,Chapter XIII Diseases of the musculoskeletal system and connective tissue,Other enthesopathies,19467,78,1.42 [1.06-1.91],0.0184601222250311
KLK4,Kallikrein-4,Chapter XIII Diseases of the musculoskeletal system and connective tissue,Other intervertebral disc disorders,20031,799,1.26 [1.14-1.38],1.9068693278151088e-06
KLK4,Kallikrein-4,Chapter XIII Diseases of the musculoskeletal system and connective tissue,Other joint disorders,16287,2210,1.25 [1.18-1.33],8.640266992391054e-14
KLK4,Kallikrein-4,Chapter XIII Diseases of the musculoskeletal system and connective tissue,Other necrotizing vasculopathies,22632,129,1.49 [1.20-1.85],0.0003777044407266
KLK4,Kallikrein-4,Chapter XIII Diseases of the musculoskeletal system and connective tissue,Other psoriatic arthropathies,23352,63,1.54 [1.16-2.06],0.0031751192067424
KLK4,Kallikrein-4,Chapter XIII Diseases of the musculoskeletal system and connective tissue,"Other soft tissue disorders, not elsewhere classified",20752,1363,1.33 [1.24-1.43],1.4965497584853301e-15
KLK4,Kallikrein-4,Chapter XIII Diseases of the musculoskeletal system and connective tissue,Other specified disorders of muscle,19499,110,1.37 [1.07-1.75],0.0138365883873154
KLK4,Kallikrein-4,Chapter XIII Diseases of the musculoskeletal system and connective tissue,Other specified/unspecified arthritis,16177,2100,1.29 [1.21-1.37],6.134327697515223e-17
KLK4,Kallikrein-4,Chapter XIII Diseases of the musculoskeletal system and connective tissue,Other specified/unspecified inflammatory spondylopathies,19428,196,1.29 [1.07-1.55],0.0086092454241357
KLK4,Kallikrein-4,Chapter XIII Diseases of the musculoskeletal system and connective tissue,Other specified/unspecified soft tissue disorders,20079,690,1.41 [1.28-1.55],2.2041380408883378e-12
KLK4,Kallikrein-4,Chapter XIII Diseases of the musculoskeletal system and connective tissue,Other systemic involvement of connective tissue,22996,493,1.32 [1.18-1.49],3.4673783877111995e-06
KLK4,Kallikrein-4,Chapter XIII Diseases of the musculoskeletal system and connective tissue,Other/unspecified dorsalgia,19903,671,1.27 [1.15-1.40],4.876292722460728e-06
KLK4,Kallikrein-4,Chapter XIII Diseases of the musculoskeletal system and connective tissue,Other/unspecified rheumatoid arthritis,23202,542,1.41 [1.26-1.57],5.092713571533269e-10
KLK4,Kallikrein-4,Chapter XIII Diseases of the musculoskeletal system and connective tissue,Other/unspecified seropositive rheumatoid arthritis,23337,70,1.64 [1.26-2.15],0.0002974572341958
KLK4,Kallikrein-4,Chapter XIII Diseases of the musculoskeletal system and connective tissue,Other/unspecified synovitis and tenosynovitis,19559,170,1.25 [1.01-1.54],0.0365100025799142
KLK4,Kallikrein-4,Chapter XIII Diseases of the musculoskeletal system and connective tissue,Pain in joint,18178,902,1.39 [1.28-1.52],1.7565842969713454e-14
KLK4,Kallikrein-4,Chapter XIII Diseases of the musculoskeletal system and connective tissue,Pain in limb,20042,653,1.37 [1.24-1.51],1.099089451402342e-09
KLK4,Kallikrein-4,Chapter XIII Diseases of the musculoskeletal system and connective tissue,Palmar fascial fibromatosis [Dupuytren],19673,284,1.20 [1.03-1.41],0.022812625113134
KLK4,Kallikrein-4,Chapter XIII Diseases of the musculoskeletal system and connective tissue,Polyarthropathies,17241,3164,1.32 [1.26-1.38],6.44351505392041e-30
KLK4,Kallikrein-4,Chapter XIII Diseases of the musculoskeletal system and connective tissue,Polyarthrosis,14931,854,1.41 [1.29-1.55],9.893562019079577e-14
KLK4,Kallikrein-4,Chapter XIII Diseases of the musculoskeletal system and connective tissue,Polymyalgia rheumatica,22881,378,1.21 [1.06-1.39],0.006475101551288
KLK4,Kallikrein-4,Chapter XIII Diseases of the musculoskeletal system and connective tissue,"Postprocedural musculoskeletal disorders, not elsewhere classified",23308,82,2.23 [1.83-2.71],8.240533024680818e-16
KLK4,Kallikrein-4,Chapter XIII Diseases of the musculoskeletal system and connective tissue,"Primary gonarthrosis, bilateral",20675,71,1.47 [1.12-1.95],0.0063699477992454
KLK4,Kallikrein-4,Chapter XIII Diseases of the musculoskeletal system and connective tissue,Psoriatic arthropathies,14141,64,1.71 [1.28-2.27],0.0002467119260551
KLK4,Kallikrein-4,Chapter XIII Diseases of the musculoskeletal system and connective tissue,Rheumatoid arthritis,14633,556,1.51 [1.36-1.68],7.69208622032126e-14
KLK4,Kallikrein-4,Chapter XIII Diseases of the musculoskeletal system and connective tissue,Sciatica+with lumbago,19520,288,1.26 [1.08-1.47],0.0037220758142668
KLK4,Kallikrein-4,Chapter XIII Diseases of the musculoskeletal system and connective tissue,Scoliosis,19500,268,1.44 [1.23-1.68],3.891594104645322e-06
KLK4,Kallikrein-4,Chapter XIII Diseases of the musculoskeletal system and connective tissue,Seronegative rheumatoid arthritis,16419,68,1.78 [1.33-2.36],8.220666240648903e-05
KLK4,Kallikrein-4,Chapter XIII Diseases of the musculoskeletal system and connective tissue,"Seropositive rheumatoid arthritis, wide",23342,75,1.54 [1.17-2.03],0.0018692004641823
KLK4,Kallikrein-4,Chapter XIII Diseases of the musculoskeletal system and connective tissue,Shoulder lesions,19952,563,1.17 [1.04-1.31],0.0090465698508727
KLK4,Kallikrein-4,Chapter XIII Diseases of the musculoskeletal system and connective tissue,Sicca syndrome [Sjgren],22595,92,1.37 [1.04-1.80],0.0274391861542405
KLK4,Kallikrein-4,Chapter XIII Diseases of the musculoskeletal system and connective tissue,Soft tissue disorders,22061,2672,1.23 [1.16-1.29],1.0581520390726607e-14
KLK4,Kallikrein-4,Chapter XIII Diseases of the musculoskeletal system and connective tissue,"Soft tissue disorders related to use, overuse and pressure",19539,150,1.41 [1.14-1.74],0.0015972131149214
KLK4,Kallikrein-4,Chapter XIII Diseases of the musculoskeletal system and connective tissue,Spinal stenosis,19957,725,1.26 [1.14-1.39],2.9951384704147814e-06
KLK4,Kallikrein-4,Chapter XIII Diseases of the musculoskeletal system and connective tissue,Spondyloarthritis,21976,275,1.28 [1.10-1.50],0.0019581522013982
KLK4,Kallikrein-4,Chapter XIII Diseases of the musculoskeletal system and connective tissue,Spondylolisthesis/Spondylolysis,19492,260,1.20 [1.01-1.42],0.033194276791286
KLK4,Kallikrein-4,Chapter XIII Diseases of the musculoskeletal system and connective tissue,Spondylopathies,21266,2034,1.24 [1.17-1.32],3.403849367314622e-13
KLK4,Kallikrein-4,Chapter XIII Diseases of the musculoskeletal system and connective tissue,Spondylosis,20562,1330,1.29 [1.20-1.38],4.962528971077729e-12
KLK4,Kallikrein-4,Chapter XIII Diseases of the musculoskeletal system and connective tissue,Synovial cyst of popliteal space [Baker],19452,63,1.42 [1.03-1.97],0.0344272105018664
KLK4,Kallikrein-4,Chapter XIII Diseases of the musculoskeletal system and connective tissue,Systemic lupus erythematosus,22621,118,1.48 [1.17-1.86],0.0010462941408843
KLK4,Kallikrein-4,Chapter XIII Diseases of the musculoskeletal system and connective tissue,Wrist or foot drop (acquired),14154,77,1.52 [1.14-2.04],0.0047824822493598
KLK4,Kallikrein-4,Chapter XIV Diseases of the genitourinary system,Acute renal failure,21838,2275,1.69 [1.62-1.77],2.36231827143004e-112
KLK4,Kallikrein-4,Chapter XIV Diseases of the genitourinary system,Chronic kidney disease,21916,2353,1.80 [1.73-1.88],1.3177243141789028e-159
KLK4,Kallikrein-4,Chapter XIV Diseases of the genitourinary system,Chronic nephritic syndrome,23127,135,2.35 [2.07-2.68],7.211121496932315e-39
KLK4,Kallikrein-4,Chapter XIV Diseases of the genitourinary system,Cyst of kidney,23049,409,1.32 [1.17-1.50],1.1940363855906953e-05
KLK4,Kallikrein-4,Chapter XIV Diseases of the genitourinary system,Dialysis,19659,96,2.74 [2.43-3.11],8.993478430977423e-58
KLK4,Kallikrein-4,Chapter XIV Diseases of the genitourinary system,Diseases of male genital organs,10294,2170,1.19 [1.12-1.26],1.4523294219066935e-09
KLK4,Kallikrein-4,Chapter XIV Diseases of the genitourinary system,Genitourinary diseases,19247,6355,1.33 [1.28-1.37],6.766396236114696e-61
KLK4,Kallikrein-4,Chapter XIV Diseases of the genitourinary system,Glomerular disorders in diseases classified elsewhere,23091,99,2.43 [2.09-2.81],5.131910725132938e-32
KLK4,Kallikrein-4,Chapter XIV Diseases of the genitourinary system,Hydronephrosis,19633,353,1.43 [1.25-1.64],2.088064232795673e-07
KLK4,Kallikrein-4,Chapter XIV Diseases of the genitourinary system,Hyperplasia of prostate,9976,1852,1.19 [1.12-1.26],2.807682193442469e-08
KLK4,Kallikrein-4,Chapter XIV Diseases of the genitourinary system,Neuromuscular dysfunction of bladder,19250,88,1.48 [1.14-1.92],0.0036564966429727
KLK4,Kallikrein-4,Chapter XIV Diseases of the genitourinary system,Noninflammatory disorders of female genital tract,10373,1046,1.26 [1.15-1.37],1.6224137712359849e-07
KLK4,Kallikrein-4,Chapter XIV Diseases of the genitourinary system,Other abnormal uterine and vaginal bleeding,9366,39,1.67 [1.13-2.46],0.0092380011969672
KLK4,Kallikrein-4,Chapter XIV Diseases of the genitourinary system,"Other cystitis, drug-induced",23352,86,1.44 [1.11-1.87],0.0053673836886763
KLK4,Kallikrein-4,Chapter XIV Diseases of the genitourinary system,Other diseases of urinary system,22154,2992,1.25 [1.19-1.31],2.983565833281844e-19
KLK4,Kallikrein-4,Chapter XIV Diseases of the genitourinary system,Other disorders of  bladder,20112,950,1.20 [1.10-1.31],4.005955940511012e-05
KLK4,Kallikrein-4,Chapter XIV Diseases of the genitourinary system,Other disorders of kidney and ureter,23276,636,1.38 [1.25-1.52],1.92948900490142e-10
KLK4,Kallikrein-4,Chapter XIV Diseases of the genitourinary system,Other disorders of male genital organs,8277,153,1.44 [1.19-1.74],0.0001665881627777
KLK4,Kallikrein-4,Chapter XIV Diseases of the genitourinary system,Other disorders of penis,8285,161,1.54 [1.29-1.84],1.8156265833437336e-06
KLK4,Kallikrein-4,Chapter XIV Diseases of the genitourinary system,Other disorders of urethra and urinary system,21542,2380,1.34 [1.27-1.41],1.1393252266800027e-27
KLK4,Kallikrein-4,Chapter XIV Diseases of the genitourinary system,"Other noninflammatory disorders of uterus, except cervix",9469,142,1.28 [1.02-1.61],0.0351259459684085
KLK4,Kallikrein-4,Chapter XIV Diseases of the genitourinary system,Other obstructive and reflux uropathy,19697,417,1.43 [1.26-1.62],2.1527659563591586e-08
KLK4,Kallikrein-4,Chapter XIV Diseases of the genitourinary system,Other specified disorders of kidney and ureter,22844,204,1.40 [1.17-1.66],0.0001532768486483
KLK4,Kallikrein-4,Chapter XIV Diseases of the genitourinary system,Polyp of the female genital tract,9539,212,1.57 [1.32-1.87],3.050752449202907e-07
KLK4,Kallikrein-4,Chapter XIV Diseases of the genitourinary system,Postmenopausal bleeding,9535,208,1.50 [1.26-1.80],8.627171637448803e-06
KLK4,Kallikrein-4,Chapter XIV Diseases of the genitourinary system,"Redundant prepuce, phimosis and paraphimosis",8280,156,1.23 [1.00-1.50],0.0469892798560376
KLK4,Kallikrein-4,Chapter XIV Diseases of the genitourinary system,Renal tubulo-interstitial diseases,23068,3788,1.57 [1.52-1.64],1.8987361295099348e-120
KLK4,Kallikrein-4,Chapter XIV Diseases of the genitourinary system,"Tubulo-interstitial nephritis, not specified as acute or chronic",19377,97,1.81 [1.43-2.28],5.802023892187659e-07
KLK4,Kallikrein-4,Chapter XIV Diseases of the genitourinary system,Unspecified kidney failure,19745,182,2.00 [1.73-2.30],4.457245210771397e-22
KLK4,Kallikrein-4,Chapter XIV Diseases of the genitourinary system,Urethral stricture,19435,273,1.28 [1.09-1.50],0.0025922363909325
KLK4,Kallikrein-4,Chapter XIV Diseases of the genitourinary system,Uterine polyps,9364,37,1.85 [1.26-2.72],0.0017447992449465
