Protein,Protein_definition,Disease_category,Disease,NB_individual,NB_case,HR[95%CI],P_value
CIRBP,Cold-inducible RNA-binding protein,Chapter I Certain infectious and parasitic diseases,"Bacterial infection, other or unspecified",18958,152,1.07 [0.91-1.27],0.4114970107954022
CIRBP,Cold-inducible RNA-binding protein,Chapter I Certain infectious and parasitic diseases,"Bacterial intestinal infections, IBD co-morbidities",19934,208,1.01 [0.87-1.16],0.940784705836539
CIRBP,Cold-inducible RNA-binding protein,Chapter I Certain infectious and parasitic diseases,"Bacterial, viral and other infectious agents",19697,1434,1.05 [1.00-1.11],0.0547433051044507
CIRBP,Cold-inducible RNA-binding protein,Chapter I Certain infectious and parasitic diseases,Candidiasis,19948,459,1.05 [0.96-1.16],0.2963056485439196
CIRBP,Cold-inducible RNA-binding protein,Chapter I Certain infectious and parasitic diseases,Certain infectious and parasitic diseases,19294,3521,1.04 [1.01-1.08],0.0225555807531816
CIRBP,Cold-inducible RNA-binding protein,Chapter I Certain infectious and parasitic diseases,Condition for Implicit Sepsis (Organ dysfunction codes),19269,3576,1.02 [0.98-1.05],0.3376418849212875
CIRBP,Cold-inducible RNA-binding protein,Chapter I Certain infectious and parasitic diseases,Diarrhoea and gastroenteritis of presumed infectious origin,19700,1184,1.04 [0.98-1.10],0.2390688112582043
CIRBP,Cold-inducible RNA-binding protein,Chapter I Certain infectious and parasitic diseases,Enterocolitis due to Clostridium difficile,19860,111,0.99 [0.82-1.20],0.90673617729942
CIRBP,Cold-inducible RNA-binding protein,Chapter I Certain infectious and parasitic diseases,Explicit Sepsis,17588,1042,1.03 [0.97-1.10],0.2981380383094488
CIRBP,Cold-inducible RNA-binding protein,Chapter I Certain infectious and parasitic diseases,Implicit bacterial Sepsis,16946,1256,1.03 [0.98-1.09],0.2594758101565775
CIRBP,Cold-inducible RNA-binding protein,Chapter I Certain infectious and parasitic diseases,Implicit fungal Sepsis,16602,275,1.03 [0.91-1.17],0.6037977589929453
CIRBP,Cold-inducible RNA-binding protein,Chapter I Certain infectious and parasitic diseases,Implicit Sepsis,13009,2266,1.01 [0.97-1.05],0.6828463701297448
CIRBP,Cold-inducible RNA-binding protein,Chapter I Certain infectious and parasitic diseases,Implicit viral Sepsis,16550,401,1.08 [0.98-1.19],0.1406213906569842
CIRBP,Cold-inducible RNA-binding protein,Chapter I Certain infectious and parasitic diseases,Intestinal infectious diseases,19915,1399,1.02 [0.97-1.08],0.4155416690964996
CIRBP,Cold-inducible RNA-binding protein,Chapter I Certain infectious and parasitic diseases,Mycoses,20020,531,1.06 [0.97-1.15],0.2236134069685513
CIRBP,Cold-inducible RNA-binding protein,Chapter I Certain infectious and parasitic diseases,Other bacterial agents as the cause of diseases classified to other chapters,19272,1009,1.03 [0.96-1.10],0.3950487846721672
CIRBP,Cold-inducible RNA-binding protein,Chapter I Certain infectious and parasitic diseases,Other bacterial diseases,19957,1151,1.03 [0.97-1.10],0.2960102214374502
CIRBP,Cold-inducible RNA-binding protein,Chapter I Certain infectious and parasitic diseases,Other bacterial intestinal infections,18724,208,1.01 [0.88-1.16],0.9027952368468614
CIRBP,Cold-inducible RNA-binding protein,Chapter I Certain infectious and parasitic diseases,Other infectious diseases,20069,52,1.10 [0.83-1.46],0.4946320776402283
CIRBP,Cold-inducible RNA-binding protein,Chapter I Certain infectious and parasitic diseases,Other septicaemia,19810,1004,1.03 [0.96-1.10],0.3946959578146251
CIRBP,Cold-inducible RNA-binding protein,Chapter I Certain infectious and parasitic diseases,Other specified/unspecified bacterial intestinal infections,19814,65,1.04 [0.80-1.34],0.7800424518071771
CIRBP,Cold-inducible RNA-binding protein,Chapter I Certain infectious and parasitic diseases,Other viral diseases,20014,112,1.09 [0.90-1.32],0.4044218772726384
CIRBP,Cold-inducible RNA-binding protein,Chapter I Certain infectious and parasitic diseases,"Other viral diseases, not elsewhere classified",19999,97,1.08 [0.88-1.33],0.4435578066458967
CIRBP,Cold-inducible RNA-binding protein,Chapter I Certain infectious and parasitic diseases,Streptococcus and staphylococcus as the cause of diseases classified to other chapters,18658,395,1.14 [1.03-1.26],0.0135276231947174
CIRBP,Cold-inducible RNA-binding protein,Chapter I Certain infectious and parasitic diseases,Viral agents as the cause of diseases classified to other chapters,18520,257,1.04 [0.92-1.19],0.502136260088385
CIRBP,Cold-inducible RNA-binding protein,Chapter I Certain infectious and parasitic diseases,Viral and other specified intestinal infections,18618,102,1.08 [0.89-1.33],0.4335157108888313
CIRBP,Cold-inducible RNA-binding protein,Chapter I Certain infectious and parasitic diseases,Viral hepatitis,20054,47,0.92 [0.68-1.23],0.561071317312317
CIRBP,Cold-inducible RNA-binding protein,Chapter I Certain infectious and parasitic diseases,Viral infections characterized by skin and mucous membrane lesions,20009,152,1.11 [0.94-1.31],0.2046774076995137
CIRBP,Cold-inducible RNA-binding protein,Chapter I Certain infectious and parasitic diseases,Viral warts,19906,49,1.37 [1.02-1.84],0.0362801485354998
CIRBP,Cold-inducible RNA-binding protein,Chapter I Certain infectious and parasitic diseases,Zoster [herpes zoster],19928,71,0.97 [0.76-1.24],0.8097144233148127
CIRBP,Cold-inducible RNA-binding protein,Chapter II Neoplasms,Benign lipomatous neoplasm,19819,227,0.89 [0.78-1.02],0.0949770527704455
CIRBP,Cold-inducible RNA-binding protein,Chapter II Neoplasms,Benign lipomatous neoplasm of skin and subcutaneous tissue of limbs,19994,37,0.88 [0.63-1.22],0.4521733111771169
CIRBP,Cold-inducible RNA-binding protein,Chapter II Neoplasms,Benign lipomatous neoplasm of skin and subcutaneous tissue of trunk,19979,41,1.02 [0.74-1.40],0.9113757047519184
CIRBP,Cold-inducible RNA-binding protein,Chapter II Neoplasms,Benign lipomatous neoplasm of spermatic cord,9506,70,0.90 [0.71-1.14],0.3714473835059082
CIRBP,Cold-inducible RNA-binding protein,Chapter II Neoplasms,"Benign neoplasm of colon, rectum, anus and anal canal",19668,1436,0.98 [0.93-1.04],0.5432415096199836
CIRBP,Cold-inducible RNA-binding protein,Chapter II Neoplasms,Benign neoplasm of meninges,20056,58,1.18 [0.90-1.54],0.2436625252802895
CIRBP,Cold-inducible RNA-binding protein,Chapter II Neoplasms,Benign neoplasm of other and ill-defined parts of digestive system,19988,72,1.15 [0.90-1.46],0.264541254615202
CIRBP,Cold-inducible RNA-binding protein,Chapter II Neoplasms,Benign neoplasm of other and unspecified endocrine glands,20045,103,0.97 [0.79-1.18],0.7363045293383548
CIRBP,Cold-inducible RNA-binding protein,Chapter II Neoplasms,Benign neoplasm of ovary,10513,66,1.01 [0.79-1.29],0.9467757795938324
CIRBP,Cold-inducible RNA-binding protein,Chapter II Neoplasms,Benign neoplasm: Ascending colon,20035,386,0.97 [0.87-1.07],0.5482876255021747
CIRBP,Cold-inducible RNA-binding protein,Chapter II Neoplasms,Benign neoplasm: Caecum,20047,329,0.95 [0.85-1.06],0.345689405357482
CIRBP,Cold-inducible RNA-binding protein,Chapter II Neoplasms,"Benign neoplasm: Colon, unspecified",19942,74,0.90 [0.71-1.14],0.3717262095549963
CIRBP,Cold-inducible RNA-binding protein,Chapter II Neoplasms,Benign neoplasm: Descending colon,20032,222,0.99 [0.87-1.14],0.9257803216658668
CIRBP,Cold-inducible RNA-binding protein,Chapter II Neoplasms,Benign neoplasm: Rectum,19989,355,0.94 [0.84-1.04],0.2317924988696387
CIRBP,Cold-inducible RNA-binding protein,Chapter II Neoplasms,Benign neoplasm: Sigmoid colon,19931,597,1.04 [0.96-1.13],0.350080710515151
CIRBP,Cold-inducible RNA-binding protein,Chapter II Neoplasms,Benign neoplasm: Transverse colon,20025,455,1.03 [0.94-1.14],0.5006925701922771
CIRBP,Cold-inducible RNA-binding protein,Chapter II Neoplasms,Carcinoma in situ of breast,7914,45,0.89 [0.65-1.20],0.4407063769200655
CIRBP,Cold-inducible RNA-binding protein,Chapter II Neoplasms,"Carcinoma in situ of breast, intraductal",7947,56,1.02 [0.77-1.34],0.9011212360653932
CIRBP,Cold-inducible RNA-binding protein,Chapter II Neoplasms,"Chronic lymphocytic leukaemia and small lyphocytis leukaemia, excluding all cancers (controls excluding all cancers)",14372,64,1.03 [0.80-1.33],0.7956191020835512
CIRBP,Cold-inducible RNA-binding protein,Chapter II Neoplasms,"Diffuse large B-cell lymphoma, excluding all cancers (controls excluding all cancers)",14392,84,0.94 [0.75-1.17],0.5738644525547523
CIRBP,Cold-inducible RNA-binding protein,Chapter II Neoplasms,"Haemangioma and lymphangioma, any site",20020,108,0.90 [0.74-1.09],0.2716986093590743
CIRBP,Cold-inducible RNA-binding protein,Chapter II Neoplasms,"Haemangioma, any site",20021,105,0.90 [0.74-1.10],0.3093251544432208
CIRBP,Cold-inducible RNA-binding protein,Chapter II Neoplasms,Leiomyoma of uterus,10273,150,1.02 [0.86-1.20],0.8412511134052498
CIRBP,Cold-inducible RNA-binding protein,Chapter II Neoplasms,Lung cancer and mesothelioma,12786,434,0.99 [0.90-1.09],0.8588771316972453
CIRBP,Cold-inducible RNA-binding protein,Chapter II Neoplasms,Lymphoid leukaemia,14373,65,1.05 [0.81-1.35],0.7194675861302008
CIRBP,Cold-inducible RNA-binding protein,Chapter II Neoplasms,"Malignant melanoma of skin, excluding all cancers (controls excluding all cancers)",14499,191,1.04 [0.90-1.21],0.5620163844861081
CIRBP,Cold-inducible RNA-binding protein,Chapter II Neoplasms,"Malignant neoplasm of bladder, excluding all cancers (controls excluding all cancers)",14571,263,0.95 [0.83-1.07],0.3745049001796184
CIRBP,Cold-inducible RNA-binding protein,Chapter II Neoplasms,"Malignant neoplasm of corpus uteri, excluding all cancers (controls excluding all cancers)",8029,98,0.83 [0.67-1.02],0.0706105308214351
CIRBP,Cold-inducible RNA-binding protein,Chapter II Neoplasms,"Malignant neoplasm of intrahepatic ducts, biliary tract and gallbladder, excluding all cancers (controls excluding all cancers)",14404,96,1.09 [0.88-1.34],0.4270723291297861
CIRBP,Cold-inducible RNA-binding protein,Chapter II Neoplasms,"Malignant neoplasm of kidney, except renal pelvis, excluding all cancers (controls excluding all cancers)",14432,124,1.05 [0.88-1.26],0.5893439647199483
CIRBP,Cold-inducible RNA-binding protein,Chapter II Neoplasms,"Malignant neoplasm of oesophagus, excluding all cancers (controls excluding all cancers)",14419,111,0.89 [0.73-1.08],0.2283881940717728
CIRBP,Cold-inducible RNA-binding protein,Chapter II Neoplasms,"Malignant neoplasm of ovary, excluding all cancers (controls excluding all cancers)",8011,80,0.92 [0.73-1.15],0.4606447991031215
CIRBP,Cold-inducible RNA-binding protein,Chapter II Neoplasms,"Malignant neoplasm of pancreas, excluding all cancers (controls excluding all cancers)",14417,109,0.91 [0.75-1.11],0.3579744981364336
CIRBP,Cold-inducible RNA-binding protein,Chapter II Neoplasms,"Malignant neoplasm of prostate, excluding all cancers (controls excluding all cancers)",7204,827,0.91 [0.85-0.98],0.0078869887411712
CIRBP,Cold-inducible RNA-binding protein,Chapter II Neoplasms,"Malignant neoplasm of rectum, excluding all cancers (controls excluding all cancers)",14425,117,0.88 [0.73-1.06],0.1912066750403038
CIRBP,Cold-inducible RNA-binding protein,Chapter II Neoplasms,"Malignant neoplasm of stomach, excluding all cancers (controls excluding all cancers)",14392,84,1.14 [0.91-1.42],0.2463952678783618
CIRBP,Cold-inducible RNA-binding protein,Chapter II Neoplasms,Malignant neoplasms of independent (primary) multiple sites,14431,123,1.03 [0.86-1.23],0.7652987839456131
CIRBP,Cold-inducible RNA-binding protein,Chapter II Neoplasms,Melanocytic naevi,19943,162,1.05 [0.89-1.23],0.5667766462628306
CIRBP,Cold-inducible RNA-binding protein,Chapter II Neoplasms,Melanocytic naevi of trunk,20045,68,1.15 [0.90-1.48],0.2680988783807028
CIRBP,Cold-inducible RNA-binding protein,Chapter II Neoplasms,Melanoma in situ,14355,100,1.05 [0.86-1.29],0.6317413418488173
CIRBP,Cold-inducible RNA-binding protein,Chapter II Neoplasms,"Non-follicular lymphoma, hilmo, excluding all cancers",14413,105,0.99 [0.81-1.21],0.9449454712343732
CIRBP,Cold-inducible RNA-binding protein,Chapter II Neoplasms,"Non-Hodgkin lymphoma, all, excluding all cancers (controls excluding all cancers)",14481,173,1.01 [0.86-1.18],0.9174824851048392
CIRBP,Cold-inducible RNA-binding protein,Chapter II Neoplasms,"Non-small cell lung cancer, excluding all cancers (controls excluding all cancers)",14608,300,0.90 [0.80-1.01],0.0726605487509006
CIRBP,Cold-inducible RNA-binding protein,Chapter II Neoplasms,"Other and unspecified types of non-Hodgkin lymphoma, hilmo, excluding all cancers",14420,112,1.09 [0.90-1.32],0.3966237224323368
CIRBP,Cold-inducible RNA-binding protein,Chapter II Neoplasms,Other benign neoplasms of skin,19920,145,0.94 [0.80-1.12],0.5037605742734028
CIRBP,Cold-inducible RNA-binding protein,Chapter II Neoplasms,"Other malignant neoplasms of skin (=non-melanoma skin cancer), excluding all cancers (controls excluding all cancers)",15578,1270,0.95 [0.90-1.01],0.1063176955433311
CIRBP,Cold-inducible RNA-binding protein,Chapter II Neoplasms,"Squamous cell neoplasms and carcinomas of the skin, excluding all cancers (controls excluding all cancers)",15645,1337,0.96 [0.91-1.02],0.1531133704498313
CIRBP,Cold-inducible RNA-binding protein,Chapter III Diseases of the blood and blood-forming organs and certain disorders involving the immune mechanism,Agranulocytosis,19808,328,1.00 [0.89-1.11],0.9567356890414678
CIRBP,Cold-inducible RNA-binding protein,Chapter III Diseases of the blood and blood-forming organs and certain disorders involving the immune mechanism,Anaemia in chronic diseases classified elsewhere,18129,111,1.02 [0.84-1.24],0.8205091311428463
CIRBP,Cold-inducible RNA-binding protein,Chapter III Diseases of the blood and blood-forming organs and certain disorders involving the immune mechanism,Diseases of spleen,19540,60,0.98 [0.75-1.27],0.8516320793497912
CIRBP,Cold-inducible RNA-binding protein,Chapter III Diseases of the blood and blood-forming organs and certain disorders involving the immune mechanism,Diseases of the blood and blood-forming organs and certain disorders involving the immune mechanism,19442,2933,1.04 [1.00-1.08],0.0455791485085893
CIRBP,Cold-inducible RNA-binding protein,Chapter III Diseases of the blood and blood-forming organs and certain disorders involving the immune mechanism,Folate deficiency anaemia,18638,60,1.49 [1.14-1.95],0.0035685235135007
CIRBP,Cold-inducible RNA-binding protein,Chapter III Diseases of the blood and blood-forming organs and certain disorders involving the immune mechanism,Idiopathic thrombocytopenic purpura,19671,60,1.04 [0.80-1.35],0.7670553559650173
CIRBP,Cold-inducible RNA-binding protein,Chapter III Diseases of the blood and blood-forming organs and certain disorders involving the immune mechanism,Other anaemias,19655,1637,1.05 [1.00-1.10],0.0616718753628083
CIRBP,Cold-inducible RNA-binding protein,Chapter III Diseases of the blood and blood-forming organs and certain disorders involving the immune mechanism,Other and unspecified anaemias,19653,1635,1.05 [1.00-1.10],0.0684785313187706
CIRBP,Cold-inducible RNA-binding protein,Chapter III Diseases of the blood and blood-forming organs and certain disorders involving the immune mechanism,Other and unspecified aplastic anaemias,18117,99,0.99 [0.81-1.22],0.9341843777004084
CIRBP,Cold-inducible RNA-binding protein,Chapter III Diseases of the blood and blood-forming organs and certain disorders involving the immune mechanism,Other and unspecified iron deficiency,19763,1185,1.16 [1.09-1.23],1.948596867846578e-06
CIRBP,Cold-inducible RNA-binding protein,Chapter III Diseases of the blood and blood-forming organs and certain disorders involving the immune mechanism,Other coagulation defects,19713,102,0.91 [0.75-1.12],0.3696652971717612
CIRBP,Cold-inducible RNA-binding protein,Chapter III Diseases of the blood and blood-forming organs and certain disorders involving the immune mechanism,Other diseases of blood and blood-forming organs,19539,59,1.00 [0.77-1.31],0.9761995261298492
CIRBP,Cold-inducible RNA-binding protein,Chapter III Diseases of the blood and blood-forming organs and certain disorders involving the immune mechanism,Other disorders of white blood cells,19551,71,1.04 [0.82-1.32],0.7515539741972801
CIRBP,Cold-inducible RNA-binding protein,Chapter III Diseases of the blood and blood-forming organs and certain disorders involving the immune mechanism,Purpura and other haemorrhagic conditions,19909,298,0.83 [0.74-0.93],0.0016122944361226
CIRBP,Cold-inducible RNA-binding protein,Chapter III Diseases of the blood and blood-forming organs and certain disorders involving the immune mechanism,Sarcoidosis,19964,32,0.89 [0.62-1.27],0.5126300872721887
CIRBP,Cold-inducible RNA-binding protein,Chapter III Diseases of the blood and blood-forming organs and certain disorders involving the immune mechanism,"Thrombocytopenia, unspecified",19853,242,0.71 [0.62-0.81],2.284148559485047e-07
CIRBP,Cold-inducible RNA-binding protein,Chapter III Diseases of the blood and blood-forming organs and certain disorders involving the immune mechanism,Vitamin B12 deficiency anaemia,18692,114,1.06 [0.87-1.28],0.5696620894123761
CIRBP,Cold-inducible RNA-binding protein,"Chapter IV Endocrine, nutritional and metabolic diseases",Acidosis,13570,337,0.98 [0.88-1.09],0.7234422217112539
CIRBP,Cold-inducible RNA-binding protein,"Chapter IV Endocrine, nutritional and metabolic diseases",Acute alcohol intoxication,18779,88,1.21 [0.96-1.51],0.1037299455785815
CIRBP,Cold-inducible RNA-binding protein,"Chapter IV Endocrine, nutritional and metabolic diseases",Alcohol dependence,18783,92,1.16 [0.93-1.43],0.1842493981780249
CIRBP,Cold-inducible RNA-binding protein,"Chapter IV Endocrine, nutritional and metabolic diseases",Alkalosis,13295,62,1.01 [0.78-1.31],0.927234746626579
CIRBP,Cold-inducible RNA-binding protein,"Chapter IV Endocrine, nutritional and metabolic diseases",Bipolar affective disorders,18694,43,0.97 [0.71-1.31],0.8187493436046672
CIRBP,Cold-inducible RNA-binding protein,"Chapter IV Endocrine, nutritional and metabolic diseases",Deficiency of other B group vitamins,18050,270,0.95 [0.84-1.08],0.4457679575604086
CIRBP,Cold-inducible RNA-binding protein,"Chapter IV Endocrine, nutritional and metabolic diseases","Delirium, not induced by alcohol and other psychoactive substances",19415,767,0.94 [0.88-1.01],0.1071647420256627
CIRBP,Cold-inducible RNA-binding protein,"Chapter IV Endocrine, nutritional and metabolic diseases",Dementia in Alzheimer disease,19065,417,0.93 [0.84-1.03],0.1690569519884634
CIRBP,Cold-inducible RNA-binding protein,"Chapter IV Endocrine, nutritional and metabolic diseases",Dementia in other diseases classified elsewhere,18796,148,1.04 [0.88-1.22],0.6721774280269452
CIRBP,Cold-inducible RNA-binding protein,"Chapter IV Endocrine, nutritional and metabolic diseases",Depression,19843,1192,1.06 [1.00-1.12],0.0586547537033975
CIRBP,Cold-inducible RNA-binding protein,"Chapter IV Endocrine, nutritional and metabolic diseases",Depression or dysthymia,16984,1163,1.07 [1.00-1.13],0.0391522936043304
CIRBP,Cold-inducible RNA-binding protein,"Chapter IV Endocrine, nutritional and metabolic diseases","Disorder of lipoprotein metabolism, unspecified",13305,72,0.90 [0.71-1.14],0.3642839627631278
CIRBP,Cold-inducible RNA-binding protein,"Chapter IV Endocrine, nutritional and metabolic diseases","Disorder of thyroid, unspecified",18137,87,1.07 [0.86-1.34],0.5300878991050157
CIRBP,Cold-inducible RNA-binding protein,"Chapter IV Endocrine, nutritional and metabolic diseases",Disorders of calcium metabolism,13536,303,1.04 [0.92-1.17],0.5242731032857174
CIRBP,Cold-inducible RNA-binding protein,"Chapter IV Endocrine, nutritional and metabolic diseases",Disorders of iron metabolism,13281,48,1.11 [0.82-1.49],0.4968658454431599
CIRBP,Cold-inducible RNA-binding protein,"Chapter IV Endocrine, nutritional and metabolic diseases",Disorders of lipoprotein metabolism and other lipidaemias,17158,3925,1.03 [1.00-1.06],0.0829858912768246
CIRBP,Cold-inducible RNA-binding protein,"Chapter IV Endocrine, nutritional and metabolic diseases",Disorders of magnesium metabolism,13465,232,0.99 [0.86-1.13],0.8483725268760341
CIRBP,Cold-inducible RNA-binding protein,"Chapter IV Endocrine, nutritional and metabolic diseases",Disorders of mineral metabolism,13828,595,1.04 [0.96-1.13],0.3361803189484169
CIRBP,Cold-inducible RNA-binding protein,"Chapter IV Endocrine, nutritional and metabolic diseases",Disorders of other endocrine glands,20023,310,1.06 [0.94-1.19],0.3490551374828229
CIRBP,Cold-inducible RNA-binding protein,"Chapter IV Endocrine, nutritional and metabolic diseases",Disorders of parathyroid gland,19836,123,0.95 [0.79-1.14],0.5889811392497011
CIRBP,Cold-inducible RNA-binding protein,"Chapter IV Endocrine, nutritional and metabolic diseases",Disorders of phosphorus metabolism and phosphatases,13360,127,1.04 [0.87-1.24],0.6972687326427826
CIRBP,Cold-inducible RNA-binding protein,"Chapter IV Endocrine, nutritional and metabolic diseases","Disorders of plasma-protein metabolism, not elsewhere classified",13302,69,1.02 [0.80-1.30],0.8988443648271429
CIRBP,Cold-inducible RNA-binding protein,"Chapter IV Endocrine, nutritional and metabolic diseases",Disorders of the thyroid gland,19528,1478,1.01 [0.95-1.06],0.8180489033225586
CIRBP,Cold-inducible RNA-binding protein,"Chapter IV Endocrine, nutritional and metabolic diseases",Fluid overload,13549,316,1.04 [0.93-1.17],0.4776438746200433
CIRBP,Cold-inducible RNA-binding protein,"Chapter IV Endocrine, nutritional and metabolic diseases",Hyperkalaemia,13561,328,0.94 [0.84-1.05],0.3067226874551084
CIRBP,Cold-inducible RNA-binding protein,"Chapter IV Endocrine, nutritional and metabolic diseases","Hyperlipidaemia, other/unspecified",13969,736,1.07 [0.99-1.15],0.0901137922363028
CIRBP,Cold-inducible RNA-binding protein,"Chapter IV Endocrine, nutritional and metabolic diseases",Hyperosmolality and hypernatraemia,13363,130,0.89 [0.75-1.07],0.2105435868706996
CIRBP,Cold-inducible RNA-binding protein,"Chapter IV Endocrine, nutritional and metabolic diseases",Hyperparathyroidism,19830,117,0.94 [0.78-1.14],0.5522969910826214
CIRBP,Cold-inducible RNA-binding protein,"Chapter IV Endocrine, nutritional and metabolic diseases",Hypo-osmolality and hyponatraemia,13995,762,1.03 [0.96-1.11],0.3908825393185543
CIRBP,Cold-inducible RNA-binding protein,"Chapter IV Endocrine, nutritional and metabolic diseases",Hypokalaemia,13787,554,0.99 [0.91-1.08],0.8848134918993547
CIRBP,Cold-inducible RNA-binding protein,"Chapter IV Endocrine, nutritional and metabolic diseases",Iron deficiency,17840,60,1.07 [0.82-1.39],0.6215355975561601
CIRBP,Cold-inducible RNA-binding protein,"Chapter IV Endocrine, nutritional and metabolic diseases",Metabolic disorders,18737,5504,1.02 [0.99-1.05],0.2205691711358731
CIRBP,Cold-inducible RNA-binding protein,"Chapter IV Endocrine, nutritional and metabolic diseases",Nontoxic multinodular goitre,18100,50,0.98 [0.74-1.31],0.8968073332562227
CIRBP,Cold-inducible RNA-binding protein,"Chapter IV Endocrine, nutritional and metabolic diseases",Nontoxic single thyroid nodule,18095,45,0.89 [0.66-1.20],0.430845519323381
CIRBP,Cold-inducible RNA-binding protein,"Chapter IV Endocrine, nutritional and metabolic diseases",Obesity,19918,1591,0.98 [0.93-1.03],0.4194360936968295
CIRBP,Cold-inducible RNA-binding protein,"Chapter IV Endocrine, nutritional and metabolic diseases","Obesity, other/unspecified",19916,1589,0.98 [0.93-1.03],0.4768966185329781
CIRBP,Cold-inducible RNA-binding protein,"Chapter IV Endocrine, nutritional and metabolic diseases",Other and/or unspecified nontoxic goitre,18104,54,0.97 [0.73-1.27],0.8130882345612929
CIRBP,Cold-inducible RNA-binding protein,"Chapter IV Endocrine, nutritional and metabolic diseases",Other anxiety disorders,19766,977,1.02 [0.96-1.09],0.4638155774518049
CIRBP,Cold-inducible RNA-binding protein,"Chapter IV Endocrine, nutritional and metabolic diseases","Other disorders of fluid, electrolyte and acid-base balance",15107,1874,1.00 [0.95-1.05],0.9835323237611296
CIRBP,Cold-inducible RNA-binding protein,"Chapter IV Endocrine, nutritional and metabolic diseases",Other disorders of glucose regulation and pancreatic internal secretion,20058,248,1.01 [0.89-1.15],0.8863594954565067
CIRBP,Cold-inducible RNA-binding protein,"Chapter IV Endocrine, nutritional and metabolic diseases",Other mental disorders due to brain damage and dysfunction and to physical disease,18745,97,0.95 [0.78-1.17],0.6347390436565117
CIRBP,Cold-inducible RNA-binding protein,"Chapter IV Endocrine, nutritional and metabolic diseases",Panic disorder,18891,102,0.92 [0.75-1.12],0.3870263610478452
CIRBP,Cold-inducible RNA-binding protein,"Chapter IV Endocrine, nutritional and metabolic diseases",Phobic anxiety disorders,18932,143,1.10 [0.92-1.30],0.2924019195922204
CIRBP,Cold-inducible RNA-binding protein,"Chapter IV Endocrine, nutritional and metabolic diseases","Postprocedural endocrine and metabolic disorders, not elsewhere classified",13399,166,1.03 [0.88-1.21],0.6857640350687072
CIRBP,Cold-inducible RNA-binding protein,"Chapter IV Endocrine, nutritional and metabolic diseases",Type 1 diabetes without complications,17680,157,0.93 [0.79-1.09],0.3657848679010054
CIRBP,Cold-inducible RNA-binding protein,"Chapter IV Endocrine, nutritional and metabolic diseases",Type 2 diabetes with neurological complications,2130,82,1.06 [0.84-1.35],0.6101325911829154
CIRBP,Cold-inducible RNA-binding protein,"Chapter IV Endocrine, nutritional and metabolic diseases",Type 2 diabetes with ophthalmic complications,2268,253,1.00 [0.88-1.14],0.9872010951181092
CIRBP,Cold-inducible RNA-binding protein,"Chapter IV Endocrine, nutritional and metabolic diseases",Type 2 diabetes with peripheral circulatory complications,17593,70,1.09 [0.85-1.39],0.5011747298647479
CIRBP,Cold-inducible RNA-binding protein,"Chapter IV Endocrine, nutritional and metabolic diseases",Type 2 diabetes with renal complications,2099,52,0.77 [0.57-1.03],0.0824640630531385
CIRBP,Cold-inducible RNA-binding protein,"Chapter IV Endocrine, nutritional and metabolic diseases",Type 2 diabetes without complications,19369,1846,1.02 [0.97-1.07],0.4805951511540224
CIRBP,Cold-inducible RNA-binding protein,"Chapter IV Endocrine, nutritional and metabolic diseases",Unspecified dementia,19159,511,0.89 [0.81-0.97],0.0077436672948819
CIRBP,Cold-inducible RNA-binding protein,"Chapter IV Endocrine, nutritional and metabolic diseases",Vitamin D deficiency,18154,374,0.98 [0.88-1.08],0.6708563763261912
CIRBP,Cold-inducible RNA-binding protein,"Chapter IV Endocrine, nutritional and metabolic diseases",Volume depletion,14139,906,1.01 [0.95-1.08],0.7410317954999224
CIRBP,Cold-inducible RNA-binding protein,Chapter IX Diseases of the circulatory system,"!Phlebitis/thrombophlebitis venae iliacae [externae/internae/communis], drug-induced",19952,267,0.89 [0.78-1.00],0.0557045759123426
CIRBP,Cold-inducible RNA-binding protein,Chapter IX Diseases of the circulatory system,Abdominal aortic aneurysm (AAA),18808,227,0.93 [0.82-1.06],0.2922397798756729
CIRBP,Cold-inducible RNA-binding protein,Chapter IX Diseases of the circulatory system,Angina pectoris,17387,1317,0.98 [0.93-1.04],0.5710854699754668
CIRBP,Cold-inducible RNA-binding protein,Chapter IX Diseases of the circulatory system,Aortic aneurysm,18896,315,0.89 [0.79-0.99],0.0371841691957928
CIRBP,Cold-inducible RNA-binding protein,Chapter IX Diseases of the circulatory system,Arterial embolism and thrombosis of lower extremity artery,18652,71,1.11 [0.87-1.40],0.404895220701076
CIRBP,Cold-inducible RNA-binding protein,Chapter IX Diseases of the circulatory system,"Atherosclerosis, excluding cerebral and coronary sclerosis",18819,238,1.06 [0.93-1.21],0.3839529880805138
CIRBP,Cold-inducible RNA-binding protein,Chapter IX Diseases of the circulatory system,Atrial fibrillation and flutter,10238,2414,0.95 [0.91-0.99],0.0147891923326459
CIRBP,Cold-inducible RNA-binding protein,Chapter IX Diseases of the circulatory system,AV-block,15355,564,1.00 [0.91-1.09],0.9399151876975048
CIRBP,Cold-inducible RNA-binding protein,Chapter IX Diseases of the circulatory system,"Bradycardia, unspecified, drug-induced",19998,477,0.97 [0.89-1.07],0.5384914773073972
CIRBP,Cold-inducible RNA-binding protein,Chapter IX Diseases of the circulatory system,Cardiac arrest,8050,226,1.09 [0.95-1.25],0.2014728668822462
CIRBP,Cold-inducible RNA-binding protein,Chapter IX Diseases of the circulatory system,Cardiomyopathy,14967,176,0.78 [0.67-0.91],0.0012076376075213
CIRBP,Cold-inducible RNA-binding protein,Chapter IX Diseases of the circulatory system,"Cardiomyopathy, other and unspecified",14880,89,0.84 [0.68-1.04],0.1113615064025609
CIRBP,Cold-inducible RNA-binding protein,Chapter IX Diseases of the circulatory system,Cerebral atherosclerosis,20063,63,1.20 [0.93-1.56],0.160889880934149
CIRBP,Cold-inducible RNA-binding protein,Chapter IX Diseases of the circulatory system,Conduction disorders,16095,1304,0.99 [0.93-1.05],0.6975741627600835
CIRBP,Cold-inducible RNA-binding protein,Chapter IX Diseases of the circulatory system,Coronary atherosclerosis,18407,2359,0.99 [0.95-1.04],0.7499125709937267
CIRBP,Cold-inducible RNA-binding protein,Chapter IX Diseases of the circulatory system,Death due to cardiac causes,16252,7730,1.00 [0.98-1.02],0.9456375875973798
CIRBP,Cold-inducible RNA-binding protein,Chapter IX Diseases of the circulatory system,DVT of lower extremities,18729,293,0.90 [0.80-1.02],0.0944438629893717
CIRBP,Cold-inducible RNA-binding protein,Chapter IX Diseases of the circulatory system,Endocarditis,14868,77,1.11 [0.88-1.40],0.3870737483605849
CIRBP,Cold-inducible RNA-binding protein,Chapter IX Diseases of the circulatory system,"Heart failure, strict",19820,1399,1.02 [0.97-1.08],0.3788316199122142
CIRBP,Cold-inducible RNA-binding protein,Chapter IX Diseases of the circulatory system,Hypertension,17317,6844,1.01 [0.99-1.04],0.4151124840426613
CIRBP,Cold-inducible RNA-binding protein,Chapter IX Diseases of the circulatory system,"Hypertension, essential",17321,6848,1.01 [0.99-1.04],0.421494069408162
CIRBP,Cold-inducible RNA-binding protein,Chapter IX Diseases of the circulatory system,"Hypertension, portal",19926,84,0.90 [0.72-1.12],0.3543933233053661
CIRBP,Cold-inducible RNA-binding protein,Chapter IX Diseases of the circulatory system,"Hypertension, Pulmonary Arterial",10715,242,1.05 [0.92-1.19],0.4837502003928488
CIRBP,Cold-inducible RNA-binding protein,Chapter IX Diseases of the circulatory system,Hypertensive Renal Disease,10603,130,1.06 [0.89-1.27],0.4918597407321535
CIRBP,Cold-inducible RNA-binding protein,Chapter IX Diseases of the circulatory system,Hypotension,19915,1330,1.02 [0.96-1.07],0.5731931018319864
CIRBP,Cold-inducible RNA-binding protein,Chapter IX Diseases of the circulatory system,Intracerebral haemorrhage,18976,124,0.84 [0.70-1.01],0.0600425905849754
CIRBP,Cold-inducible RNA-binding protein,Chapter IX Diseases of the circulatory system,"Ischaemic heart disease, wide definition",18562,2492,1.00 [0.96-1.04],0.9544950358910792
CIRBP,Cold-inducible RNA-binding protein,Chapter IX Diseases of the circulatory system,"Ischaemic Stroke, excluding all haemorrhages",19639,678,1.04 [0.97-1.13],0.2868706792150884
CIRBP,Cold-inducible RNA-binding protein,Chapter IX Diseases of the circulatory system,Left bundle-branch block,15225,434,0.98 [0.89-1.08],0.6912174634512127
CIRBP,Cold-inducible RNA-binding protein,Chapter IX Diseases of the circulatory system,Major coronary heart disease event,19501,906,1.02 [0.95-1.09],0.5850255429115414
CIRBP,Cold-inducible RNA-binding protein,Chapter IX Diseases of the circulatory system,"Myocardial infarction, strict",16848,778,1.05 [0.98-1.13],0.2005902434768232
CIRBP,Cold-inducible RNA-binding protein,Chapter IX Diseases of the circulatory system,"Myocardial infarction, with ST-elevation",19957,166,1.28 [1.09-1.50],0.0022249441805177
CIRBP,Cold-inducible RNA-binding protein,Chapter IX Diseases of the circulatory system,"Myocardial infarction, without ST-elevation",20029,349,1.01 [0.91-1.13],0.7996416277932953
CIRBP,Cold-inducible RNA-binding protein,Chapter IX Diseases of the circulatory system,Oesophageal varices,18494,58,0.99 [0.76-1.30],0.9409690739502404
CIRBP,Cold-inducible RNA-binding protein,Chapter IX Diseases of the circulatory system,Other aneurysm,18668,87,1.12 [0.90-1.39],0.3173550842062896
CIRBP,Cold-inducible RNA-binding protein,Chapter IX Diseases of the circulatory system,Other arrhythmias,15292,501,1.01 [0.92-1.11],0.8410998636970437
CIRBP,Cold-inducible RNA-binding protein,Chapter IX Diseases of the circulatory system,Other arterial embolism and thrombosis,18695,114,1.12 [0.93-1.35],0.2447089771189657
CIRBP,Cold-inducible RNA-binding protein,Chapter IX Diseases of the circulatory system,Other diseases of arteries and capillaries,18856,275,1.02 [0.91-1.16],0.6921235327685702
CIRBP,Cold-inducible RNA-binding protein,Chapter IX Diseases of the circulatory system,Other diseases of pericardium,14983,192,1.06 [0.92-1.23],0.4100340715018882
CIRBP,Cold-inducible RNA-binding protein,Chapter IX Diseases of the circulatory system,Other disorders of veins,18525,89,1.17 [0.94-1.45],0.1630891531300258
CIRBP,Cold-inducible RNA-binding protein,Chapter IX Diseases of the circulatory system,Other embolism and thrombosis,18475,39,1.18 [0.85-1.63],0.3286842580469147
CIRBP,Cold-inducible RNA-binding protein,Chapter IX Diseases of the circulatory system,Other intracranial haemorrhages,18343,74,1.08 [0.85-1.38],0.5042662329968056
CIRBP,Cold-inducible RNA-binding protein,Chapter IX Diseases of the circulatory system,Other noninfective disorders of lymphatic vessels and lymph nodes,18580,144,0.99 [0.84-1.18],0.9242703683549364
CIRBP,Cold-inducible RNA-binding protein,Chapter IX Diseases of the circulatory system,Other or ill-defined heart diseases,15995,1204,0.96 [0.91-1.02],0.2325184164124057
CIRBP,Cold-inducible RNA-binding protein,Chapter IX Diseases of the circulatory system,Other other unspecified disorders of the circulatory system,18636,51,0.98 [0.74-1.30],0.8980401646035816
CIRBP,Cold-inducible RNA-binding protein,Chapter IX Diseases of the circulatory system,Other peripheral vascular diseases,19196,615,1.02 [0.94-1.11],0.5738360934063037
CIRBP,Cold-inducible RNA-binding protein,Chapter IX Diseases of the circulatory system,Other pulmonary heart/vessel disease,19409,468,1.03 [0.94-1.14],0.4970540735679608
CIRBP,Cold-inducible RNA-binding protein,Chapter IX Diseases of the circulatory system,"Other specified cerebrovascular diseases, other cerebrovascular disorders in diseases classified elsewhere",19087,818,1.01 [0.94-1.08],0.8727293361727223
CIRBP,Cold-inducible RNA-binding protein,Chapter IX Diseases of the circulatory system,Paroxysmal tachycardia,8177,353,0.96 [0.86-1.07],0.5027017661373365
CIRBP,Cold-inducible RNA-binding protein,Chapter IX Diseases of the circulatory system,Peripheral artery disease,19048,499,1.04 [0.95-1.14],0.4252395126062619
CIRBP,Cold-inducible RNA-binding protein,Chapter IX Diseases of the circulatory system,Phlebitis and thrombophlebitis (not including DVT),18803,367,0.90 [0.81-1.00],0.0402680239223535
CIRBP,Cold-inducible RNA-binding protein,Chapter IX Diseases of the circulatory system,Pulmonary embolism,19453,512,0.96 [0.88-1.05],0.3529725092746969
CIRBP,Cold-inducible RNA-binding protein,Chapter IX Diseases of the circulatory system,Rheumatic valve diseases,19980,814,0.98 [0.91-1.05],0.5502635693736477
CIRBP,Cold-inducible RNA-binding protein,Chapter IX Diseases of the circulatory system,Right bundle-branch block,15227,436,1.00 [0.91-1.10],0.9767901392144724
CIRBP,Cold-inducible RNA-binding protein,Chapter IX Diseases of the circulatory system,Secondary right heart disease,19404,463,1.04 [0.94-1.14],0.4552982977016323
CIRBP,Cold-inducible RNA-binding protein,Chapter IX Diseases of the circulatory system,Sequelae of cerebrovascular disease,18485,216,0.98 [0.86-1.13],0.8010929267657861
CIRBP,Cold-inducible RNA-binding protein,Chapter IX Diseases of the circulatory system,"Stroke, excluding SAH",19623,771,1.02 [0.95-1.10],0.5209200519342682
CIRBP,Cold-inducible RNA-binding protein,Chapter IX Diseases of the circulatory system,"Stroke, including SAH",19611,803,1.03 [0.96-1.10],0.4834271626900031
CIRBP,Cold-inducible RNA-binding protein,Chapter IX Diseases of the circulatory system,Subarachnoid haemorrhage,18951,50,0.97 [0.73-1.29],0.8373193658781355
CIRBP,Cold-inducible RNA-binding protein,Chapter IX Diseases of the circulatory system,Thoracic aortic aneurysm,18664,83,0.85 [0.69-1.06],0.1510830921831391
CIRBP,Cold-inducible RNA-binding protein,Chapter IX Diseases of the circulatory system,Transient ischemic attack,19232,271,1.07 [0.95-1.21],0.2778155431159614
CIRBP,Cold-inducible RNA-binding protein,Chapter IX Diseases of the circulatory system,Unstable angina pectoris,18877,282,0.98 [0.87-1.10],0.700769921923925
CIRBP,Cold-inducible RNA-binding protein,Chapter IX Diseases of the circulatory system,Varicose veins,18875,439,1.05 [0.96-1.16],0.2834461723099991
CIRBP,Cold-inducible RNA-binding protein,Chapter IX Diseases of the circulatory system,Vascular diseases of the intestine,18598,99,0.94 [0.77-1.15],0.5326809188766337
CIRBP,Cold-inducible RNA-binding protein,Chapter IX Diseases of the circulatory system,Venous thromboembolism,19830,809,0.93 [0.87-1.00],0.0486404708221257
CIRBP,Cold-inducible RNA-binding protein,Chapter V Mental and behavioural disorders,"Alcohol use disorder, ICD-based",19998,286,1.12 [0.99-1.26],0.0728213181457585
CIRBP,Cold-inducible RNA-binding protein,Chapter V Mental and behavioural disorders,"Anxiety disorders, excluding more controls",17246,1189,1.03 [0.97-1.09],0.3540524619368377
CIRBP,Cold-inducible RNA-binding protein,Chapter V Mental and behavioural disorders,Any mental disorder,19630,3573,1.02 [0.98-1.05],0.3479314212546023
CIRBP,Cold-inducible RNA-binding protein,Chapter V Mental and behavioural disorders,"Mental and behavioural disorders due to alcohol, excluding acute intoxication",19973,338,1.10 [0.99-1.23],0.0835526910274126
CIRBP,Cold-inducible RNA-binding protein,Chapter V Mental and behavioural disorders,"Mood disorders, excluding more controls",17270,1213,1.06 [1.00-1.13],0.0458829039285188
CIRBP,Cold-inducible RNA-binding protein,Chapter V Mental and behavioural disorders,"Schizophrenia or delusion, excluding more controls",16120,63,0.94 [0.73-1.21],0.6242244565171504
CIRBP,Cold-inducible RNA-binding protein,Chapter V Mental and behavioural disorders,Smoking dependency,19630,1000,1.03 [0.97-1.10],0.2928025525114178
CIRBP,Cold-inducible RNA-binding protein,Chapter V Mental and behavioural disorders,"Substance abuse, excluding more controls",17296,1239,1.04 [0.98-1.10],0.202861215570508
CIRBP,Cold-inducible RNA-binding protein,Chapter V Mental and behavioural disorders,Vascular dementia,19346,198,0.90 [0.78-1.04],0.1542163353530206
CIRBP,Cold-inducible RNA-binding protein,Chapter VI Diseases of the nervous system,Alzheimer disease,20067,512,0.95 [0.86-1.03],0.2183728336898136
CIRBP,Cold-inducible RNA-binding protein,Chapter VI Diseases of the nervous system,"AlzheimerÕs disease (Atypical or mixed), excluding more controls",12499,97,1.06 [0.86-1.30],0.604438918236111
CIRBP,Cold-inducible RNA-binding protein,Chapter VI Diseases of the nervous system,Bell's palsy,18498,73,0.97 [0.76-1.23],0.8034330856477498
CIRBP,Cold-inducible RNA-binding protein,Chapter VI Diseases of the nervous system,Carpal tunnel syndrome,18850,425,1.04 [0.94-1.15],0.4249267512205353
CIRBP,Cold-inducible RNA-binding protein,Chapter VI Diseases of the nervous system,Cerebral cysts,19693,205,1.02 [0.88-1.17],0.8132392896061135
CIRBP,Cold-inducible RNA-binding protein,Chapter VI Diseases of the nervous system,Cerebral palsy and other paralytic syndromes,20003,327,0.97 [0.87-1.08],0.5738918508805171
CIRBP,Cold-inducible RNA-binding protein,Chapter VI Diseases of the nervous system,Circumscribed brain atrophy,19364,73,1.04 [0.82-1.32],0.7425336496849861
CIRBP,Cold-inducible RNA-binding protein,Chapter VI Diseases of the nervous system,Diseases of the myoneural junction and muscle,20051,62,0.85 [0.66-1.10],0.2118614667754782
CIRBP,Cold-inducible RNA-binding protein,Chapter VI Diseases of the nervous system,"Disorders of brain, other and unspecified",19555,67,1.01 [0.79-1.29],0.9374234913711976
CIRBP,Cold-inducible RNA-binding protein,Chapter VI Diseases of the nervous system,Epilepsy,18799,252,0.94 [0.83-1.07],0.333462850204799
CIRBP,Cold-inducible RNA-binding protein,Chapter VI Diseases of the nervous system,Episodal and paroxysmal disorders,19680,1133,1.01 [0.96-1.08],0.6362452206872397
CIRBP,Cold-inducible RNA-binding protein,Chapter VI Diseases of the nervous system,Extrapyramidal and movement disorders,20018,547,0.94 [0.86-1.03],0.1815963418503758
CIRBP,Cold-inducible RNA-binding protein,Chapter VI Diseases of the nervous system,Falls/tendency to fall,19501,2886,0.96 [0.93-1.00],0.0408086877282289
CIRBP,Cold-inducible RNA-binding protein,Chapter VI Diseases of the nervous system,Generalized epilepsy,19754,44,1.26 [0.93-1.72],0.1394794563074101
CIRBP,Cold-inducible RNA-binding protein,Chapter VI Diseases of the nervous system,Hemiplegia,19943,267,1.04 [0.92-1.18],0.5256796171261227
CIRBP,Cold-inducible RNA-binding protein,Chapter VI Diseases of the nervous system,Hydrocephalus,19550,62,0.85 [0.66-1.10],0.223024388016567
CIRBP,Cold-inducible RNA-binding protein,Chapter VI Diseases of the nervous system,Inflammatory diseases of the central nervous system,20054,59,1.11 [0.85-1.45],0.4442907990548277
CIRBP,Cold-inducible RNA-binding protein,Chapter VI Diseases of the nervous system,Lesion of plantar nerve,18487,62,0.89 [0.69-1.15],0.3741424535261363
CIRBP,Cold-inducible RNA-binding protein,Chapter VI Diseases of the nervous system,Lesion of ulnar nerve,18489,64,0.94 [0.73-1.21],0.6063196119746429
CIRBP,Cold-inducible RNA-binding protein,Chapter VI Diseases of the nervous system,Memory loss,19131,131,0.89 [0.75-1.06],0.2064893532531949
CIRBP,Cold-inducible RNA-binding protein,Chapter VI Diseases of the nervous system,Migraine,18784,237,1.05 [0.92-1.20],0.4664918896448919
CIRBP,Cold-inducible RNA-binding protein,Chapter VI Diseases of the nervous system,"Migraine, unspecified, drug-induced",20025,217,1.05 [0.92-1.21],0.450639747307342
CIRBP,Cold-inducible RNA-binding protein,Chapter VI Diseases of the nervous system,Motor neuron disease,12589,165,1.04 [0.89-1.22],0.6019741545581275
CIRBP,Cold-inducible RNA-binding protein,Chapter VI Diseases of the nervous system,MS-disease / Multiple Sclerosis,19957,51,1.04 [0.79-1.37],0.7892558703492836
CIRBP,Cold-inducible RNA-binding protein,Chapter VI Diseases of the nervous system,"Nerve, nerve root and plexus disorders",19462,1037,1.02 [0.96-1.09],0.5501717323309127
CIRBP,Cold-inducible RNA-binding protein,Chapter VI Diseases of the nervous system,Neurological diseases,18804,3569,0.99 [0.96-1.03],0.6308105727090694
CIRBP,Cold-inducible RNA-binding protein,Chapter VI Diseases of the nervous system,Other and unspecified degenerative diseases of nervous system,19533,242,0.95 [0.83-1.08],0.4205580651845623
CIRBP,Cold-inducible RNA-binding protein,Chapter VI Diseases of the nervous system,"Other and unspecified nerve root and plexus disorders, also in other diseases",18764,339,1.08 [0.97-1.21],0.1791490399835602
CIRBP,Cold-inducible RNA-binding protein,Chapter VI Diseases of the nervous system,"Other and unspecified polyneuropathies, also in other diseases",19996,286,1.04 [0.92-1.17],0.5122096054856532
CIRBP,Cold-inducible RNA-binding protein,Chapter VI Diseases of the nervous system,Other degenerative diseases of the nervous system,15210,815,0.97 [0.90-1.04],0.385894723518118
CIRBP,Cold-inducible RNA-binding protein,Chapter VI Diseases of the nervous system,Other diseases of spinal cord,19558,70,0.91 [0.72-1.16],0.462607273980987
CIRBP,Cold-inducible RNA-binding protein,Chapter VI Diseases of the nervous system,Other disorders of nervous system,19621,133,0.93 [0.78-1.10],0.3883481741785338
CIRBP,Cold-inducible RNA-binding protein,Chapter VI Diseases of the nervous system,Other extrapyramidal and movement disorders in other diseases,19652,181,1.02 [0.88-1.19],0.7520518486104188
CIRBP,Cold-inducible RNA-binding protein,Chapter VI Diseases of the nervous system,Other facial nerve disorders,18505,80,0.95 [0.76-1.19],0.6493852853202945
CIRBP,Cold-inducible RNA-binding protein,Chapter VI Diseases of the nervous system,Other headache syndromes,18594,47,1.04 [0.77-1.40],0.8132928974169713
CIRBP,Cold-inducible RNA-binding protein,Chapter VI Diseases of the nervous system,Other neurological diseases,19972,484,0.99 [0.90-1.08],0.7860846384560095
CIRBP,Cold-inducible RNA-binding protein,Chapter VI Diseases of the nervous system,Other sleep disorders,18972,425,1.02 [0.92-1.12],0.7648821935091313
CIRBP,Cold-inducible RNA-binding protein,Chapter VI Diseases of the nervous system,Parkinson's disease,20035,347,0.91 [0.82-1.02],0.096677408792768
CIRBP,Cold-inducible RNA-binding protein,Chapter VI Diseases of the nervous system,Postviral fatigue syndrome,19528,40,1.22 [0.88-1.69],0.2303302591730812
CIRBP,Cold-inducible RNA-binding protein,Chapter VI Diseases of the nervous system,Restless leg syndrome,20066,78,1.01 [0.80-1.27],0.9635719856066788
CIRBP,Cold-inducible RNA-binding protein,Chapter VI Diseases of the nervous system,Sleep apnoea,19878,367,1.00 [0.90-1.12],0.9400345978076414
CIRBP,Cold-inducible RNA-binding protein,Chapter VI Diseases of the nervous system,Small fibre neuropathy,19762,52,1.03 [0.77-1.36],0.8546554282835821
CIRBP,Cold-inducible RNA-binding protein,Chapter VI Diseases of the nervous system,Systemic atrophies primarily affecting the central nervous system,20054,186,1.01 [0.87-1.17],0.869227613826977
CIRBP,Cold-inducible RNA-binding protein,Chapter VI Diseases of the nervous system,Trigeminal neuralgia,18488,63,1.02 [0.79-1.32],0.8820642882409624
CIRBP,Cold-inducible RNA-binding protein,Chapter VI Diseases of the nervous system,Unspecific neurodegenerative disorder,20067,517,0.94 [0.86-1.03],0.1929362568438986
CIRBP,Cold-inducible RNA-binding protein,Chapter VI Diseases of the nervous system,Vascular dementia (undefined),19291,192,0.90 [0.77-1.03],0.1344366324469791
CIRBP,Cold-inducible RNA-binding protein,"Chapter VII Diseases of the eye, adnexa, ear and mastoid process",Amblyopia ex anopsia,19523,130,0.97 [0.81-1.15],0.6957614302193866
CIRBP,Cold-inducible RNA-binding protein,"Chapter VII Diseases of the eye, adnexa, ear and mastoid process",Astigmatism,19690,492,0.98 [0.90-1.08],0.7210805158048521
CIRBP,Cold-inducible RNA-binding protein,"Chapter VII Diseases of the eye, adnexa, ear and mastoid process",Background diabetic retinopathy,19860,223,0.95 [0.83-1.09],0.4759203886269688
CIRBP,Cold-inducible RNA-binding protein,"Chapter VII Diseases of the eye, adnexa, ear and mastoid process",Blepharochalasis,19003,57,1.06 [0.81-1.39],0.6636152780584406
CIRBP,Cold-inducible RNA-binding protein,"Chapter VII Diseases of the eye, adnexa, ear and mastoid process",Chalazion,18982,36,1.57 [1.10-2.23],0.0120428015849884
CIRBP,Cold-inducible RNA-binding protein,"Chapter VII Diseases of the eye, adnexa, ear and mastoid process","Conjunctivitis (acute, non atopic)",19963,63,1.13 [0.87-1.46],0.357092321430389
CIRBP,Cold-inducible RNA-binding protein,"Chapter VII Diseases of the eye, adnexa, ear and mastoid process",Corneal degeneration,19795,196,0.98 [0.85-1.13],0.7527853084133574
CIRBP,Cold-inducible RNA-binding protein,"Chapter VII Diseases of the eye, adnexa, ear and mastoid process","Diabetic nephropathy, excluding more controls",2102,54,0.78 [0.59-1.05],0.0970830190360523
CIRBP,Cold-inducible RNA-binding protein,"Chapter VII Diseases of the eye, adnexa, ear and mastoid process",Diabetic neuropathy,2583,93,1.02 [0.82-1.27],0.8713250335224683
CIRBP,Cold-inducible RNA-binding protein,"Chapter VII Diseases of the eye, adnexa, ear and mastoid process",Diplopia,19486,93,1.21 [0.98-1.50],0.077770082745347
CIRBP,Cold-inducible RNA-binding protein,"Chapter VII Diseases of the eye, adnexa, ear and mastoid process",Disorders of choroid and retina,19831,1219,1.06 [1.00-1.12],0.0712670977482902
CIRBP,Cold-inducible RNA-binding protein,"Chapter VII Diseases of the eye, adnexa, ear and mastoid process","Disorders of eyelid, lacrimal system and orbit",19704,758,1.02 [0.95-1.10],0.6012770007757979
CIRBP,Cold-inducible RNA-binding protein,"Chapter VII Diseases of the eye, adnexa, ear and mastoid process",Disorders of lacrimal system,19201,255,1.11 [0.97-1.26],0.1248858462076722
CIRBP,Cold-inducible RNA-binding protein,"Chapter VII Diseases of the eye, adnexa, ear and mastoid process","Disorders of ocular muscles, binocular movement, accommodation and refraction",20009,811,0.97 [0.90-1.04],0.4047296599702755
CIRBP,Cold-inducible RNA-binding protein,"Chapter VII Diseases of the eye, adnexa, ear and mastoid process",Disorders of optic nerve and visual pathways,20060,66,1.27 [0.99-1.64],0.0652634340556957
CIRBP,Cold-inducible RNA-binding protein,"Chapter VII Diseases of the eye, adnexa, ear and mastoid process",Disorders of refraction and accommodation,19957,759,0.97 [0.90-1.05],0.4361274645216538
CIRBP,Cold-inducible RNA-binding protein,"Chapter VII Diseases of the eye, adnexa, ear and mastoid process","Disorders of sclera, cornea, iris and ciliary body",20031,432,0.99 [0.90-1.09],0.8350501472257472
CIRBP,Cold-inducible RNA-binding protein,"Chapter VII Diseases of the eye, adnexa, ear and mastoid process",Disorders of vitreous body,19966,192,1.08 [0.93-1.25],0.3084091666862513
CIRBP,Cold-inducible RNA-binding protein,"Chapter VII Diseases of the eye, adnexa, ear and mastoid process",Ectropion of eyelid,19036,90,1.10 [0.88-1.36],0.4031650060730706
CIRBP,Cold-inducible RNA-binding protein,"Chapter VII Diseases of the eye, adnexa, ear and mastoid process",Entropion and trichiasis of eyelid,19036,90,0.96 [0.77-1.18],0.6774798460414471
CIRBP,Cold-inducible RNA-binding protein,"Chapter VII Diseases of the eye, adnexa, ear and mastoid process",Epiphora,19013,67,1.24 [0.96-1.59],0.0945918586862127
CIRBP,Cold-inducible RNA-binding protein,"Chapter VII Diseases of the eye, adnexa, ear and mastoid process",Glaucoma,19947,863,0.98 [0.91-1.05],0.4833543571507223
CIRBP,Cold-inducible RNA-binding protein,"Chapter VII Diseases of the eye, adnexa, ear and mastoid process",Glaucoma suspect,19320,236,0.96 [0.84-1.09],0.5245826228440982
CIRBP,Cold-inducible RNA-binding protein,"Chapter VII Diseases of the eye, adnexa, ear and mastoid process",Hypermetropia,19258,60,0.74 [0.57-0.96],0.022872240993204
CIRBP,Cold-inducible RNA-binding protein,"Chapter VII Diseases of the eye, adnexa, ear and mastoid process",Iridocyclitis,19709,110,0.94 [0.78-1.14],0.5439595310693774
CIRBP,Cold-inducible RNA-binding protein,"Chapter VII Diseases of the eye, adnexa, ear and mastoid process",Keratitis,19933,334,0.98 [0.88-1.10],0.7411820875228721
CIRBP,Cold-inducible RNA-binding protein,"Chapter VII Diseases of the eye, adnexa, ear and mastoid process",Myopia,19384,186,0.96 [0.83-1.12],0.6268134848737803
CIRBP,Cold-inducible RNA-binding protein,"Chapter VII Diseases of the eye, adnexa, ear and mastoid process",Other and unspecified disorders of vitreous body,19891,117,1.01 [0.84-1.22],0.9114701637334608
CIRBP,Cold-inducible RNA-binding protein,"Chapter VII Diseases of the eye, adnexa, ear and mastoid process",Other and unspecified glaucoma,19645,561,0.99 [0.91-1.08],0.7816376644806999
CIRBP,Cold-inducible RNA-binding protein,"Chapter VII Diseases of the eye, adnexa, ear and mastoid process",Other and unspecified visual disturbances,19531,138,0.96 [0.80-1.14],0.6113452718187224
CIRBP,Cold-inducible RNA-binding protein,"Chapter VII Diseases of the eye, adnexa, ear and mastoid process",Other cataract,17968,2794,1.02 [0.98-1.06],0.3165754477518214
CIRBP,Cold-inducible RNA-binding protein,"Chapter VII Diseases of the eye, adnexa, ear and mastoid process",Other disorders of cornea,19899,300,0.97 [0.86-1.09],0.5850876918267786
CIRBP,Cold-inducible RNA-binding protein,"Chapter VII Diseases of the eye, adnexa, ear and mastoid process",Other disorders of eye and adnexa,20050,162,1.09 [0.93-1.28],0.2892784072120359
CIRBP,Cold-inducible RNA-binding protein,"Chapter VII Diseases of the eye, adnexa, ear and mastoid process",Other disorders of eyelid,19415,469,0.98 [0.89-1.08],0.7107426598658266
CIRBP,Cold-inducible RNA-binding protein,"Chapter VII Diseases of the eye, adnexa, ear and mastoid process",Other disorders of iris and ciliary body,19680,81,0.93 [0.75-1.17],0.5559603999340723
CIRBP,Cold-inducible RNA-binding protein,"Chapter VII Diseases of the eye, adnexa, ear and mastoid process",Other disorders of optic [2nd] nerve and visual pathways,20054,60,1.23 [0.95-1.61],0.1226762892255521
CIRBP,Cold-inducible RNA-binding protein,"Chapter VII Diseases of the eye, adnexa, ear and mastoid process",Other inflammation of eyelid,19055,109,0.86 [0.71-1.04],0.1227642598448423
CIRBP,Cold-inducible RNA-binding protein,"Chapter VII Diseases of the eye, adnexa, ear and mastoid process",Other specified and unspecified  disorders of eyelid,19100,154,0.87 [0.74-1.03],0.0976499566910284
CIRBP,Cold-inducible RNA-binding protein,"Chapter VII Diseases of the eye, adnexa, ear and mastoid process",Other specified and unspecified retinal disorders,18755,143,1.18 [0.99-1.40],0.0597420200434519
CIRBP,Cold-inducible RNA-binding protein,"Chapter VII Diseases of the eye, adnexa, ear and mastoid process",Other strabismus,19245,47,0.81 [0.60-1.08],0.1554900101799488
CIRBP,Cold-inducible RNA-binding protein,"Chapter VII Diseases of the eye, adnexa, ear and mastoid process","Other, unspecified and serous retinal detachments",18677,65,0.87 [0.68-1.11],0.2626725988921563
CIRBP,Cold-inducible RNA-binding protein,"Chapter VII Diseases of the eye, adnexa, ear and mastoid process",Primary angle-closure glaucoma,19186,102,0.86 [0.71-1.05],0.1375793434961878
CIRBP,Cold-inducible RNA-binding protein,"Chapter VII Diseases of the eye, adnexa, ear and mastoid process","Primary open-angle glaucoma, strict",19332,248,1.04 [0.92-1.18],0.53143125499758
CIRBP,Cold-inducible RNA-binding protein,"Chapter VII Diseases of the eye, adnexa, ear and mastoid process",Ptosis of eyelid,19078,132,1.06 [0.89-1.27],0.518057595602393
CIRBP,Cold-inducible RNA-binding protein,"Chapter VII Diseases of the eye, adnexa, ear and mastoid process",Retinal detachment with retinal break,18692,80,1.11 [0.89-1.40],0.3587925029538986
CIRBP,Cold-inducible RNA-binding protein,"Chapter VII Diseases of the eye, adnexa, ear and mastoid process",Retinal vascular occlusion,18718,106,1.03 [0.84-1.25],0.803391976145023
CIRBP,Cold-inducible RNA-binding protein,"Chapter VII Diseases of the eye, adnexa, ear and mastoid process",Senile cataract,17507,2333,0.99 [0.95-1.03],0.6382469014273415
CIRBP,Cold-inducible RNA-binding protein,"Chapter VII Diseases of the eye, adnexa, ear and mastoid process",Stenosis and insufficiency of lacrimal passages,19028,82,1.22 [0.97-1.53],0.0828937896058558
CIRBP,Cold-inducible RNA-binding protein,"Chapter VII Diseases of the eye, adnexa, ear and mastoid process",Visual disturbances,19822,429,1.05 [0.95-1.15],0.3660796455022763
CIRBP,Cold-inducible RNA-binding protein,"Chapter VII Diseases of the eye, adnexa, ear and mastoid process",Visual field defects,19459,66,1.04 [0.81-1.33],0.7678055747179144
CIRBP,Cold-inducible RNA-binding protein,"Chapter VII Diseases of the eye, adnexa, ear and mastoid process",Visual impairment including blindness (binocular or monocular),19559,166,1.06 [0.91-1.24],0.4695741682035093
CIRBP,Cold-inducible RNA-binding protein,Chapter VIII Diseases of the ear and mastoid process,Benign paroxysmal vertigo,19863,99,0.91 [0.75-1.12],0.3852116467827031
CIRBP,Cold-inducible RNA-binding protein,Chapter VIII Diseases of the ear and mastoid process,Diseases of external ear,20030,119,0.92 [0.76-1.10],0.3500088490513555
CIRBP,Cold-inducible RNA-binding protein,Chapter VIII Diseases of the ear and mastoid process,Diseases of middle ear and mastoid,19953,99,1.17 [0.95-1.44],0.1338068516361756
CIRBP,Cold-inducible RNA-binding protein,Chapter VIII Diseases of the ear and mastoid process,Labyrinthitis,19824,60,0.98 [0.76-1.28],0.9077458364355564
CIRBP,Cold-inducible RNA-binding protein,Chapter VIII Diseases of the ear and mastoid process,Mnire disease,19826,62,0.99 [0.76-1.28],0.9390070427767304
CIRBP,Cold-inducible RNA-binding protein,Chapter VIII Diseases of the ear and mastoid process,Other disorders of ear,19971,1027,1.01 [0.95-1.08],0.7695644525576353
CIRBP,Cold-inducible RNA-binding protein,Chapter VIII Diseases of the ear and mastoid process,Other specified/unspecified hearing loss,19722,778,1.02 [0.95-1.10],0.5213539501373772
CIRBP,Cold-inducible RNA-binding protein,Chapter VIII Diseases of the ear and mastoid process,Sensorineural hearing loss,19071,127,0.80 [0.67-0.96],0.016675681620853
CIRBP,Cold-inducible RNA-binding protein,Chapter VIII Diseases of the ear and mastoid process,Tinnitus,19022,78,1.13 [0.90-1.42],0.3088432507842574
CIRBP,Cold-inducible RNA-binding protein,Chapter X Diseases of the respiratory system,Acute pharyngitis,19896,53,0.98 [0.74-1.29],0.8708481865300557
CIRBP,Cold-inducible RNA-binding protein,Chapter X Diseases of the respiratory system,Acute upper respiratory infections,19998,155,0.93 [0.79-1.09],0.3774114919603426
CIRBP,Cold-inducible RNA-binding protein,Chapter X Diseases of the respiratory system,Acute upper respiratory infections of multiple and unspecified sites,19895,52,0.84 [0.64-1.11],0.2156174582695791
CIRBP,Cold-inducible RNA-binding protein,Chapter X Diseases of the respiratory system,All influenza,17813,129,1.06 [0.88-1.26],0.5524093315311183
CIRBP,Cold-inducible RNA-binding protein,Chapter X Diseases of the respiratory system,All influenza (not pneumonia),17810,126,1.08 [0.90-1.30],0.3837700848522392
CIRBP,Cold-inducible RNA-binding protein,Chapter X Diseases of the respiratory system,Allergic asthma (mode),12436,84,1.28 [1.02-1.60],0.0316535993670821
CIRBP,Cold-inducible RNA-binding protein,Chapter X Diseases of the respiratory system,Allergic rhinitis,19981,206,1.00 [0.87-1.15],0.9973872427041652
CIRBP,Cold-inducible RNA-binding protein,Chapter X Diseases of the respiratory system,"Asthma, excluding more controls",13527,1501,1.07 [1.02-1.13],0.0084072946104302
CIRBP,Cold-inducible RNA-binding protein,Chapter X Diseases of the respiratory system,"Asthma, unspecified (mode)",13834,1482,1.07 [1.01-1.12],0.0177195049250523
CIRBP,Cold-inducible RNA-binding protein,Chapter X Diseases of the respiratory system,Bacterial pneumonia (organism specified),19624,154,1.06 [0.90-1.25],0.4625816146633231
CIRBP,Cold-inducible RNA-binding protein,Chapter X Diseases of the respiratory system,"Bacterial pneumonia, not elsewhere classified",17771,87,1.12 [0.90-1.40],0.3005589747647273
CIRBP,Cold-inducible RNA-binding protein,Chapter X Diseases of the respiratory system,Bronchiectasis,16805,441,1.13 [1.03-1.25],0.0106336244973789
CIRBP,Cold-inducible RNA-binding protein,Chapter X Diseases of the respiratory system,"Bronchitis, not specified as acute or chronic",16427,63,1.39 [1.07-1.81],0.01267372396176
CIRBP,Cold-inducible RNA-binding protein,Chapter X Diseases of the respiratory system,Chronic lower respiratory diseases,19095,2731,1.06 [1.02-1.10],0.0029353292784572
CIRBP,Cold-inducible RNA-binding protein,Chapter X Diseases of the respiratory system,"Chronic rhinitis, nasopharyngitis and pharyngitis",19006,68,1.01 [0.79-1.30],0.9156919694865044
CIRBP,Cold-inducible RNA-binding protein,Chapter X Diseases of the respiratory system,Chronic sinusitis,19052,114,0.99 [0.82-1.20],0.940734228563926
CIRBP,Cold-inducible RNA-binding protein,Chapter X Diseases of the respiratory system,"COPD, hospital admissions 1, only main diagnosis",19816,1392,1.04 [0.99-1.10],0.1549210516389342
CIRBP,Cold-inducible RNA-binding protein,Chapter X Diseases of the respiratory system,Deviated nasal septum,19010,72,1.00 [0.79-1.27],0.9967479420334264
CIRBP,Cold-inducible RNA-binding protein,Chapter X Diseases of the respiratory system,Diseases of the respiratory system,18199,5237,1.05 [1.02-1.07],0.0020113084558105
CIRBP,Cold-inducible RNA-binding protein,Chapter X Diseases of the respiratory system,"Diseases of vocal cords and larynx+other diseases of upper respiratory tract, no elsewhere classified",19237,299,1.06 [0.95-1.20],0.3023641145379119
CIRBP,Cold-inducible RNA-binding protein,Chapter X Diseases of the respiratory system,Early onset COPD,18525,101,0.93 [0.76-1.13],0.47978118102169
CIRBP,Cold-inducible RNA-binding protein,Chapter X Diseases of the respiratory system,Emphysema,16741,377,1.11 [1.00-1.23],0.0476575518237206
CIRBP,Cold-inducible RNA-binding protein,Chapter X Diseases of the respiratory system,Idiopathic pulmonary fibrosis,18923,407,1.06 [0.95-1.17],0.2954459380350659
CIRBP,Cold-inducible RNA-binding protein,Chapter X Diseases of the respiratory system,Influenza and pneumonia,19835,2151,1.04 [1.00-1.09],0.050256208224075
CIRBP,Cold-inducible RNA-binding protein,Chapter X Diseases of the respiratory system,Interstitial lung disease,18959,443,1.07 [0.97-1.18],0.1813889916628713
CIRBP,Cold-inducible RNA-binding protein,Chapter X Diseases of the respiratory system,Later onset COPD,19606,1291,1.05 [0.99-1.11],0.0901703766355661
CIRBP,Cold-inducible RNA-binding protein,Chapter X Diseases of the respiratory system,Lung diseases due to external agents,20050,389,1.06 [0.96-1.18],0.257106853543443
CIRBP,Cold-inducible RNA-binding protein,Chapter X Diseases of the respiratory system,Nasal polyp,19024,86,1.02 [0.82-1.27],0.86474952384027
CIRBP,Cold-inducible RNA-binding protein,Chapter X Diseases of the respiratory system,Other acute lower respiratory infections,19821,1080,1.01 [0.95-1.07],0.7741810529352927
CIRBP,Cold-inducible RNA-binding protein,Chapter X Diseases of the respiratory system,Other diseases of pleura,19816,2295,1.04 [1.00-1.09],0.0614009169315522
CIRBP,Cold-inducible RNA-binding protein,Chapter X Diseases of the respiratory system,Other diseases of upper respiratory tract,19594,656,1.03 [0.95-1.11],0.4898524880966796
CIRBP,Cold-inducible RNA-binding protein,Chapter X Diseases of the respiratory system,Other pleural conditions,17576,55,0.86 [0.66-1.12],0.2662704979589344
CIRBP,Cold-inducible RNA-binding protein,Chapter X Diseases of the respiratory system,Other respiratory diseases principally affecting the interstitium,19950,522,1.06 [0.97-1.16],0.1869077290106303
CIRBP,Cold-inducible RNA-binding protein,Chapter X Diseases of the respiratory system,Other respiratory disorders and diseases,19951,1474,1.06 [1.01-1.12],0.0243187322741374
CIRBP,Cold-inducible RNA-binding protein,Chapter X Diseases of the respiratory system,Pleural effusion,18654,1133,1.03 [0.97-1.09],0.3323932103937863
CIRBP,Cold-inducible RNA-binding protein,Chapter X Diseases of the respiratory system,Pleural plaque,17745,224,1.03 [0.90-1.18],0.6897065554897595
CIRBP,Cold-inducible RNA-binding protein,Chapter X Diseases of the respiratory system,"Pneumonia, organism unspecified",19591,1907,1.05 [1.00-1.10],0.0535312231074756
CIRBP,Cold-inducible RNA-binding protein,Chapter X Diseases of the respiratory system,Pneumonitis due to solids and liquids,19952,291,1.06 [0.94-1.19],0.355824194362621
CIRBP,Cold-inducible RNA-binding protein,Chapter X Diseases of the respiratory system,Pneumothorax,17671,150,0.88 [0.75-1.04],0.127418531660629
CIRBP,Cold-inducible RNA-binding protein,Chapter X Diseases of the respiratory system,Pollen allergy,20058,174,1.03 [0.89-1.21],0.6645912532919052
CIRBP,Cold-inducible RNA-binding protein,Chapter X Diseases of the respiratory system,Pulmonary oedema,19505,77,0.94 [0.75-1.18],0.5998181798024615
CIRBP,Cold-inducible RNA-binding protein,Chapter X Diseases of the respiratory system,Respiratory insufficiency,12413,61,1.33 [1.02-1.72],0.0338098542604695
CIRBP,Cold-inducible RNA-binding protein,Chapter X Diseases of the respiratory system,Unspecified acute lower respiratory infection,19806,1065,1.01 [0.95-1.07],0.8298289065993566
CIRBP,Cold-inducible RNA-binding protein,Chapter X Diseases of the respiratory system,Vasomotor and allergic rhinitis,19145,207,1.01 [0.88-1.16],0.9165334581639812
CIRBP,Cold-inducible RNA-binding protein,Chapter X Diseases of the respiratory system,Viral pneumonia,17933,249,1.06 [0.93-1.21],0.3532466007381435
CIRBP,Cold-inducible RNA-binding protein,Chapter X Diseases of the respiratory system,"Viral pneumonia (unknown virus, not influenza)",19636,199,1.03 [0.89-1.19],0.6600600345031205
CIRBP,Cold-inducible RNA-binding protein,Chapter X Diseases of the respiratory system,Vocal cord dysfunction,6456,104,1.11 [0.91-1.36],0.3025827900041218
CIRBP,Cold-inducible RNA-binding protein,Chapter XI Diseases of the digestive system,Abscess of anal and rectal regions,12835,51,1.10 [0.82-1.46],0.5278610404410033
CIRBP,Cold-inducible RNA-binding protein,Chapter XI Diseases of the digestive system,Acute appendicitis,19967,111,0.95 [0.79-1.16],0.6331444456797839
CIRBP,Cold-inducible RNA-binding protein,Chapter XI Diseases of the digestive system,Acute gastritis,14023,86,1.17 [0.94-1.46],0.1586228584864684
CIRBP,Cold-inducible RNA-binding protein,Chapter XI Diseases of the digestive system,Acute pancreatitis,18340,167,1.08 [0.92-1.26],0.3432644817457029
CIRBP,Cold-inducible RNA-binding protein,Chapter XI Diseases of the digestive system,Acute peritonitis,19648,93,1.23 [0.99-1.52],0.0559234942338917
CIRBP,Cold-inducible RNA-binding protein,Chapter XI Diseases of the digestive system,Alcoholic liver disease,19229,51,1.01 [0.76-1.35],0.9200669839047612
CIRBP,Cold-inducible RNA-binding protein,Chapter XI Diseases of the digestive system,Barrett oesophagus,14367,430,0.96 [0.87-1.06],0.4013688589859161
CIRBP,Cold-inducible RNA-binding protein,Chapter XI Diseases of the digestive system,"Cholangitis (primary sclerosing, PSC)",18296,123,1.10 [0.92-1.33],0.2980312540633942
CIRBP,Cold-inducible RNA-binding protein,Chapter XI Diseases of the digestive system,"Cholangitis (primary sclerosing, PSC), with reimbursement 202",19710,123,1.10 [0.91-1.32],0.327717829728719
CIRBP,Cold-inducible RNA-binding protein,Chapter XI Diseases of the digestive system,Cholecystitis,18357,184,0.98 [0.85-1.14],0.8162117942954623
CIRBP,Cold-inducible RNA-binding protein,Chapter XI Diseases of the digestive system,Cholelithiasis,19065,892,1.06 [0.99-1.14],0.0865589628236357
CIRBP,Cold-inducible RNA-binding protein,Chapter XI Diseases of the digestive system,Chronic gastritis,14235,298,1.06 [0.94-1.19],0.354567689094367
CIRBP,Cold-inducible RNA-binding protein,Chapter XI Diseases of the digestive system,Chronic pancreatitis,18220,47,1.01 [0.75-1.35],0.9469544358880748
CIRBP,Cold-inducible RNA-binding protein,Chapter XI Diseases of the digestive system,"Cirrhosis of liver, NAS",19948,106,0.95 [0.78-1.16],0.5967923260440654
CIRBP,Cold-inducible RNA-binding protein,Chapter XI Diseases of the digestive system,Coeliac disease,18586,104,1.13 [0.93-1.38],0.2181217392553366
CIRBP,Cold-inducible RNA-binding protein,Chapter XI Diseases of the digestive system,Collagenous colitis,18559,90,0.90 [0.73-1.11],0.3211248875280674
CIRBP,Cold-inducible RNA-binding protein,Chapter XI Diseases of the digestive system,Colonic or urogenital fistula,19964,144,0.99 [0.84-1.18],0.9356726921825332
CIRBP,Cold-inducible RNA-binding protein,Chapter XI Diseases of the digestive system,Constipation,19822,1775,0.99 [0.95-1.04],0.76231759333504
CIRBP,Cold-inducible RNA-binding protein,Chapter XI Diseases of the digestive system,Crohn disease,18537,68,1.03 [0.81-1.32],0.8037948701294748
CIRBP,Cold-inducible RNA-binding protein,Chapter XI Diseases of the digestive system,"Crohn disease (strict definition, all UC cases excluded)",19764,53,0.97 [0.74-1.28],0.8496442419174554
CIRBP,Cold-inducible RNA-binding protein,Chapter XI Diseases of the digestive system,Crohn's disease NAS,18531,62,1.09 [0.84-1.42],0.5039601607246049
CIRBP,Cold-inducible RNA-binding protein,Chapter XI Diseases of the digestive system,Dental caries,19529,159,0.98 [0.83-1.15],0.7862449088819711
CIRBP,Cold-inducible RNA-binding protein,Chapter XI Diseases of the digestive system,Diaphragmatic hernia,17388,2195,1.00 [0.96-1.05],0.9724352266205896
CIRBP,Cold-inducible RNA-binding protein,Chapter XI Diseases of the digestive system,Diseases of appendix,19993,137,0.96 [0.81-1.14],0.6197707685640366
CIRBP,Cold-inducible RNA-binding protein,Chapter XI Diseases of the digestive system,Diseases of liver,19968,790,1.00 [0.93-1.08],0.957645689635278
CIRBP,Cold-inducible RNA-binding protein,Chapter XI Diseases of the digestive system,"Diseases of oesophagus, stomach and duodenum",17886,3949,1.01 [0.98-1.04],0.5132151291880589
CIRBP,Cold-inducible RNA-binding protein,Chapter XI Diseases of the digestive system,"Diseases of oral cavity, salivary glands and jaws",19773,403,0.97 [0.88-1.08],0.5931349640423949
CIRBP,Cold-inducible RNA-binding protein,Chapter XI Diseases of the digestive system,Diseases of peritoneum,19990,435,1.04 [0.94-1.15],0.4247447273439338
CIRBP,Cold-inducible RNA-binding protein,Chapter XI Diseases of the digestive system,Diseases of pulp and periapical tissues,19450,80,0.90 [0.72-1.13],0.3632161967415143
CIRBP,Cold-inducible RNA-binding protein,Chapter XI Diseases of the digestive system,Diseases of salivary glands,19343,47,0.97 [0.72-1.30],0.8180782956583336
CIRBP,Cold-inducible RNA-binding protein,Chapter XI Diseases of the digestive system,Diseases of the digestive system,19789,1307,1.00 [0.94-1.05],0.8846369078856541
CIRBP,Cold-inducible RNA-binding protein,Chapter XI Diseases of the digestive system,Diseases of tongue,19352,81,1.11 [0.88-1.38],0.384263564292219
CIRBP,Cold-inducible RNA-binding protein,Chapter XI Diseases of the digestive system,"Disorders of gallbladder, biliary tract and pancreas",19469,1296,1.07 [1.01-1.14],0.0149834418621966
CIRBP,Cold-inducible RNA-binding protein,Chapter XI Diseases of the digestive system,Diverticular disease of intestine,16040,3256,0.99 [0.95-1.02],0.4746913368409022
CIRBP,Cold-inducible RNA-binding protein,Chapter XI Diseases of the digestive system,Duodenal ulcer,14142,205,0.99 [0.86-1.14],0.8549541060260577
CIRBP,Cold-inducible RNA-binding protein,Chapter XI Diseases of the digestive system,"Duodenal ulcer - Unspecified as acute or chronic, without haemorrhage or perforation, drug-induced",19977,165,1.03 [0.88-1.21],0.6896231807936539
CIRBP,Cold-inducible RNA-binding protein,Chapter XI Diseases of the digestive system,Embedded and impacted teeth,20038,20,1.17 [0.74-1.85],0.5091525910505414
CIRBP,Cold-inducible RNA-binding protein,Chapter XI Diseases of the digestive system,Fibrosis and cirrhosis of liver,19303,125,0.97 [0.81-1.17],0.777215303412402
CIRBP,Cold-inducible RNA-binding protein,Chapter XI Diseases of the digestive system,Fissure and fistula of anal and rectal regions,12881,97,1.13 [0.92-1.39],0.2548233069613348
CIRBP,Cold-inducible RNA-binding protein,Chapter XI Diseases of the digestive system,Functional dyspepsia,14427,490,1.03 [0.94-1.13],0.4852997630302125
CIRBP,Cold-inducible RNA-binding protein,Chapter XI Diseases of the digestive system,Gastric ulcer,14302,365,1.05 [0.95-1.17],0.3413468335419083
CIRBP,Cold-inducible RNA-binding protein,Chapter XI Diseases of the digestive system,Gastro-oesophageal reflux disease,16221,2284,1.00 [0.96-1.05],0.8887299098072389
CIRBP,Cold-inducible RNA-binding protein,Chapter XI Diseases of the digestive system,Gastroduodenal ulcer,14489,552,1.04 [0.95-1.13],0.392554878864512
CIRBP,Cold-inducible RNA-binding protein,Chapter XI Diseases of the digestive system,Gastrointestinal diseases,14572,7110,1.01 [0.99-1.03],0.4277744062079737
CIRBP,Cold-inducible RNA-binding protein,Chapter XI Diseases of the digestive system,GI-bleeding,19559,1077,0.99 [0.93-1.05],0.6952164197521804
CIRBP,Cold-inducible RNA-binding protein,Chapter XI Diseases of the digestive system,Gingivitis and periodontal diseases,19415,45,0.91 [0.67-1.23],0.5397432422100807
CIRBP,Cold-inducible RNA-binding protein,Chapter XI Diseases of the digestive system,Haemorrhoids and perianal venous thrombosis,13636,1019,0.96 [0.90-1.02],0.1612990472760025
CIRBP,Cold-inducible RNA-binding protein,Chapter XI Diseases of the digestive system,"Hepatic failure, not elsewhere classified",19237,59,0.93 [0.72-1.21],0.6085784764417419
CIRBP,Cold-inducible RNA-binding protein,Chapter XI Diseases of the digestive system,Hernia,18307,3114,1.01 [0.97-1.05],0.6470413096361516
CIRBP,Cold-inducible RNA-binding protein,Chapter XI Diseases of the digestive system,Impacted teeth,20040,19,1.28 [0.80-2.06],0.3059715024263356
CIRBP,Cold-inducible RNA-binding protein,Chapter XI Diseases of the digestive system,Impaction of intestines,12850,66,0.87 [0.68-1.12],0.2827084206568201
CIRBP,Cold-inducible RNA-binding protein,Chapter XI Diseases of the digestive system,Inguinal hernia,16130,937,1.01 [0.95-1.08],0.764963485506267
CIRBP,Cold-inducible RNA-binding protein,Chapter XI Diseases of the digestive system,"Inguinal hernia, bilateral",15294,101,0.97 [0.79-1.18],0.7625783252598449
CIRBP,Cold-inducible RNA-binding protein,Chapter XI Diseases of the digestive system,Intestinal adhesions without obstruction,12881,97,0.88 [0.72-1.08],0.2188557460764343
CIRBP,Cold-inducible RNA-binding protein,Chapter XI Diseases of the digestive system,Intestinal malabsorption,18605,123,1.04 [0.87-1.25],0.6709062583117624
CIRBP,Cold-inducible RNA-binding protein,Chapter XI Diseases of the digestive system,Irritable bowel syndrome,13221,437,0.99 [0.90-1.09],0.799288037133274
CIRBP,Cold-inducible RNA-binding protein,Chapter XI Diseases of the digestive system,Nonalcoholic fatty liver disease,20044,281,1.06 [0.94-1.19],0.3742140168350225
CIRBP,Cold-inducible RNA-binding protein,Chapter XI Diseases of the digestive system,Noninfectious colitis NAS,19144,675,1.07 [0.99-1.15],0.1077932312848572
CIRBP,Cold-inducible RNA-binding protein,Chapter XI Diseases of the digestive system,Noninfective enteritis and colitis,19409,940,1.01 [0.95-1.08],0.7300075707289353
CIRBP,Cold-inducible RNA-binding protein,Chapter XI Diseases of the digestive system,Oesophageal obstruction,14122,185,0.89 [0.77-1.04],0.1352525060416506
CIRBP,Cold-inducible RNA-binding protein,Chapter XI Diseases of the digestive system,Oesophagitis,14544,607,1.02 [0.94-1.11],0.5819322554011062
CIRBP,Cold-inducible RNA-binding protein,Chapter XI Diseases of the digestive system,Oral lichen ruber planus,20015,116,1.08 [0.90-1.31],0.405878973601702
CIRBP,Cold-inducible RNA-binding protein,Chapter XI Diseases of the digestive system,Other and unspecified abdominal hernia,15265,72,1.13 [0.89-1.44],0.3258136961037843
CIRBP,Cold-inducible RNA-binding protein,Chapter XI Diseases of the digestive system,Other diseases of anus and rectum,13971,1187,1.02 [0.96-1.08],0.4964314390042555
CIRBP,Cold-inducible RNA-binding protein,Chapter XI Diseases of the digestive system,Other diseases of biliary tract,18475,302,1.05 [0.93-1.18],0.4308222190236547
CIRBP,Cold-inducible RNA-binding protein,Chapter XI Diseases of the digestive system,Other diseases of gallbladder,18297,124,1.07 [0.89-1.29],0.4598921265883587
CIRBP,Cold-inducible RNA-binding protein,Chapter XI Diseases of the digestive system,Other diseases of intestine,14448,1664,0.97 [0.92-1.02],0.2118688451824583
CIRBP,Cold-inducible RNA-binding protein,Chapter XI Diseases of the digestive system,Other diseases of intestines,18079,5295,0.98 [0.95-1.01],0.162796425254542
CIRBP,Cold-inducible RNA-binding protein,Chapter XI Diseases of the digestive system,Other diseases of lip and oral mucosa,19322,184,1.12 [0.97-1.31],0.124926311336613
CIRBP,Cold-inducible RNA-binding protein,Chapter XI Diseases of the digestive system,Other diseases of liver,19830,652,0.98 [0.90-1.06],0.5434828277465222
CIRBP,Cold-inducible RNA-binding protein,Chapter XI Diseases of the digestive system,Other diseases of oesophagus,14598,661,0.98 [0.91-1.06],0.6605034465589342
CIRBP,Cold-inducible RNA-binding protein,Chapter XI Diseases of the digestive system,Other diseases of pancreas,18352,179,0.96 [0.82-1.12],0.5842042333943832
CIRBP,Cold-inducible RNA-binding protein,Chapter XI Diseases of the digestive system,Other diseases of peritoneum,19925,370,1.01 [0.91-1.12],0.8554425715372611
CIRBP,Cold-inducible RNA-binding protein,Chapter XI Diseases of the digestive system,Other diseases of stomach and duodenum,14878,941,0.99 [0.92-1.05],0.6945290290523807
CIRBP,Cold-inducible RNA-binding protein,Chapter XI Diseases of the digestive system,Other diseases of the digestive system,19571,1089,0.99 [0.93-1.05],0.6370449337037802
CIRBP,Cold-inducible RNA-binding protein,Chapter XI Diseases of the digestive system,Other disorders of teeth and supporting structures,19518,148,0.94 [0.80-1.11],0.4719609801005872
CIRBP,Cold-inducible RNA-binding protein,Chapter XI Diseases of the digestive system,Other functional intestinal disorders,14597,1813,0.99 [0.94-1.03],0.549805499752126
CIRBP,Cold-inducible RNA-binding protein,Chapter XI Diseases of the digestive system,Other gastritis (incl. Duodenitis),15808,1871,0.97 [0.93-1.02],0.2513640199274142
CIRBP,Cold-inducible RNA-binding protein,Chapter XI Diseases of the digestive system,Other inflammatory liver diseases,19274,96,1.04 [0.84-1.28],0.7347051962656017
CIRBP,Cold-inducible RNA-binding protein,Chapter XI Diseases of the digestive system,Other noninfective gastroenteritis and colitis,19304,835,1.02 [0.95-1.10],0.5209604743473513
CIRBP,Cold-inducible RNA-binding protein,Chapter XI Diseases of the digestive system,"Other or unspecified ileus, impaction or obstruction",13162,378,0.94 [0.84-1.04],0.2238222410819233
CIRBP,Cold-inducible RNA-binding protein,Chapter XI Diseases of the digestive system,Palatinal maxillary canine,20035,24,1.37 [0.90-2.09],0.1471206605060762
CIRBP,Cold-inducible RNA-binding protein,Chapter XI Diseases of the digestive system,Paralytic ileus and intestinal obstruction,13308,524,0.91 [0.84-1.00],0.0459330078405669
CIRBP,Cold-inducible RNA-binding protein,Chapter XI Diseases of the digestive system,"Postprocedural disorders of digestive system, not elsewhere classified",18623,141,1.05 [0.88-1.24],0.6098325605363051
CIRBP,Cold-inducible RNA-binding protein,Chapter XI Diseases of the digestive system,Recurring oral aphthae,20054,44,0.80 [0.59-1.08],0.1374808089418693
CIRBP,Cold-inducible RNA-binding protein,Chapter XI Diseases of the digestive system,Stomatitis and related lesions,19364,86,1.01 [0.81-1.25],0.9475029235562924
CIRBP,Cold-inducible RNA-binding protein,Chapter XI Diseases of the digestive system,Toxic colitis,18541,72,0.99 [0.78-1.26],0.9609163975766228
CIRBP,Cold-inducible RNA-binding protein,Chapter XI Diseases of the digestive system,Ulcer of oesophagus,14237,300,1.04 [0.93-1.17],0.47700059066528
CIRBP,Cold-inducible RNA-binding protein,Chapter XI Diseases of the digestive system,Ulcerative colitis,18610,141,1.00 [0.84-1.19],0.9953841566674492
CIRBP,Cold-inducible RNA-binding protein,Chapter XI Diseases of the digestive system,"Ulcerative colitis, NAS",18583,114,0.95 [0.79-1.15],0.6095559206559056
CIRBP,Cold-inducible RNA-binding protein,Chapter XI Diseases of the digestive system,Umbilical hernia,15415,222,0.96 [0.84-1.10],0.5647611773198928
CIRBP,Cold-inducible RNA-binding protein,Chapter XI Diseases of the digestive system,Vascular disorders of the intestines,12993,209,0.91 [0.79-1.05],0.1870558296282679
CIRBP,Cold-inducible RNA-binding protein,Chapter XI Diseases of the digestive system,Ventral hernia,15428,235,1.04 [0.91-1.18],0.6004336658458354
CIRBP,Cold-inducible RNA-binding protein,Chapter XI Diseases of the digestive system,Volvulus,12860,76,0.84 [0.67-1.06],0.1403036376649095
CIRBP,Cold-inducible RNA-binding protein,Chapter XII Diseases of the skin and subcutaneous tissue,Actinic keratosis,19978,353,1.01 [0.91-1.13],0.8260475705948062
CIRBP,Cold-inducible RNA-binding protein,Chapter XII Diseases of the skin and subcutaneous tissue,Arthropathic psoriasis,19755,61,1.26 [0.97-1.64],0.0876485006914043
CIRBP,Cold-inducible RNA-binding protein,Chapter XII Diseases of the skin and subcutaneous tissue,Atrophic disorders of skin,17908,144,0.95 [0.80-1.13],0.5722392751418063
CIRBP,Cold-inducible RNA-binding protein,Chapter XII Diseases of the skin and subcutaneous tissue,Cellulitis,19530,707,1.02 [0.94-1.10],0.6906605826606492
CIRBP,Cold-inducible RNA-binding protein,Chapter XII Diseases of the skin and subcutaneous tissue,"Cutaneous abscess, furuncle and carbuncle",18947,124,1.00 [0.83-1.20],0.98003832752868
CIRBP,Cold-inducible RNA-binding protein,Chapter XII Diseases of the skin and subcutaneous tissue,Decubitus ulcer and pressure area,18272,508,0.94 [0.86-1.02],0.1518495538696292
CIRBP,Cold-inducible RNA-binding protein,Chapter XII Diseases of the skin and subcutaneous tissue,Dermatitis,19767,271,1.02 [0.90-1.15],0.7860511262529218
CIRBP,Cold-inducible RNA-binding protein,Chapter XII Diseases of the skin and subcutaneous tissue,Dermatitis and eczema,19972,476,0.99 [0.90-1.08],0.7725260602169333
CIRBP,Cold-inducible RNA-binding protein,Chapter XII Diseases of the skin and subcutaneous tissue,Dermatitis due to substances taken internally,19541,45,0.91 [0.67-1.23],0.5371963274116659
CIRBP,Cold-inducible RNA-binding protein,Chapter XII Diseases of the skin and subcutaneous tissue,Diseases of the skin and subcutaneous tissue,18691,3187,0.97 [0.94-1.01],0.1054430166157743
CIRBP,Cold-inducible RNA-binding protein,Chapter XII Diseases of the skin and subcutaneous tissue,Disorders of skin appendages,19692,373,0.95 [0.86-1.06],0.3410960610115481
CIRBP,Cold-inducible RNA-binding protein,Chapter XII Diseases of the skin and subcutaneous tissue,Follicular cysts of skin and subcutaneous tissue,19576,257,0.95 [0.84-1.08],0.4675356404567335
CIRBP,Cold-inducible RNA-binding protein,Chapter XII Diseases of the skin and subcutaneous tissue,Infections of the skin and subcutaneous tissue,19739,916,0.99 [0.93-1.06],0.8330257508532947
CIRBP,Cold-inducible RNA-binding protein,Chapter XII Diseases of the skin and subcutaneous tissue,"Lichen planus, including avohilmo",20050,52,0.89 [0.67-1.17],0.3947279076013485
CIRBP,Cold-inducible RNA-binding protein,Chapter XII Diseases of the skin and subcutaneous tissue,Lupus erythematosus,17820,56,0.88 [0.67-1.15],0.3580851945082597
CIRBP,Cold-inducible RNA-binding protein,Chapter XII Diseases of the skin and subcutaneous tissue,Nail disorders,19374,55,0.94 [0.72-1.23],0.6554680250614267
CIRBP,Cold-inducible RNA-binding protein,Chapter XII Diseases of the skin and subcutaneous tissue,Other and unspecified dermatitis,19755,259,1.00 [0.88-1.13],0.981132319488622
CIRBP,Cold-inducible RNA-binding protein,Chapter XII Diseases of the skin and subcutaneous tissue,Other and unspecified disorders of skin and subcutaneous tissue,18282,518,0.95 [0.87-1.04],0.2609937369449466
CIRBP,Cold-inducible RNA-binding protein,Chapter XII Diseases of the skin and subcutaneous tissue,Other and unspecified epidermal thickening,17840,76,0.84 [0.67-1.06],0.1435057338824836
CIRBP,Cold-inducible RNA-binding protein,Chapter XII Diseases of the skin and subcutaneous tissue,Other and unspecified erythematous conditions,19992,73,0.81 [0.64-1.03],0.0885383168502393
CIRBP,Cold-inducible RNA-binding protein,Chapter XII Diseases of the skin and subcutaneous tissue,Other and unspecified local infections of skin and subcutaneous tissue,19008,185,1.04 [0.89-1.21],0.6161607912436072
CIRBP,Cold-inducible RNA-binding protein,Chapter XII Diseases of the skin and subcutaneous tissue,Other and unspecified psoriasis,19891,197,1.05 [0.90-1.21],0.5464623534314814
CIRBP,Cold-inducible RNA-binding protein,Chapter XII Diseases of the skin and subcutaneous tissue,Other contact dermatitis,19572,76,1.01 [0.80-1.27],0.948403138914748
CIRBP,Cold-inducible RNA-binding protein,Chapter XII Diseases of the skin and subcutaneous tissue,Other disorders of pigmentation,17828,64,0.86 [0.67-1.11],0.2395258693984694
CIRBP,Cold-inducible RNA-binding protein,Chapter XII Diseases of the skin and subcutaneous tissue,Other disorders of skin and subcutaneous tissue,19538,1774,0.96 [0.92-1.01],0.1191381859786278
CIRBP,Cold-inducible RNA-binding protein,Chapter XII Diseases of the skin and subcutaneous tissue,"Other disorders of skin and subcutaneous tissue, not elsewhere classified",18319,555,0.94 [0.86-1.02],0.1408201591642578
CIRBP,Cold-inducible RNA-binding protein,Chapter XII Diseases of the skin and subcutaneous tissue,Other epidermal thickening,17843,79,0.83 [0.66-1.04],0.0973995093072
CIRBP,Cold-inducible RNA-binding protein,Chapter XII Diseases of the skin and subcutaneous tissue,Papulosquamous disorders,19990,296,1.05 [0.93-1.18],0.4018065230331353
CIRBP,Cold-inducible RNA-binding protein,Chapter XII Diseases of the skin and subcutaneous tissue,Pruritus,19562,66,0.96 [0.75-1.23],0.7441866652896542
CIRBP,Cold-inducible RNA-binding protein,Chapter XII Diseases of the skin and subcutaneous tissue,Psoriasis,19937,243,1.09 [0.96-1.25],0.1843197542206338
CIRBP,Cold-inducible RNA-binding protein,Chapter XII Diseases of the skin and subcutaneous tissue,Radiation-related disorders of the skin and subcutaneous tissue,20006,381,0.99 [0.90-1.10],0.8980371883835977
CIRBP,Cold-inducible RNA-binding protein,Chapter XII Diseases of the skin and subcutaneous tissue,Scar conditions and fibrosis of skin,17872,108,0.93 [0.76-1.12],0.4333073505940387
CIRBP,Cold-inducible RNA-binding protein,Chapter XII Diseases of the skin and subcutaneous tissue,Seborrhoeic keratosis,18048,284,0.84 [0.75-0.95],0.0053740287397377
CIRBP,Cold-inducible RNA-binding protein,Chapter XII Diseases of the skin and subcutaneous tissue,Skin changes due to chronic exposure to nonionizing radiation,19994,369,0.99 [0.89-1.10],0.9117343152529482
CIRBP,Cold-inducible RNA-binding protein,Chapter XII Diseases of the skin and subcutaneous tissue,"Ulcer of lower limb, not elsewhere classified",18036,272,1.05 [0.93-1.19],0.4121766556971226
CIRBP,Cold-inducible RNA-binding protein,Chapter XII Diseases of the skin and subcutaneous tissue,Urticaria and erythema,20042,123,0.91 [0.76-1.09],0.308228900654114
CIRBP,Cold-inducible RNA-binding protein,Chapter XIII Diseases of the musculoskeletal system and connective tissue,Adhesive capsulitis of shoulder,16743,68,0.92 [0.72-1.17],0.4858873844237412
CIRBP,Cold-inducible RNA-binding protein,Chapter XIII Diseases of the musculoskeletal system and connective tissue,Arthropathies,17695,5533,1.03 [1.00-1.06],0.022776446055743
CIRBP,Cold-inducible RNA-binding protein,Chapter XIII Diseases of the musculoskeletal system and connective tissue,Arthrosis,16473,4311,1.03 [1.00-1.06],0.0775583126389475
CIRBP,Cold-inducible RNA-binding protein,Chapter XIII Diseases of the musculoskeletal system and connective tissue,Bursitis of shoulder,16721,46,1.03 [0.76-1.39],0.852813501788642
CIRBP,Cold-inducible RNA-binding protein,Chapter XIII Diseases of the musculoskeletal system and connective tissue,Cervical disc disorders,16717,119,1.04 [0.86-1.25],0.6758437210540267
CIRBP,Cold-inducible RNA-binding protein,Chapter XIII Diseases of the musculoskeletal system and connective tissue,Cervicalgia,16761,163,0.96 [0.82-1.12],0.5709958655627086
CIRBP,Cold-inducible RNA-binding protein,Chapter XIII Diseases of the musculoskeletal system and connective tissue,Chondropathies,19844,52,0.85 [0.64-1.12],0.2471889232066461
CIRBP,Cold-inducible RNA-binding protein,Chapter XIII Diseases of the musculoskeletal system and connective tissue,"Collapsed vertebra, not elsewhere classified",16723,125,0.91 [0.76-1.09],0.3263385092790494
CIRBP,Cold-inducible RNA-binding protein,Chapter XIII Diseases of the musculoskeletal system and connective tissue,Coxarthrosis,13445,1283,1.05 [1.00-1.12],0.0694885578412552
CIRBP,Cold-inducible RNA-binding protein,Chapter XIII Diseases of the musculoskeletal system and connective tissue,"Coxarthrosis, primary",19875,216,1.02 [0.89-1.17],0.7816204813660086
CIRBP,Cold-inducible RNA-binding protein,Chapter XIII Diseases of the musculoskeletal system and connective tissue,Deforming dorsopathies,17077,479,1.08 [0.98-1.18],0.1115136370003846
CIRBP,Cold-inducible RNA-binding protein,Chapter XIII Diseases of the musculoskeletal system and connective tissue,Diseases of the musculoskeletal system and connective tissue,16253,6923,1.03 [1.00-1.05],0.0467647275014262
CIRBP,Cold-inducible RNA-binding protein,Chapter XIII Diseases of the musculoskeletal system and connective tissue,Disorders of continuity of bone,17910,107,0.84 [0.69-1.02],0.0809275479911922
CIRBP,Cold-inducible RNA-binding protein,Chapter XIII Diseases of the musculoskeletal system and connective tissue,Disorders of muscles,16828,153,1.04 [0.88-1.22],0.6480071405583028
CIRBP,Cold-inducible RNA-binding protein,Chapter XIII Diseases of the musculoskeletal system and connective tissue,Disorders of synovium and tendon,17118,443,1.01 [0.92-1.12],0.7807369306992553
CIRBP,Cold-inducible RNA-binding protein,Chapter XIII Diseases of the musculoskeletal system and connective tissue,Dorsopathies,19251,2653,1.01 [0.97-1.05],0.5451773310531083
CIRBP,Cold-inducible RNA-binding protein,Chapter XIII Diseases of the musculoskeletal system and connective tissue,Fibroblastic disorders,16947,272,0.86 [0.77-0.97],0.0175784535954401
CIRBP,Cold-inducible RNA-binding protein,Chapter XIII Diseases of the musculoskeletal system and connective tissue,Fibromyalgia,16802,127,1.24 [1.03-1.49],0.022616606523091
CIRBP,Cold-inducible RNA-binding protein,Chapter XIII Diseases of the musculoskeletal system and connective tissue,Ganglion,16779,104,0.93 [0.76-1.13],0.4512538260736513
CIRBP,Cold-inducible RNA-binding protein,Chapter XIII Diseases of the musculoskeletal system and connective tissue,Giant cell arteritis,19395,88,0.98 [0.79-1.22],0.8534903499419453
CIRBP,Cold-inducible RNA-binding protein,Chapter XIII Diseases of the musculoskeletal system and connective tissue,Gonarthrosis,13891,1729,1.02 [0.97-1.07],0.3798303884576962
CIRBP,Cold-inducible RNA-binding protein,Chapter XIII Diseases of the musculoskeletal system and connective tissue,Gout,12823,661,1.10 [1.02-1.20],0.0146588274915181
CIRBP,Cold-inducible RNA-binding protein,Chapter XIII Diseases of the musculoskeletal system and connective tissue,"Gout, unspecified",19979,655,1.09 [1.01-1.18],0.032485939410353
CIRBP,Cold-inducible RNA-binding protein,Chapter XIII Diseases of the musculoskeletal system and connective tissue,Hallux rigidus,12226,64,0.97 [0.75-1.25],0.8221765423869429
CIRBP,Cold-inducible RNA-binding protein,Chapter XIII Diseases of the musculoskeletal system and connective tissue,Hallux valgus (acquired),12432,270,0.93 [0.82-1.05],0.226559203811452
CIRBP,Cold-inducible RNA-binding protein,Chapter XIII Diseases of the musculoskeletal system and connective tissue,Impingement syndrome of shoulder,16900,225,1.07 [0.94-1.23],0.3161420967088473
CIRBP,Cold-inducible RNA-binding protein,Chapter XIII Diseases of the musculoskeletal system and connective tissue,Internal derangement of knee,12569,407,1.06 [0.96-1.17],0.2625620345795362
CIRBP,Cold-inducible RNA-binding protein,Chapter XIII Diseases of the musculoskeletal system and connective tissue,Kyphosis,16667,69,1.38 [1.07-1.77],0.0125622288298576
CIRBP,Cold-inducible RNA-binding protein,Chapter XIII Diseases of the musculoskeletal system and connective tissue,Low back pain,17169,571,1.04 [0.95-1.13],0.3889159033327743
CIRBP,Cold-inducible RNA-binding protein,Chapter XIII Diseases of the musculoskeletal system and connective tissue,Lumbar disc prolapse,16855,257,1.05 [0.92-1.19],0.4923607848392008
CIRBP,Cold-inducible RNA-binding protein,Chapter XIII Diseases of the musculoskeletal system and connective tissue,Meniscus derangement,12543,381,1.06 [0.95-1.17],0.313309218308393
CIRBP,Cold-inducible RNA-binding protein,Chapter XIII Diseases of the musculoskeletal system and connective tissue,Myalgia,16736,61,1.15 [0.88-1.49],0.3036317048680331
CIRBP,Cold-inducible RNA-binding protein,Chapter XIII Diseases of the musculoskeletal system and connective tissue,"Neuralgia and neuritis, unspecified",16723,48,1.26 [0.93-1.69],0.1314787707932234
CIRBP,Cold-inducible RNA-binding protein,Chapter XIII Diseases of the musculoskeletal system and connective tissue,Osteomyelitis,17873,70,0.97 [0.76-1.24],0.7957287006423054
CIRBP,Cold-inducible RNA-binding protein,Chapter XIII Diseases of the musculoskeletal system and connective tissue,Osteopathies and chondropathies,19696,1893,0.96 [0.91-1.00],0.0684763773948132
CIRBP,Cold-inducible RNA-binding protein,Chapter XIII Diseases of the musculoskeletal system and connective tissue,Osteoporosis,19140,1337,0.95 [0.90-1.01],0.0771540185885072
CIRBP,Cold-inducible RNA-binding protein,Chapter XIII Diseases of the musculoskeletal system and connective tissue,"Other (seronegative) rheumatoid arthritis, wide",19923,468,1.08 [0.98-1.19],0.1076942417504117
CIRBP,Cold-inducible RNA-binding protein,Chapter XIII Diseases of the musculoskeletal system and connective tissue,Other arthrosis,14850,2688,1.04 [1.00-1.08],0.0689479126138189
CIRBP,Cold-inducible RNA-binding protein,Chapter XIII Diseases of the musculoskeletal system and connective tissue,Other articular cartilage disorders,12202,40,0.93 [0.67-1.27],0.6353407595558054
CIRBP,Cold-inducible RNA-binding protein,Chapter XIII Diseases of the musculoskeletal system and connective tissue,Other bursopathies,16762,87,1.10 [0.88-1.36],0.4149071180089468
CIRBP,Cold-inducible RNA-binding protein,Chapter XIII Diseases of the musculoskeletal system and connective tissue,Other crystal arthropathies,12227,65,1.13 [0.87-1.46],0.3542882018809229
CIRBP,Cold-inducible RNA-binding protein,Chapter XIII Diseases of the musculoskeletal system and connective tissue,Other deformities of toe(s),12281,119,1.03 [0.86-1.25],0.7344650187663151
CIRBP,Cold-inducible RNA-binding protein,Chapter XIII Diseases of the musculoskeletal system and connective tissue,Other disorders of bone,18010,207,0.95 [0.82-1.09],0.4640083822774157
CIRBP,Cold-inducible RNA-binding protein,Chapter XIII Diseases of the musculoskeletal system and connective tissue,Other disorders of bone density and structure,18218,415,0.94 [0.85-1.04],0.2188666955765775
CIRBP,Cold-inducible RNA-binding protein,Chapter XIII Diseases of the musculoskeletal system and connective tissue,Other disorders of the musculoskeletal system and connective tissue,20050,94,1.28 [1.03-1.58],0.0251315381531747
CIRBP,Cold-inducible RNA-binding protein,Chapter XIII Diseases of the musculoskeletal system and connective tissue,"Other dorsopathies, not elsewhere classified",18273,1675,1.01 [0.96-1.06],0.693235630696007
CIRBP,Cold-inducible RNA-binding protein,Chapter XIII Diseases of the musculoskeletal system and connective tissue,Other enthesopathies,16736,61,1.47 [1.12-1.91],0.0050745285355044
CIRBP,Cold-inducible RNA-binding protein,Chapter XIII Diseases of the musculoskeletal system and connective tissue,Other hammer toe(s) (acquired),12294,132,0.99 [0.83-1.18],0.924634738347012
CIRBP,Cold-inducible RNA-binding protein,Chapter XIII Diseases of the musculoskeletal system and connective tissue,Other intervertebral disc disorders,17266,668,1.06 [0.98-1.14],0.1678318197986476
CIRBP,Cold-inducible RNA-binding protein,Chapter XIII Diseases of the musculoskeletal system and connective tissue,Other joint disorders,14035,1873,1.03 [0.98-1.08],0.2848138039647239
CIRBP,Cold-inducible RNA-binding protein,Chapter XIII Diseases of the musculoskeletal system and connective tissue,Other necrotizing vasculopathies,19416,109,1.06 [0.87-1.29],0.5449642644760004
CIRBP,Cold-inducible RNA-binding protein,Chapter XIII Diseases of the musculoskeletal system and connective tissue,Other psoriatic arthropathies,20059,58,1.31 [1.00-1.72],0.0497505892443889
CIRBP,Cold-inducible RNA-binding protein,Chapter XIII Diseases of the musculoskeletal system and connective tissue,Other shoulder lesions,16743,68,1.07 [0.84-1.37],0.5947259988667849
CIRBP,Cold-inducible RNA-binding protein,Chapter XIII Diseases of the musculoskeletal system and connective tissue,"Other soft tissue disorders, not elsewhere classified",17823,1148,1.09 [1.03-1.16],0.0042358882839894
CIRBP,Cold-inducible RNA-binding protein,Chapter XIII Diseases of the musculoskeletal system and connective tissue,Other specified disorders of muscle,16764,89,1.09 [0.88-1.35],0.4473335583416227
CIRBP,Cold-inducible RNA-binding protein,Chapter XIII Diseases of the musculoskeletal system and connective tissue,Other specified/unspecified arthritis,13955,1793,1.04 [0.99-1.10],0.0806040180906672
CIRBP,Cold-inducible RNA-binding protein,Chapter XIII Diseases of the musculoskeletal system and connective tissue,Other specified/unspecified disorders of  bone/cartilage,17907,104,0.90 [0.74-1.10],0.3176147088037763
CIRBP,Cold-inducible RNA-binding protein,Chapter XIII Diseases of the musculoskeletal system and connective tissue,Other specified/unspecified disorders of synovium and tendon +Other specified/unspecified bursopathies,16704,29,0.90 [0.62-1.32],0.5991354289115967
CIRBP,Cold-inducible RNA-binding protein,Chapter XIII Diseases of the musculoskeletal system and connective tissue,Other specified/unspecified inflammatory spondylopathies,16766,168,0.87 [0.74-1.02],0.0785713708263754
CIRBP,Cold-inducible RNA-binding protein,Chapter XIII Diseases of the musculoskeletal system and connective tissue,Other specified/unspecified soft tissue disorders,17250,575,1.05 [0.96-1.14],0.2836697033650181
CIRBP,Cold-inducible RNA-binding protein,Chapter XIII Diseases of the musculoskeletal system and connective tissue,Other systemic involvement of connective tissue,19737,430,1.13 [1.03-1.25],0.012937849076782
CIRBP,Cold-inducible RNA-binding protein,Chapter XIII Diseases of the musculoskeletal system and connective tissue,Other/unspecified dorsalgia,17150,552,1.00 [0.92-1.09],0.9977064095361032
CIRBP,Cold-inducible RNA-binding protein,Chapter XIII Diseases of the musculoskeletal system and connective tissue,Other/unspecified rheumatoid arthritis,19934,463,1.08 [0.99-1.19],0.0932121260744795
CIRBP,Cold-inducible RNA-binding protein,Chapter XIII Diseases of the musculoskeletal system and connective tissue,Other/unspecified seropositive rheumatoid arthritis,20044,58,1.48 [1.13-1.94],0.0048369535717614
CIRBP,Cold-inducible RNA-binding protein,Chapter XIII Diseases of the musculoskeletal system and connective tissue,Other/unspecified synovitis and tenosynovitis,16815,140,0.97 [0.82-1.15],0.7015791446439271
CIRBP,Cold-inducible RNA-binding protein,Chapter XIII Diseases of the musculoskeletal system and connective tissue,Pain in joint,15649,742,1.03 [0.96-1.11],0.3784767543934721
CIRBP,Cold-inducible RNA-binding protein,Chapter XIII Diseases of the musculoskeletal system and connective tissue,Pain in limb,17219,544,1.08 [0.99-1.17],0.1018002218598289
CIRBP,Cold-inducible RNA-binding protein,Chapter XIII Diseases of the musculoskeletal system and connective tissue,Palmar fascial fibromatosis [Dupuytren],16920,245,0.87 [0.77-0.99],0.0316150069068746
CIRBP,Cold-inducible RNA-binding protein,Chapter XIII Diseases of the musculoskeletal system and connective tissue,"Polyarthritis, unspecified",12226,64,1.10 [0.86-1.42],0.4454097296308295
CIRBP,Cold-inducible RNA-binding protein,Chapter XIII Diseases of the musculoskeletal system and connective tissue,Polyarthropathies,14850,2688,1.06 [1.02-1.10],0.0025993075984816
CIRBP,Cold-inducible RNA-binding protein,Chapter XIII Diseases of the musculoskeletal system and connective tissue,Polyarthrosis,12870,708,1.03 [0.95-1.11],0.4546193424974895
CIRBP,Cold-inducible RNA-binding protein,Chapter XIII Diseases of the musculoskeletal system and connective tissue,Polymyalgia rheumatica,19629,322,1.09 [0.97-1.22],0.1528571886691328
CIRBP,Cold-inducible RNA-binding protein,Chapter XIII Diseases of the musculoskeletal system and connective tissue,"Postprocedural musculoskeletal disorders, not elsewhere classified",20020,64,1.07 [0.83-1.38],0.6221491891317257
CIRBP,Cold-inducible RNA-binding protein,Chapter XIII Diseases of the musculoskeletal system and connective tissue,"Primary gonarthrosis, bilateral",17781,59,1.13 [0.86-1.48],0.3708864649521641
CIRBP,Cold-inducible RNA-binding protein,Chapter XIII Diseases of the musculoskeletal system and connective tissue,Psoriatic arthropathies,12221,59,1.31 [1.00-1.71],0.0536552694754629
CIRBP,Cold-inducible RNA-binding protein,Chapter XIII Diseases of the musculoskeletal system and connective tissue,Radiculopathy,16692,94,1.04 [0.84-1.28],0.7345783233010188
CIRBP,Cold-inducible RNA-binding protein,Chapter XIII Diseases of the musculoskeletal system and connective tissue,Rheumatoid arthritis,12637,475,1.09 [1.00-1.20],0.0620664138005807
CIRBP,Cold-inducible RNA-binding protein,Chapter XIII Diseases of the musculoskeletal system and connective tissue,Rotator cuff syndrome,16966,291,1.09 [0.97-1.23],0.1408204520146781
CIRBP,Cold-inducible RNA-binding protein,Chapter XIII Diseases of the musculoskeletal system and connective tissue,Sciatica+with lumbago,16841,243,1.16 [1.01-1.32],0.0323805786616937
CIRBP,Cold-inducible RNA-binding protein,Chapter XIII Diseases of the musculoskeletal system and connective tissue,Scoliosis,16816,218,1.06 [0.93-1.22],0.3827404818459528
CIRBP,Cold-inducible RNA-binding protein,Chapter XIII Diseases of the musculoskeletal system and connective tissue,Seronegative rheumatoid arthritis,14138,60,1.27 [0.98-1.66],0.0745093728702952
CIRBP,Cold-inducible RNA-binding protein,Chapter XIII Diseases of the musculoskeletal system and connective tissue,"Seropositive rheumatoid arthritis, wide",20048,62,1.34 [1.03-1.74],0.026970627942928
CIRBP,Cold-inducible RNA-binding protein,Chapter XIII Diseases of the musculoskeletal system and connective tissue,Shoulder lesions,17148,473,1.09 [0.99-1.19],0.086288627053721
CIRBP,Cold-inducible RNA-binding protein,Chapter XIII Diseases of the musculoskeletal system and connective tissue,Sicca syndrome [Sjgren],19393,86,1.28 [1.02-1.60],0.0299269995168939
CIRBP,Cold-inducible RNA-binding protein,Chapter XIII Diseases of the musculoskeletal system and connective tissue,Soft tissue disorders,18934,2259,1.05 [1.01-1.10],0.0181290693129367
CIRBP,Cold-inducible RNA-binding protein,Chapter XIII Diseases of the musculoskeletal system and connective tissue,"Soft tissue disorders related to use, overuse and pressure",16803,128,1.12 [0.94-1.34],0.2121302582218811
CIRBP,Cold-inducible RNA-binding protein,Chapter XIII Diseases of the musculoskeletal system and connective tissue,Spinal stenosis,17180,582,1.06 [0.97-1.15],0.1760989941892535
CIRBP,Cold-inducible RNA-binding protein,Chapter XIII Diseases of the musculoskeletal system and connective tissue,Spondyloarthritis,18871,231,0.89 [0.78-1.01],0.0766822077688593
CIRBP,Cold-inducible RNA-binding protein,Chapter XIII Diseases of the musculoskeletal system and connective tissue,Spondylolisthesis/Spondylolysis,16800,202,1.08 [0.93-1.24],0.3244066424591549
CIRBP,Cold-inducible RNA-binding protein,Chapter XIII Diseases of the musculoskeletal system and connective tissue,Spondylopathies,18267,1669,1.02 [0.97-1.07],0.5217471511097187
CIRBP,Cold-inducible RNA-binding protein,Chapter XIII Diseases of the musculoskeletal system and connective tissue,Spondylosis,17689,1091,1.04 [0.98-1.11],0.1800371348577185
CIRBP,Cold-inducible RNA-binding protein,Chapter XIII Diseases of the musculoskeletal system and connective tissue,Synovial cyst of popliteal space [Baker],16724,49,1.04 [0.78-1.39],0.8034275599797358
CIRBP,Cold-inducible RNA-binding protein,Chapter XIII Diseases of the musculoskeletal system and connective tissue,Systemic lupus erythematosus,19414,107,1.00 [0.83-1.22],0.9717058024588586
CIRBP,Cold-inducible RNA-binding protein,Chapter XIII Diseases of the musculoskeletal system and connective tissue,Trigger finger,16821,146,1.11 [0.94-1.31],0.2378838857657264
CIRBP,Cold-inducible RNA-binding protein,Chapter XIII Diseases of the musculoskeletal system and connective tissue,Trochanteric bursitis,16758,83,1.05 [0.84-1.32],0.6489397759029318
CIRBP,Cold-inducible RNA-binding protein,Chapter XIII Diseases of the musculoskeletal system and connective tissue,Wrist or foot drop (acquired),12225,63,1.08 [0.84-1.39],0.5649079598895044
CIRBP,Cold-inducible RNA-binding protein,Chapter XIV Diseases of the genitourinary system,Acute renal failure,18918,1839,1.01 [0.97-1.06],0.5626604342005674
CIRBP,Cold-inducible RNA-binding protein,Chapter XIV Diseases of the genitourinary system,Adenomyosis (Endometriosis of uterus),8083,22,1.26 [0.80-1.96],0.3150577533624557
CIRBP,Cold-inducible RNA-binding protein,Chapter XIV Diseases of the genitourinary system,Benign mammary dysplasia,10256,29,1.12 [0.76-1.65],0.5624224934370415
CIRBP,Cold-inducible RNA-binding protein,Chapter XIV Diseases of the genitourinary system,Calculus of kidney and ureter,19789,266,1.09 [0.97-1.24],0.1571929996442218
CIRBP,Cold-inducible RNA-binding protein,Chapter XIV Diseases of the genitourinary system,Calculus of lower urinary tract,19613,90,1.02 [0.82-1.26],0.8717437734648784
CIRBP,Cold-inducible RNA-binding protein,Chapter XIV Diseases of the genitourinary system,Chronic kidney disease,18845,1766,0.97 [0.92-1.02],0.2226199192621551
CIRBP,Cold-inducible RNA-binding protein,Chapter XIV Diseases of the genitourinary system,Chronic nephritic syndrome,19880,90,0.93 [0.75-1.15],0.5060735003781773
CIRBP,Cold-inducible RNA-binding protein,Chapter XIV Diseases of the genitourinary system,Cyst of kidney,19836,342,1.02 [0.91-1.14],0.7312974659196811
CIRBP,Cold-inducible RNA-binding protein,Chapter XIV Diseases of the genitourinary system,Cystitis,16845,261,1.06 [0.93-1.20],0.3651952412297423
CIRBP,Cold-inducible RNA-binding protein,Chapter XIV Diseases of the genitourinary system,Dialysis,17150,71,1.20 [0.93-1.53],0.1554431104735477
CIRBP,Cold-inducible RNA-binding protein,Chapter XIV Diseases of the genitourinary system,Diseases of male genital organs,8806,1828,0.98 [0.93-1.03],0.363357642769199
CIRBP,Cold-inducible RNA-binding protein,Chapter XIV Diseases of the genitourinary system,Disorders of breast,10338,111,1.09 [0.89-1.32],0.4062873028626375
CIRBP,Cold-inducible RNA-binding protein,Chapter XIV Diseases of the genitourinary system,Endometriosis,8095,34,1.14 [0.80-1.62],0.4791139048222718
CIRBP,Cold-inducible RNA-binding protein,Chapter XIV Diseases of the genitourinary system,Female genital prolapse,8556,495,1.06 [0.96-1.16],0.2424576948253521
CIRBP,Cold-inducible RNA-binding protein,Chapter XIV Diseases of the genitourinary system,Genitourinary diseases,16594,5332,0.99 [0.96-1.02],0.3844504620116736
CIRBP,Cold-inducible RNA-binding protein,Chapter XIV Diseases of the genitourinary system,Glomerular disorders in diseases classified elsewhere,19859,69,0.99 [0.77-1.26],0.9314145096634696
CIRBP,Cold-inducible RNA-binding protein,Chapter XIV Diseases of the genitourinary system,Hydrocele,7083,105,0.88 [0.72-1.07],0.2029457000228876
CIRBP,Cold-inducible RNA-binding protein,Chapter XIV Diseases of the genitourinary system,Hydronephrosis,17112,283,1.01 [0.89-1.14],0.91257238806186
CIRBP,Cold-inducible RNA-binding protein,Chapter XIV Diseases of the genitourinary system,Hyperplasia of prostate,8535,1557,0.97 [0.92-1.02],0.2678836045439333
CIRBP,Cold-inducible RNA-binding protein,Chapter XIV Diseases of the genitourinary system,Inflammatory diseases of female pelvic organs,10391,140,1.07 [0.89-1.27],0.4786446330272423
CIRBP,Cold-inducible RNA-binding protein,Chapter XIV Diseases of the genitourinary system,Inflammatory diseases of prostate (prostatitis),7084,106,0.86 [0.70-1.04],0.119513620871161
CIRBP,Cold-inducible RNA-binding protein,Chapter XIV Diseases of the genitourinary system,Neuromuscular dysfunction of bladder,16655,71,1.01 [0.79-1.28],0.953093893718956
CIRBP,Cold-inducible RNA-binding protein,Chapter XIV Diseases of the genitourinary system,Noninflammatory disorders of female genital tract,8949,888,0.99 [0.92-1.06],0.6852495713802698
CIRBP,Cold-inducible RNA-binding protein,Chapter XIV Diseases of the genitourinary system,Orchitis and epididymitis,7030,52,0.75 [0.56-0.99],0.03964278686679
CIRBP,Cold-inducible RNA-binding protein,Chapter XIV Diseases of the genitourinary system,Other abnormal uterine and vaginal bleeding,8095,34,0.89 [0.63-1.25],0.4951181371839926
CIRBP,Cold-inducible RNA-binding protein,Chapter XIV Diseases of the genitourinary system,"Other chronic cystitis, drug-induced",20060,76,1.14 [0.90-1.44],0.2650907236171406
CIRBP,Cold-inducible RNA-binding protein,Chapter XIV Diseases of the genitourinary system,"Other cystitis, drug-induced",20055,75,0.95 [0.75-1.20],0.6659861404356048
CIRBP,Cold-inducible RNA-binding protein,Chapter XIV Diseases of the genitourinary system,Other diseases of urinary system,19049,2465,0.97 [0.93-1.01],0.1624591776582623
CIRBP,Cold-inducible RNA-binding protein,Chapter XIV Diseases of the genitourinary system,Other disorders of  bladder,17392,808,0.92 [0.86-0.99],0.0177361693001086
CIRBP,Cold-inducible RNA-binding protein,Chapter XIV Diseases of the genitourinary system,Other disorders of breast,10273,46,1.06 [0.79-1.44],0.6898130730437143
CIRBP,Cold-inducible RNA-binding protein,Chapter XIV Diseases of the genitourinary system,Other disorders of kidney and ureter,20003,509,1.05 [0.96-1.15],0.2948562729006526
CIRBP,Cold-inducible RNA-binding protein,Chapter XIV Diseases of the genitourinary system,Other disorders of male genital organs,7100,122,0.98 [0.82-1.18],0.8643947423045306
CIRBP,Cold-inducible RNA-binding protein,Chapter XIV Diseases of the genitourinary system,Other disorders of penis,7114,136,0.98 [0.82-1.16],0.7908405563040524
CIRBP,Cold-inducible RNA-binding protein,Chapter XIV Diseases of the genitourinary system,Other disorders of prostate,7107,129,0.88 [0.74-1.05],0.1659716101816025
CIRBP,Cold-inducible RNA-binding protein,Chapter XIV Diseases of the genitourinary system,Other disorders of the genitourinary system,20036,71,0.99 [0.78-1.26],0.9532341899237886
CIRBP,Cold-inducible RNA-binding protein,Chapter XIV Diseases of the genitourinary system,Other disorders of urethra and urinary system,18505,1921,1.00 [0.95-1.04],0.9243177602610058
CIRBP,Cold-inducible RNA-binding protein,Chapter XIV Diseases of the genitourinary system,Other female pelvic inflammatory diseases,10323,72,1.01 [0.80-1.29],0.9128179288715664
CIRBP,Cold-inducible RNA-binding protein,Chapter XIV Diseases of the genitourinary system,Other noninflammatory disorders of cervix uteri,8125,64,1.18 [0.91-1.53],0.2212428408885937
CIRBP,Cold-inducible RNA-binding protein,Chapter XIV Diseases of the genitourinary system,"Other noninflammatory disorders of uterus, except cervix",8195,134,0.96 [0.81-1.15],0.6647151604530427
CIRBP,Cold-inducible RNA-binding protein,Chapter XIV Diseases of the genitourinary system,Other noninflammatory disorders of vagina,8110,49,0.83 [0.62-1.10],0.1978266061467764
CIRBP,Cold-inducible RNA-binding protein,Chapter XIV Diseases of the genitourinary system,Other noninflammatory disorders of vulva and perineum,8148,87,0.95 [0.76-1.18],0.6215882604849439
CIRBP,Cold-inducible RNA-binding protein,Chapter XIV Diseases of the genitourinary system,Other obstructive and reflux uropathy,17161,332,0.99 [0.88-1.10],0.8015689216771081
CIRBP,Cold-inducible RNA-binding protein,Chapter XIV Diseases of the genitourinary system,Other specified disorders of kidney and ureter,19657,163,1.12 [0.95-1.31],0.1654058999872316
CIRBP,Cold-inducible RNA-binding protein,Chapter XIV Diseases of the genitourinary system,Ovarian cyst,8165,104,0.99 [0.81-1.21],0.910660917446867
CIRBP,Cold-inducible RNA-binding protein,Chapter XIV Diseases of the genitourinary system,Pain and other conditions associated with female genital organs and menstrual cycle,8081,20,0.88 [0.56-1.38],0.5744729203742671
CIRBP,Cold-inducible RNA-binding protein,Chapter XIV Diseases of the genitourinary system,Polyp of the female genital tract,8247,186,0.96 [0.83-1.12],0.5952260319077026
CIRBP,Cold-inducible RNA-binding protein,Chapter XIV Diseases of the genitourinary system,Postmenopausal atrophic vaginitis,8144,83,1.19 [0.95-1.49],0.1254829317523165
CIRBP,Cold-inducible RNA-binding protein,Chapter XIV Diseases of the genitourinary system,Postmenopausal bleeding,8245,184,0.90 [0.78-1.05],0.1894383974566961
CIRBP,Cold-inducible RNA-binding protein,Chapter XIV Diseases of the genitourinary system,Recurrent and persistent haematuria,19838,48,0.78 [0.59-1.04],0.0966542016572727
CIRBP,Cold-inducible RNA-binding protein,Chapter XIV Diseases of the genitourinary system,"Redundant prepuce, phimosis and paraphimosis",7107,129,0.90 [0.75-1.08],0.2546777618938471
CIRBP,Cold-inducible RNA-binding protein,Chapter XIV Diseases of the genitourinary system,Renal tubulo-interstitial diseases,19856,3027,0.99 [0.96-1.03],0.7198642563548705
CIRBP,Cold-inducible RNA-binding protein,Chapter XIV Diseases of the genitourinary system,"Tubulo-interstitial nephritis, not specified as acute or chronic",16904,75,0.97 [0.77-1.23],0.8260682788052521
CIRBP,Cold-inducible RNA-binding protein,Chapter XIV Diseases of the genitourinary system,Unspecified kidney failure,17219,140,0.98 [0.82-1.16],0.7799349180167039
CIRBP,Cold-inducible RNA-binding protein,Chapter XIV Diseases of the genitourinary system,Unspecified renal colic,19557,34,0.96 [0.68-1.37],0.8401096780716191
CIRBP,Cold-inducible RNA-binding protein,Chapter XIV Diseases of the genitourinary system,Urethral stricture,16812,228,1.00 [0.88-1.15],0.953151279876658
CIRBP,Cold-inducible RNA-binding protein,Chapter XIV Diseases of the genitourinary system,Urolithiasis,19866,343,1.06 [0.95-1.19],0.2616030872634727
CIRBP,Cold-inducible RNA-binding protein,Chapter XIV Diseases of the genitourinary system,Uterine polyps,8093,32,0.92 [0.64-1.33],0.6687537737629428
