Protein,Protein_definition,Disease_category,Disease,NB_individual,NB_case,HR[95%CI],P_value
IL18R1,Interleukin-18 receptor 1,Chapter I Certain infectious and parasitic diseases,"Bacterial infection, other or unspecified",22023,195,2.25 [1.57-3.23],1.057338753242288e-05
IL18R1,Interleukin-18 receptor 1,Chapter I Certain infectious and parasitic diseases,"Bacterial intestinal infections, IBD co-morbidities",23244,251,1.72 [1.25-2.39],0.0010142131629315
IL18R1,Interleukin-18 receptor 1,Chapter I Certain infectious and parasitic diseases,"Bacterial, viral and other infectious agents",22968,1772,1.79 [1.59-2.03],1.0754959870820391e-20
IL18R1,Interleukin-18 receptor 1,Chapter I Certain infectious and parasitic diseases,Candidiasis,23252,552,1.57 [1.26-1.96],6.615274490065778e-05
IL18R1,Interleukin-18 receptor 1,Chapter I Certain infectious and parasitic diseases,Certain infectious and parasitic diseases,22489,4262,1.60 [1.48-1.74],1.153057175637859e-30
IL18R1,Interleukin-18 receptor 1,Chapter I Certain infectious and parasitic diseases,Condition for Implicit Sepsis (Organ dysfunction codes),22430,4336,1.54 [1.42-1.66],6.593061292586141e-26
IL18R1,Interleukin-18 receptor 1,Chapter I Certain infectious and parasitic diseases,Diarrhoea and gastroenteritis of presumed infectious origin,22957,1436,1.56 [1.36-1.79],1.7591905782140427e-10
IL18R1,Interleukin-18 receptor 1,Chapter I Certain infectious and parasitic diseases,Enterocolitis due to Clostridium difficile,23155,131,2.27 [1.46-3.54],0.0002801476874195
IL18R1,Interleukin-18 receptor 1,Chapter I Certain infectious and parasitic diseases,Explicit Sepsis,20415,1313,2.14 [1.86-2.47],1.5232972297787376e-25
IL18R1,Interleukin-18 receptor 1,Chapter I Certain infectious and parasitic diseases,Implicit bacterial Sepsis,19693,1597,2.18 [1.91-2.48],6.6255765881727e-32
IL18R1,Interleukin-18 receptor 1,Chapter I Certain infectious and parasitic diseases,Implicit fungal Sepsis,19189,343,2.07 [1.57-2.74],3.296907045717641e-07
IL18R1,Interleukin-18 receptor 1,Chapter I Certain infectious and parasitic diseases,Implicit Sepsis,15129,2768,1.76 [1.59-1.95],5.528478269249609e-28
IL18R1,Interleukin-18 receptor 1,Chapter I Certain infectious and parasitic diseases,Implicit viral Sepsis,19129,501,2.13 [1.69-2.69],1.6346634012064187e-10
IL18R1,Interleukin-18 receptor 1,Chapter I Certain infectious and parasitic diseases,Intestinal infectious diseases,23228,1707,1.54 [1.36-1.75],2.212869345885174e-11
IL18R1,Interleukin-18 receptor 1,Chapter I Certain infectious and parasitic diseases,Mycoses,23348,648,1.63 [1.33-2.00],2.8724862556620967e-06
IL18R1,Interleukin-18 receptor 1,Chapter I Certain infectious and parasitic diseases,Other bacterial agents as the cause of diseases classified to other chapters,22451,1255,1.77 [1.53-2.04],2.497823520733413e-14
IL18R1,Interleukin-18 receptor 1,Chapter I Certain infectious and parasitic diseases,Other bacterial diseases,23276,1448,2.04 [1.78-2.33],2.681517704148896e-25
IL18R1,Interleukin-18 receptor 1,Chapter I Certain infectious and parasitic diseases,Other bacterial intestinal infections,21772,251,1.77 [1.28-2.45],0.0005958521852464
IL18R1,Interleukin-18 receptor 1,Chapter I Certain infectious and parasitic diseases,Other infectious diseases,23408,67,1.14 [0.59-2.20],0.6911363946465012
IL18R1,Interleukin-18 receptor 1,Chapter I Certain infectious and parasitic diseases,Other septicaemia,23094,1266,2.04 [1.77-2.35],3.2394490706273903e-22
IL18R1,Interleukin-18 receptor 1,Chapter I Certain infectious and parasitic diseases,Other specified/unspecified bacterial intestinal infections,23104,80,0.99 [0.54-1.78],0.9630291473835626
IL18R1,Interleukin-18 receptor 1,Chapter I Certain infectious and parasitic diseases,Other viral diseases,23341,141,1.73 [1.13-2.67],0.0122362217566629
IL18R1,Interleukin-18 receptor 1,Chapter I Certain infectious and parasitic diseases,"Other viral diseases, not elsewhere classified",23319,119,1.69 [1.06-2.71],0.0289909502397678
IL18R1,Interleukin-18 receptor 1,Chapter I Certain infectious and parasitic diseases,Streptococcus and staphylococcus as the cause of diseases classified to other chapters,21703,507,2.54 [2.03-3.17],2.040267820364866e-16
IL18R1,Interleukin-18 receptor 1,Chapter I Certain infectious and parasitic diseases,Viral agents as the cause of diseases classified to other chapters,21507,311,1.77 [1.32-2.37],0.0001449431181506
IL18R1,Interleukin-18 receptor 1,Chapter I Certain infectious and parasitic diseases,Viral and other specified intestinal infections,21660,139,2.17 [1.40-3.36],0.0004951682511707
IL18R1,Interleukin-18 receptor 1,Chapter I Certain infectious and parasitic diseases,Viral hepatitis,23393,52,3.61 [1.85-7.06],0.000176886484282
IL18R1,Interleukin-18 receptor 1,Chapter I Certain infectious and parasitic diseases,Viral infections characterized by skin and mucous membrane lesions,23340,174,1.64 [1.11-2.44],0.0138847451505259
IL18R1,Interleukin-18 receptor 1,Chapter I Certain infectious and parasitic diseases,Viral warts,23221,55,2.10 [1.05-4.21],0.0361083620351927
IL18R1,Interleukin-18 receptor 1,Chapter I Certain infectious and parasitic diseases,Zoster [herpes zoster],23245,79,1.90 [1.07-3.38],0.028292207814188
IL18R1,Interleukin-18 receptor 1,Chapter II Neoplasms,Benign lipomatous neoplasm,23112,265,0.88 [0.63-1.22],0.4466981039465452
IL18R1,Interleukin-18 receptor 1,Chapter II Neoplasms,Benign lipomatous neoplasm of skin and subcutaneous tissue of limbs,23324,38,0.57 [0.23-1.39],0.2169284272964039
IL18R1,Interleukin-18 receptor 1,Chapter II Neoplasms,Benign lipomatous neoplasm of skin and subcutaneous tissue of trunk,23307,44,0.92 [0.41-2.04],0.8387847091201457
IL18R1,Interleukin-18 receptor 1,Chapter II Neoplasms,Benign lipomatous neoplasm of spermatic cord,11157,86,0.69 [0.38-1.25],0.2243359023050861
IL18R1,Interleukin-18 receptor 1,Chapter II Neoplasms,"Benign neoplasm of colon, rectum, anus and anal canal",22936,1685,1.15 [1.01-1.31],0.0326643531301204
IL18R1,Interleukin-18 receptor 1,Chapter II Neoplasms,Benign neoplasm of meninges,23392,64,4.77 [2.65-8.56],1.783643761323705e-07
IL18R1,Interleukin-18 receptor 1,Chapter II Neoplasms,Benign neoplasm of other and ill-defined parts of digestive system,23312,80,1.54 [0.86-2.76],0.1487672288157289
IL18R1,Interleukin-18 receptor 1,Chapter II Neoplasms,Benign neoplasm of other and unspecified endocrine glands,23380,119,1.09 [0.67-1.75],0.7283354689251336
IL18R1,Interleukin-18 receptor 1,Chapter II Neoplasms,Benign neoplasm of ovary,12181,80,1.35 [0.75-2.43],0.3193783910076806
IL18R1,Interleukin-18 receptor 1,Chapter II Neoplasms,Benign neoplasm: Ascending colon,23368,444,1.21 [0.94-1.55],0.1353653510075288
IL18R1,Interleukin-18 receptor 1,Chapter II Neoplasms,Benign neoplasm: Caecum,23373,384,1.22 [0.93-1.60],0.1441732483782832
IL18R1,Interleukin-18 receptor 1,Chapter II Neoplasms,"Benign neoplasm: Colon, unspecified",23257,88,0.92 [0.52-1.62],0.7679252806693257
IL18R1,Interleukin-18 receptor 1,Chapter II Neoplasms,Benign neoplasm: Descending colon,23365,254,1.03 [0.74-1.43],0.8762305084628808
IL18R1,Interleukin-18 receptor 1,Chapter II Neoplasms,Benign neoplasm: Rectum,23323,413,0.84 [0.65-1.10],0.2079636742950024
IL18R1,Interleukin-18 receptor 1,Chapter II Neoplasms,Benign neoplasm: Sigmoid colon,23251,678,1.23 [1.01-1.51],0.0406215019967807
IL18R1,Interleukin-18 receptor 1,Chapter II Neoplasms,Benign neoplasm: Transverse colon,23351,544,1.10 [0.88-1.38],0.3973547842617388
IL18R1,Interleukin-18 receptor 1,Chapter II Neoplasms,Carcinoma in situ of breast,9160,50,0.67 [0.31-1.45],0.3118776044974944
IL18R1,Interleukin-18 receptor 1,Chapter II Neoplasms,"Carcinoma in situ of breast, intraductal",9204,68,0.92 [0.48-1.76],0.8019118194322923
IL18R1,Interleukin-18 receptor 1,Chapter II Neoplasms,"Chronic lymphocytic leukaemia and small lyphocytis leukaemia, excluding all cancers (controls excluding all cancers)",16703,73,1.13 [0.60-2.12],0.6991061104696352
IL18R1,Interleukin-18 receptor 1,Chapter II Neoplasms,"Diffuse large B-cell lymphoma, excluding all cancers (controls excluding all cancers)",16731,101,0.92 [0.54-1.59],0.7733567201780981
IL18R1,Interleukin-18 receptor 1,Chapter II Neoplasms,"Haemangioma and lymphangioma, any site",23350,127,1.21 [0.75-1.94],0.4316987409058676
IL18R1,Interleukin-18 receptor 1,Chapter II Neoplasms,"Haemangioma, any site",23351,124,1.23 [0.76-1.99],0.3957454172537736
IL18R1,Interleukin-18 receptor 1,Chapter II Neoplasms,Leiomyoma of uterus,11910,170,0.97 [0.64-1.46],0.8815973885227182
IL18R1,Interleukin-18 receptor 1,Chapter II Neoplasms,Lung cancer and mesothelioma,14817,483,1.77 [1.39-2.25],3.731297174937291e-06
IL18R1,Interleukin-18 receptor 1,Chapter II Neoplasms,Lymphoid leukaemia,16704,74,1.09 [0.58-2.03],0.791803057542338
IL18R1,Interleukin-18 receptor 1,Chapter II Neoplasms,"Malignant melanoma of skin, excluding all cancers (controls excluding all cancers)",16859,229,1.18 [0.83-1.69],0.3637287656229893
IL18R1,Interleukin-18 receptor 1,Chapter II Neoplasms,"Malignant neoplasm of bladder, excluding all cancers (controls excluding all cancers)",16954,324,1.61 [1.20-2.16],0.0015356918359066
IL18R1,Interleukin-18 receptor 1,Chapter II Neoplasms,"Malignant neoplasm of corpus uteri, excluding all cancers (controls excluding all cancers)",9284,105,1.11 [0.67-1.87],0.6799997490679808
IL18R1,Interleukin-18 receptor 1,Chapter II Neoplasms,"Malignant neoplasm of intrahepatic ducts, biliary tract and gallbladder, excluding all cancers (controls excluding all cancers)",16739,109,2.32 [1.43-3.76],0.000686083679136
IL18R1,Interleukin-18 receptor 1,Chapter II Neoplasms,"Malignant neoplasm of kidney, except renal pelvis, excluding all cancers (controls excluding all cancers)",16780,150,1.57 [1.02-2.42],0.0385127277981724
IL18R1,Interleukin-18 receptor 1,Chapter II Neoplasms,"Malignant neoplasm of oesophagus, excluding all cancers (controls excluding all cancers)",16754,124,1.52 [0.95-2.44],0.0821594989489421
IL18R1,Interleukin-18 receptor 1,Chapter II Neoplasms,"Malignant neoplasm of ovary, excluding all cancers (controls excluding all cancers)",9266,87,1.92 [1.10-3.34],0.0210040516032326
IL18R1,Interleukin-18 receptor 1,Chapter II Neoplasms,"Malignant neoplasm of pancreas, excluding all cancers (controls excluding all cancers)",16758,128,0.90 [0.56-1.46],0.6750079235854682
IL18R1,Interleukin-18 receptor 1,Chapter II Neoplasms,"Malignant neoplasm of prostate, excluding all cancers (controls excluding all cancers)",8443,992,0.99 [0.84-1.18],0.9307037057588976
IL18R1,Interleukin-18 receptor 1,Chapter II Neoplasms,"Malignant neoplasm of rectum, excluding all cancers (controls excluding all cancers)",16769,139,1.08 [0.69-1.71],0.7276508184786203
IL18R1,Interleukin-18 receptor 1,Chapter II Neoplasms,"Malignant neoplasm of stomach, excluding all cancers (controls excluding all cancers)",16723,93,2.11 [1.23-3.63],0.0066112797431949
IL18R1,Interleukin-18 receptor 1,Chapter II Neoplasms,Malignant neoplasms of independent (primary) multiple sites,16776,146,1.39 [0.89-2.18],0.1491372252812723
IL18R1,Interleukin-18 receptor 1,Chapter II Neoplasms,Melanocytic naevi,23260,186,0.90 [0.61-1.34],0.602455755747991
IL18R1,Interleukin-18 receptor 1,Chapter II Neoplasms,Melanocytic naevi of trunk,23379,78,1.02 [0.56-1.85],0.960832051926731
IL18R1,Interleukin-18 receptor 1,Chapter II Neoplasms,Melanoma in situ,16683,112,1.70 [1.02-2.81],0.0399433270527792
IL18R1,Interleukin-18 receptor 1,Chapter II Neoplasms,"Non-follicular lymphoma, hilmo, excluding all cancers",16753,123,1.35 [0.84-2.19],0.2177343336559613
IL18R1,Interleukin-18 receptor 1,Chapter II Neoplasms,"Non-Hodgkin lymphoma, all, excluding all cancers (controls excluding all cancers)",16831,201,1.53 [1.05-2.23],0.0253406631670702
IL18R1,Interleukin-18 receptor 1,Chapter II Neoplasms,"Non-small cell lung cancer, excluding all cancers (controls excluding all cancers)",16960,330,1.54 [1.15-2.06],0.0035225943307415
IL18R1,Interleukin-18 receptor 1,Chapter II Neoplasms,"Other and unspecified types of non-Hodgkin lymphoma, hilmo, excluding all cancers",16759,129,1.83 [1.15-2.91],0.0108824887614167
IL18R1,Interleukin-18 receptor 1,Chapter II Neoplasms,Other benign neoplasms of skin,23232,168,0.80 [0.53-1.21],0.2950851359730791
IL18R1,Interleukin-18 receptor 1,Chapter II Neoplasms,"Other malignant neoplasms of skin (=non-melanoma skin cancer), excluding all cancers (controls excluding all cancers)",18139,1509,0.93 [0.81-1.07],0.2928866454842122
IL18R1,Interleukin-18 receptor 1,Chapter II Neoplasms,"Squamous cell neoplasms and carcinomas of the skin, excluding all cancers (controls excluding all cancers)",18225,1595,0.95 [0.83-1.09],0.4833085124560013
IL18R1,Interleukin-18 receptor 1,Chapter III Diseases of the blood and blood-forming organs and certain disorders involving the immune mechanism,Agranulocytosis,23100,398,1.66 [1.28-2.16],0.0001317254269635
IL18R1,Interleukin-18 receptor 1,Chapter III Diseases of the blood and blood-forming organs and certain disorders involving the immune mechanism,Anaemia in chronic diseases classified elsewhere,21057,167,2.52 [1.70-3.74],3.9449991232212965e-06
IL18R1,Interleukin-18 receptor 1,Chapter III Diseases of the blood and blood-forming organs and certain disorders involving the immune mechanism,Diseases of spleen,22773,71,2.62 [1.46-4.70],0.0013095245870821
IL18R1,Interleukin-18 receptor 1,Chapter III Diseases of the blood and blood-forming organs and certain disorders involving the immune mechanism,Diseases of the blood and blood-forming organs and certain disorders involving the immune mechanism,22628,3538,1.62 [1.48-1.77],1.0057094959873511e-26
IL18R1,Interleukin-18 receptor 1,Chapter III Diseases of the blood and blood-forming organs and certain disorders involving the immune mechanism,Folate deficiency anaemia,21666,73,1.12 [0.60-2.10],0.7306485494121833
IL18R1,Interleukin-18 receptor 1,Chapter III Diseases of the blood and blood-forming organs and certain disorders involving the immune mechanism,Idiopathic thrombocytopenic purpura,22928,62,1.94 [1.01-3.71],0.0466205031191781
IL18R1,Interleukin-18 receptor 1,Chapter III Diseases of the blood and blood-forming organs and certain disorders involving the immune mechanism,Other anaemias,22883,1993,1.66 [1.48-1.86],2.2038481176365762e-17
IL18R1,Interleukin-18 receptor 1,Chapter III Diseases of the blood and blood-forming organs and certain disorders involving the immune mechanism,Other and unspecified anaemias,22881,1991,1.65 [1.47-1.86],4.0403766901941314e-17
IL18R1,Interleukin-18 receptor 1,Chapter III Diseases of the blood and blood-forming organs and certain disorders involving the immune mechanism,Other and unspecified aplastic anaemias,21006,116,1.50 [0.92-2.45],0.1078487767507019
IL18R1,Interleukin-18 receptor 1,Chapter III Diseases of the blood and blood-forming organs and certain disorders involving the immune mechanism,Other and unspecified iron deficiency,23039,1446,1.71 [1.49-1.96],1.16790720945252e-14
IL18R1,Interleukin-18 receptor 1,Chapter III Diseases of the blood and blood-forming organs and certain disorders involving the immune mechanism,Other coagulation defects,22980,114,1.65 [1.01-2.68],0.043584394906094
IL18R1,Interleukin-18 receptor 1,Chapter III Diseases of the blood and blood-forming organs and certain disorders involving the immune mechanism,Other diseases of blood and blood-forming organs,22775,73,1.35 [0.73-2.49],0.3361700108879355
IL18R1,Interleukin-18 receptor 1,Chapter III Diseases of the blood and blood-forming organs and certain disorders involving the immune mechanism,Other disorders of white blood cells,22778,76,0.91 [0.49-1.68],0.7569499678840353
IL18R1,Interleukin-18 receptor 1,Chapter III Diseases of the blood and blood-forming organs and certain disorders involving the immune mechanism,Purpura and other haemorrhagic conditions,23223,357,2.11 [1.61-2.77],5.495509957842258e-08
IL18R1,Interleukin-18 receptor 1,Chapter III Diseases of the blood and blood-forming organs and certain disorders involving the immune mechanism,Sarcoidosis,23278,39,2.58 [1.15-5.76],0.020820432103128
IL18R1,Interleukin-18 receptor 1,Chapter III Diseases of the blood and blood-forming organs and certain disorders involving the immune mechanism,"Thrombocytopenia, unspecified",23161,295,2.22 [1.65-2.98],1.412863790191657e-07
IL18R1,Interleukin-18 receptor 1,Chapter III Diseases of the blood and blood-forming organs and certain disorders involving the immune mechanism,Vitamin B12 deficiency anaemia,21732,139,1.43 [0.92-2.24],0.1118229205168578
IL18R1,Interleukin-18 receptor 1,"Chapter IV Endocrine, nutritional and metabolic diseases",Acidosis,15662,419,2.56 [2.00-3.27],6.238810180304362e-14
IL18R1,Interleukin-18 receptor 1,"Chapter IV Endocrine, nutritional and metabolic diseases",Acute alcohol intoxication,21886,105,1.16 [0.70-1.91],0.5677738148937602
IL18R1,Interleukin-18 receptor 1,"Chapter IV Endocrine, nutritional and metabolic diseases",Alcohol dependence,21895,114,2.30 [1.38-3.84],0.0013739878483112
IL18R1,Interleukin-18 receptor 1,"Chapter IV Endocrine, nutritional and metabolic diseases",Alkalosis,15315,72,0.95 [0.50-1.81],0.8860340720531535
IL18R1,Interleukin-18 receptor 1,"Chapter IV Endocrine, nutritional and metabolic diseases",Bipolar affective disorders,21737,65,1.66 [0.87-3.15],0.1241462623814334
IL18R1,Interleukin-18 receptor 1,"Chapter IV Endocrine, nutritional and metabolic diseases",Deficiency of other B group vitamins,20945,324,1.40 [1.04-1.87],0.0250706461368068
IL18R1,Interleukin-18 receptor 1,"Chapter IV Endocrine, nutritional and metabolic diseases","Delirium, not induced by alcohol and other psychoactive substances",22606,970,1.34 [1.13-1.59],0.0006700592059748
IL18R1,Interleukin-18 receptor 1,"Chapter IV Endocrine, nutritional and metabolic diseases",Dementia in Alzheimer disease,22121,485,0.91 [0.71-1.17],0.4527843058008872
IL18R1,Interleukin-18 receptor 1,"Chapter IV Endocrine, nutritional and metabolic diseases",Dementia in other diseases classified elsewhere,21855,219,1.06 [0.73-1.52],0.765546140073477
IL18R1,Interleukin-18 receptor 1,"Chapter IV Endocrine, nutritional and metabolic diseases",Depression,23117,1445,1.35 [1.18-1.55],1.836529540550293e-05
IL18R1,Interleukin-18 receptor 1,"Chapter IV Endocrine, nutritional and metabolic diseases",Depression or dysthymia,19690,1400,1.37 [1.19-1.58],1.334882770175534e-05
IL18R1,Interleukin-18 receptor 1,"Chapter IV Endocrine, nutritional and metabolic diseases","Disorder of lipoprotein metabolism, unspecified",15336,93,1.40 [0.81-2.41],0.2246441604785241
IL18R1,Interleukin-18 receptor 1,"Chapter IV Endocrine, nutritional and metabolic diseases","Disorder of thyroid, unspecified",21085,101,0.81 [0.47-1.39],0.4425828407985213
IL18R1,Interleukin-18 receptor 1,"Chapter IV Endocrine, nutritional and metabolic diseases",Disorders of calcium metabolism,15613,370,1.43 [1.09-1.88],0.0105322748180477
IL18R1,Interleukin-18 receptor 1,"Chapter IV Endocrine, nutritional and metabolic diseases",Disorders of iron metabolism,15298,55,2.00 [1.00-4.02],0.0512392052197948
IL18R1,Interleukin-18 receptor 1,"Chapter IV Endocrine, nutritional and metabolic diseases",Disorders of lipoprotein metabolism and other lipidaemias,19894,4651,1.25 [1.16-1.35],1.6370565230511515e-08
IL18R1,Interleukin-18 receptor 1,"Chapter IV Endocrine, nutritional and metabolic diseases",Disorders of magnesium metabolism,15510,267,2.02 [1.48-2.77],1.0797273416723912e-05
IL18R1,Interleukin-18 receptor 1,"Chapter IV Endocrine, nutritional and metabolic diseases",Disorders of mineral metabolism,15958,715,1.60 [1.32-1.95],2.28988683870604e-06
IL18R1,Interleukin-18 receptor 1,"Chapter IV Endocrine, nutritional and metabolic diseases",Disorders of other endocrine glands,23346,375,1.40 [1.07-1.83],0.014299822017466
IL18R1,Interleukin-18 receptor 1,"Chapter IV Endocrine, nutritional and metabolic diseases",Disorders of parathyroid gland,23134,163,1.69 [1.13-2.52],0.0098851490269939
IL18R1,Interleukin-18 receptor 1,"Chapter IV Endocrine, nutritional and metabolic diseases",Disorders of phosphorus metabolism and phosphatases,15399,156,1.35 [0.88-2.06],0.1657745060402585
IL18R1,Interleukin-18 receptor 1,"Chapter IV Endocrine, nutritional and metabolic diseases","Disorders of plasma-protein metabolism, not elsewhere classified",15325,82,2.47 [1.42-4.31],0.0014618240731387
IL18R1,Interleukin-18 receptor 1,"Chapter IV Endocrine, nutritional and metabolic diseases",Disorders of the thyroid gland,22761,1777,1.20 [1.06-1.36],0.004516779150874
IL18R1,Interleukin-18 receptor 1,"Chapter IV Endocrine, nutritional and metabolic diseases",Fluid overload,15629,386,2.26 [1.75-2.91],3.1289671058571465e-10
IL18R1,Interleukin-18 receptor 1,"Chapter IV Endocrine, nutritional and metabolic diseases",Hyperkalaemia,15675,432,3.01 [2.38-3.81],4.84487740128031e-20
IL18R1,Interleukin-18 receptor 1,"Chapter IV Endocrine, nutritional and metabolic diseases","Hyperlipidaemia, other/unspecified",16116,873,1.36 [1.14-1.62],0.0007649980981064
IL18R1,Interleukin-18 receptor 1,"Chapter IV Endocrine, nutritional and metabolic diseases",Hyperosmolality and hypernatraemia,15421,178,1.16 [0.78-1.73],0.4655056099738014
IL18R1,Interleukin-18 receptor 1,"Chapter IV Endocrine, nutritional and metabolic diseases",Hyperparathyroidism,23124,153,1.75 [1.16-2.64],0.0080836855407511
IL18R1,Interleukin-18 receptor 1,"Chapter IV Endocrine, nutritional and metabolic diseases",Hypo-osmolality and hyponatraemia,16148,905,1.25 [1.04-1.49],0.015404222208148
IL18R1,Interleukin-18 receptor 1,"Chapter IV Endocrine, nutritional and metabolic diseases",Hypokalaemia,15906,663,1.50 [1.22-1.84],0.0001257786764481
IL18R1,Interleukin-18 receptor 1,"Chapter IV Endocrine, nutritional and metabolic diseases",Iron deficiency,20702,81,1.36 [0.76-2.45],0.2999717250825432
IL18R1,Interleukin-18 receptor 1,"Chapter IV Endocrine, nutritional and metabolic diseases",Metabolic disorders,21744,6501,1.31 [1.23-1.40],8.991099302028411e-16
IL18R1,Interleukin-18 receptor 1,"Chapter IV Endocrine, nutritional and metabolic diseases",Nontoxic multinodular goitre,21045,61,1.70 [0.88-3.30],0.1141058270935815
IL18R1,Interleukin-18 receptor 1,"Chapter IV Endocrine, nutritional and metabolic diseases",Nontoxic single thyroid nodule,21033,49,2.14 [1.02-4.53],0.0455882232878396
IL18R1,Interleukin-18 receptor 1,"Chapter IV Endocrine, nutritional and metabolic diseases",Obesity,23220,1931,1.15 [1.02-1.29],0.0180803111357611
IL18R1,Interleukin-18 receptor 1,"Chapter IV Endocrine, nutritional and metabolic diseases","Obesity, other/unspecified",23218,1929,1.15 [1.02-1.29],0.018016839060874
IL18R1,Interleukin-18 receptor 1,"Chapter IV Endocrine, nutritional and metabolic diseases",Other and/or unspecified nontoxic goitre,21050,66,2.07 [1.11-3.87],0.0228521873275178
IL18R1,Interleukin-18 receptor 1,"Chapter IV Endocrine, nutritional and metabolic diseases",Other anxiety disorders,23046,1148,1.11 [0.95-1.30],0.1834466829620478
IL18R1,Interleukin-18 receptor 1,"Chapter IV Endocrine, nutritional and metabolic diseases","Other disorders of fluid, electrolyte and acid-base balance",17501,2258,1.61 [1.45-1.80],1.362591414731695e-17
IL18R1,Interleukin-18 receptor 1,"Chapter IV Endocrine, nutritional and metabolic diseases",Other disorders of glucose regulation and pancreatic internal secretion,23392,317,3.88 [2.97-5.07],2.613767732931965e-23
IL18R1,Interleukin-18 receptor 1,"Chapter IV Endocrine, nutritional and metabolic diseases",Other mental disorders due to brain damage and dysfunction and to physical disease,21768,132,0.99 [0.62-1.59],0.9723048778254092
IL18R1,Interleukin-18 receptor 1,"Chapter IV Endocrine, nutritional and metabolic diseases",Panic disorder,22018,120,0.99 [0.60-1.61],0.9558673253434884
IL18R1,Interleukin-18 receptor 1,"Chapter IV Endocrine, nutritional and metabolic diseases",Phobic anxiety disorders,22065,167,1.44 [0.96-2.15],0.0782211916542607
IL18R1,Interleukin-18 receptor 1,"Chapter IV Endocrine, nutritional and metabolic diseases","Postprocedural endocrine and metabolic disorders, not elsewhere classified",15445,202,1.63 [1.12-2.37],0.0102374750265033
IL18R1,Interleukin-18 receptor 1,"Chapter IV Endocrine, nutritional and metabolic diseases",Type 1 diabetes without complications,20580,187,4.01 [2.83-5.68],5.445201177389425e-15
IL18R1,Interleukin-18 receptor 1,"Chapter IV Endocrine, nutritional and metabolic diseases",Type 2 diabetes with neurological complications,2506,101,2.69 [1.71-4.23],1.8637260277000315e-05
IL18R1,Interleukin-18 receptor 1,"Chapter IV Endocrine, nutritional and metabolic diseases",Type 2 diabetes with ophthalmic complications,2674,311,1.51 [1.14-2.00],0.0038646158206874
IL18R1,Interleukin-18 receptor 1,"Chapter IV Endocrine, nutritional and metabolic diseases",Type 2 diabetes with peripheral circulatory complications,20478,85,7.07 [4.31-11.60],9.217637542523288e-15
IL18R1,Interleukin-18 receptor 1,"Chapter IV Endocrine, nutritional and metabolic diseases",Type 2 diabetes with renal complications,2478,76,2.58 [1.49-4.45],0.0006694907564132
IL18R1,Interleukin-18 receptor 1,"Chapter IV Endocrine, nutritional and metabolic diseases",Type 2 diabetes without complications,22551,2158,3.25 [2.93-3.61],3.486545625362885e-107
IL18R1,Interleukin-18 receptor 1,"Chapter IV Endocrine, nutritional and metabolic diseases",Unspecified dementia,22274,638,1.12 [0.91-1.39],0.291988970278209
IL18R1,Interleukin-18 receptor 1,"Chapter IV Endocrine, nutritional and metabolic diseases",Vitamin D deficiency,21078,457,1.85 [1.45-2.35],6.273575810814564e-07
IL18R1,Interleukin-18 receptor 1,"Chapter IV Endocrine, nutritional and metabolic diseases",Volume depletion,16369,1126,1.82 [1.56-2.12],3.8379712366264746e-14
IL18R1,Interleukin-18 receptor 1,Chapter IX Diseases of the circulatory system,"!Phlebitis/thrombophlebitis venae iliacae [externae/internae/communis], drug-induced",23272,305,1.21 [0.89-1.63],0.218685580099739
IL18R1,Interleukin-18 receptor 1,Chapter IX Diseases of the circulatory system,Abdominal aortic aneurysm (AAA),21890,271,1.69 [1.23-2.32],0.0012454749780908
IL18R1,Interleukin-18 receptor 1,Chapter IX Diseases of the circulatory system,Angina pectoris,20217,1587,1.48 [1.30-1.69],3.2246640815299383e-09
IL18R1,Interleukin-18 receptor 1,Chapter IX Diseases of the circulatory system,Aortic aneurysm,21997,378,1.64 [1.25-2.14],0.0003623405635872
IL18R1,Interleukin-18 receptor 1,Chapter IX Diseases of the circulatory system,Arterial embolism and thrombosis of lower extremity artery,21708,89,3.02 [1.78-5.13],4.054037286723231e-05
IL18R1,Interleukin-18 receptor 1,Chapter IX Diseases of the circulatory system,"Atherosclerosis, excluding cerebral and coronary sclerosis",21915,296,2.19 [1.63-2.95],2.184417930617394e-07
IL18R1,Interleukin-18 receptor 1,Chapter IX Diseases of the circulatory system,Atrial fibrillation and flutter,11850,2875,1.27 [1.15-1.41],2.2501480682796667e-06
IL18R1,Interleukin-18 receptor 1,Chapter IX Diseases of the circulatory system,AV-block,17784,687,1.32 [1.08-1.62],0.0066038359678614
IL18R1,Interleukin-18 receptor 1,Chapter IX Diseases of the circulatory system,"Bradycardia, unspecified, drug-induced",23322,583,0.94 [0.75-1.17],0.5650858731516342
IL18R1,Interleukin-18 receptor 1,Chapter IX Diseases of the circulatory system,Cardiac arrest,9240,265,2.22 [1.60-3.08],1.5522974956063766e-06
IL18R1,Interleukin-18 receptor 1,Chapter IX Diseases of the circulatory system,Cardiomyopathy,17303,206,0.81 [0.56-1.18],0.2772774993174773
IL18R1,Interleukin-18 receptor 1,Chapter IX Diseases of the circulatory system,"Cardiomyopathy, other and unspecified",17208,111,1.16 [0.70-1.91],0.568778930003956
IL18R1,Interleukin-18 receptor 1,Chapter IX Diseases of the circulatory system,Cerebral atherosclerosis,23402,83,1.36 [0.76-2.42],0.3025779553219058
IL18R1,Interleukin-18 receptor 1,Chapter IX Diseases of the circulatory system,Conduction disorders,18671,1574,1.36 [1.19-1.56],4.704953643249688e-06
IL18R1,Interleukin-18 receptor 1,Chapter IX Diseases of the circulatory system,Coronary atherosclerosis,21391,2786,1.37 [1.24-1.51],4.254272057688201e-10
IL18R1,Interleukin-18 receptor 1,Chapter IX Diseases of the circulatory system,Death due to cardiac causes,18789,9008,1.21 [1.14-1.28],7.324041777253079e-11
IL18R1,Interleukin-18 receptor 1,Chapter IX Diseases of the circulatory system,DVT of lower extremities,21823,335,1.23 [0.92-1.65],0.1568029751189837
IL18R1,Interleukin-18 receptor 1,Chapter IX Diseases of the circulatory system,Endocarditis,17201,104,2.17 [1.31-3.60],0.0025398960608082
IL18R1,Interleukin-18 receptor 1,Chapter IX Diseases of the circulatory system,"Heart failure, strict",23114,1689,1.42 [1.26-1.62],4.41201026661758e-08
IL18R1,Interleukin-18 receptor 1,Chapter IX Diseases of the circulatory system,Hypertension,20034,8010,1.28 [1.20-1.36],1.251645719416836e-15
IL18R1,Interleukin-18 receptor 1,Chapter IX Diseases of the circulatory system,"Hypertension, essential",20054,8030,1.27 [1.20-1.35],1.6800554320987029e-15
IL18R1,Interleukin-18 receptor 1,Chapter IX Diseases of the circulatory system,"Hypertension, portal",23232,95,8.94 [5.72-13.98],7.7930492400453285e-22
IL18R1,Interleukin-18 receptor 1,Chapter IX Diseases of the circulatory system,"Hypertension, Pulmonary Arterial",12288,264,2.31 [1.70-3.13],6.503689266844225e-08
IL18R1,Interleukin-18 receptor 1,Chapter IX Diseases of the circulatory system,Hypertensive Renal Disease,12237,213,2.73 [1.96-3.82],3.8115791442568274e-09
IL18R1,Interleukin-18 receptor 1,Chapter IX Diseases of the circulatory system,Hypotension,23221,1660,1.43 [1.26-1.63],6.753545762338813e-08
IL18R1,Interleukin-18 receptor 1,Chapter IX Diseases of the circulatory system,Intracerebral haemorrhage,22097,149,0.69 [0.44-1.09],0.1142235298707215
IL18R1,Interleukin-18 receptor 1,Chapter IX Diseases of the circulatory system,"Ischaemic heart disease, wide definition",21565,2935,1.32 [1.20-1.45],2.24470632333576e-08
IL18R1,Interleukin-18 receptor 1,Chapter IX Diseases of the circulatory system,"Ischaemic Stroke, excluding all haemorrhages",22884,809,1.43 [1.19-1.72],0.0001515100302854
IL18R1,Interleukin-18 receptor 1,Chapter IX Diseases of the circulatory system,Left bundle-branch block,17625,528,1.79 [1.43-2.24],4.003646124079262e-07
IL18R1,Interleukin-18 receptor 1,Chapter IX Diseases of the circulatory system,Major coronary heart disease event,22708,1072,1.34 [1.14-1.57],0.0003512171670469
IL18R1,Interleukin-18 receptor 1,Chapter IX Diseases of the circulatory system,"Myocardial infarction, strict",19553,923,1.39 [1.17-1.65],0.0001796842254149
IL18R1,Interleukin-18 receptor 1,Chapter IX Diseases of the circulatory system,"Myocardial infarction, with ST-elevation",23277,192,1.48 [1.02-2.16],0.0408553322767044
IL18R1,Interleukin-18 receptor 1,Chapter IX Diseases of the circulatory system,"Myocardial infarction, without ST-elevation",23364,410,1.48 [1.14-1.91],0.0030934535847145
IL18R1,Interleukin-18 receptor 1,Chapter IX Diseases of the circulatory system,Oesophageal varices,21554,66,9.20 [5.60-15.13],2.154301088137953e-18
IL18R1,Interleukin-18 receptor 1,Chapter IX Diseases of the circulatory system,Other aneurysm,21726,107,1.56 [0.94-2.60],0.0849745537772882
IL18R1,Interleukin-18 receptor 1,Chapter IX Diseases of the circulatory system,Other arrhythmias,17700,603,1.00 [0.80-1.24],0.973593743588773
IL18R1,Interleukin-18 receptor 1,Chapter IX Diseases of the circulatory system,Other arterial embolism and thrombosis,21756,137,2.72 [1.77-4.18],4.673623201143957e-06
IL18R1,Interleukin-18 receptor 1,Chapter IX Diseases of the circulatory system,Other diseases of arteries and capillaries,21952,333,2.24 [1.69-2.96],1.7156979958155477e-08
IL18R1,Interleukin-18 receptor 1,Chapter IX Diseases of the circulatory system,Other diseases of pericardium,17325,228,1.40 [0.98-1.99],0.0628518702963761
IL18R1,Interleukin-18 receptor 1,Chapter IX Diseases of the circulatory system,Other disorders of veins,21609,121,1.48 [0.93-2.36],0.0973431274337694
IL18R1,Interleukin-18 receptor 1,Chapter IX Diseases of the circulatory system,Other embolism and thrombosis,21536,48,1.77 [0.83-3.75],0.1379380554801106
IL18R1,Interleukin-18 receptor 1,Chapter IX Diseases of the circulatory system,Other intracranial haemorrhages,21324,92,1.08 [0.62-1.88],0.7919310468831989
IL18R1,Interleukin-18 receptor 1,Chapter IX Diseases of the circulatory system,Other noninfective disorders of lymphatic vessels and lymph nodes,21670,182,1.70 [1.17-2.48],0.0058240427484375
IL18R1,Interleukin-18 receptor 1,Chapter IX Diseases of the circulatory system,Other or ill-defined heart diseases,18578,1481,1.20 [1.04-1.37],0.0107684258504256
IL18R1,Interleukin-18 receptor 1,Chapter IX Diseases of the circulatory system,Other other unspecified disorders of the circulatory system,21623,62,9.30 [5.65-15.31],1.8125622089654666e-18
IL18R1,Interleukin-18 receptor 1,Chapter IX Diseases of the circulatory system,Other peripheral vascular diseases,22358,739,1.66 [1.37-2.02],1.9683388619494893e-07
IL18R1,Interleukin-18 receptor 1,Chapter IX Diseases of the circulatory system,Other pulmonary heart/vessel disease,22624,534,1.81 [1.45-2.25],1.4166301849836274e-07
IL18R1,Interleukin-18 receptor 1,Chapter IX Diseases of the circulatory system,"Other specified cerebrovascular diseases, other cerebrovascular disorders in diseases classified elsewhere",22223,991,1.36 [1.15-1.62],0.0002993993255623
IL18R1,Interleukin-18 receptor 1,Chapter IX Diseases of the circulatory system,Paroxysmal tachycardia,9399,424,1.52 [1.17-1.98],0.0018423064108594
IL18R1,Interleukin-18 receptor 1,Chapter IX Diseases of the circulatory system,Peripheral artery disease,22185,602,2.18 [1.77-2.68],1.863539724558349e-13
IL18R1,Interleukin-18 receptor 1,Chapter IX Diseases of the circulatory system,Phlebitis and thrombophlebitis (not including DVT),21913,425,1.27 [0.98-1.65],0.0657973800430428
IL18R1,Interleukin-18 receptor 1,Chapter IX Diseases of the circulatory system,Pulmonary embolism,22702,612,1.21 [0.97-1.49],0.0860039744524567
IL18R1,Interleukin-18 receptor 1,Chapter IX Diseases of the circulatory system,Rheumatic valve diseases,23306,980,1.28 [1.08-1.51],0.004289403578558
IL18R1,Interleukin-18 receptor 1,Chapter IX Diseases of the circulatory system,Right bundle-branch block,17617,520,1.32 [1.05-1.67],0.0192619703860966
IL18R1,Interleukin-18 receptor 1,Chapter IX Diseases of the circulatory system,Secondary right heart disease,22617,527,1.80 [1.44-2.24],2.266567935381085e-07
IL18R1,Interleukin-18 receptor 1,Chapter IX Diseases of the circulatory system,Sequelae of cerebrovascular disease,21501,269,1.51 [1.10-2.07],0.0102976336494974
IL18R1,Interleukin-18 receptor 1,Chapter IX Diseases of the circulatory system,"Stroke, excluding SAH",22868,920,1.31 [1.10-1.56],0.0024850835862214
IL18R1,Interleukin-18 receptor 1,Chapter IX Diseases of the circulatory system,"Stroke, including SAH",22853,960,1.31 [1.11-1.56],0.0016684098023763
IL18R1,Interleukin-18 receptor 1,Chapter IX Diseases of the circulatory system,Subarachnoid haemorrhage,22064,63,1.34 [0.68-2.62],0.3977942775415714
IL18R1,Interleukin-18 receptor 1,Chapter IX Diseases of the circulatory system,Thoracic aortic aneurysm,21725,106,1.84 [1.10-3.06],0.019892851944549
IL18R1,Interleukin-18 receptor 1,Chapter IX Diseases of the circulatory system,Transient ischemic attack,22402,327,1.06 [0.79-1.42],0.7211969238137241
IL18R1,Interleukin-18 receptor 1,Chapter IX Diseases of the circulatory system,Unstable angina pectoris,21974,338,1.62 [1.23-2.14],0.0006790129154942
IL18R1,Interleukin-18 receptor 1,Chapter IX Diseases of the circulatory system,Varicose veins,22009,521,1.21 [0.96-1.52],0.11444498749082
IL18R1,Interleukin-18 receptor 1,Chapter IX Diseases of the circulatory system,Vascular diseases of the intestine,21640,125,2.22 [1.40-3.51],0.0007354936539138
IL18R1,Interleukin-18 receptor 1,Chapter IX Diseases of the circulatory system,Venous thromboembolism,23129,959,1.23 [1.04-1.46],0.0178345910453897
IL18R1,Interleukin-18 receptor 1,Chapter V Mental and behavioural disorders,"Alcohol use disorder, ICD-based",23324,335,1.22 [0.92-1.63],0.1732691330141132
IL18R1,Interleukin-18 receptor 1,Chapter V Mental and behavioural disorders,"Anxiety disorders, excluding more controls",19991,1400,1.15 [1.00-1.33],0.0584943561378249
IL18R1,Interleukin-18 receptor 1,Chapter V Mental and behavioural disorders,Any mental disorder,22865,4274,1.22 [1.12-1.32],2.465610778028861e-06
IL18R1,Interleukin-18 receptor 1,Chapter V Mental and behavioural disorders,"Mental and behavioural disorders due to alcohol, excluding acute intoxication",23295,396,1.16 [0.89-1.51],0.2859639659564139
IL18R1,Interleukin-18 receptor 1,Chapter V Mental and behavioural disorders,"Mood disorders, excluding more controls",20064,1473,1.37 [1.19-1.57],8.014945749028613e-06
IL18R1,Interleukin-18 receptor 1,Chapter V Mental and behavioural disorders,"Schizophrenia or delusion, excluding more controls",18676,85,1.17 [0.66-2.09],0.5867414494345455
IL18R1,Interleukin-18 receptor 1,Chapter V Mental and behavioural disorders,Smoking dependency,22890,1192,1.38 [1.18-1.61],7.073956042190379e-05
IL18R1,Interleukin-18 receptor 1,Chapter V Mental and behavioural disorders,"Substance abuse, excluding more controls",20057,1466,1.29 [1.12-1.48],0.000263577967433
IL18R1,Interleukin-18 receptor 1,Chapter V Mental and behavioural disorders,Vascular dementia,22497,235,1.40 [0.99-1.98],0.0553305351847728
IL18R1,Interleukin-18 receptor 1,Chapter VI Diseases of the nervous system,Alzheimer disease,23404,596,1.02 [0.82-1.27],0.8686040204118919
IL18R1,Interleukin-18 receptor 1,Chapter VI Diseases of the nervous system,"AlzheimerÕs disease (Atypical or mixed), excluding more controls",14323,111,1.24 [0.74-2.07],0.4156207516403555
IL18R1,Interleukin-18 receptor 1,Chapter VI Diseases of the nervous system,Bell's palsy,21527,88,1.36 [0.78-2.37],0.2709797177393872
IL18R1,Interleukin-18 receptor 1,Chapter VI Diseases of the nervous system,Carpal tunnel syndrome,21940,501,1.08 [0.85-1.37],0.5220879950996796
IL18R1,Interleukin-18 receptor 1,Chapter VI Diseases of the nervous system,Cerebral cysts,22950,251,1.79 [1.29-2.49],0.0004963771835827
IL18R1,Interleukin-18 receptor 1,Chapter VI Diseases of the nervous system,Cerebral palsy and other paralytic syndromes,23330,414,1.59 [1.23-2.04],0.0003905937501086
IL18R1,Interleukin-18 receptor 1,Chapter VI Diseases of the nervous system,Circumscribed brain atrophy,22543,75,1.19 [0.64-2.21],0.5760861116310683
IL18R1,Interleukin-18 receptor 1,Chapter VI Diseases of the nervous system,Diseases of the myoneural junction and muscle,23386,68,1.80 [0.97-3.36],0.0619454237490269
IL18R1,Interleukin-18 receptor 1,Chapter VI Diseases of the nervous system,"Disorders of brain, other and unspecified",22786,87,2.09 [1.20-3.66],0.0095339886984343
IL18R1,Interleukin-18 receptor 1,Chapter VI Diseases of the nervous system,Epilepsy,21870,309,1.27 [0.94-1.71],0.1230091891508013
IL18R1,Interleukin-18 receptor 1,Chapter VI Diseases of the nervous system,Episodal and paroxysmal disorders,22933,1372,1.19 [1.03-1.37],0.0176680914842211
IL18R1,Interleukin-18 receptor 1,Chapter VI Diseases of the nervous system,Extrapyramidal and movement disorders,23350,937,1.08 [0.90-1.28],0.4160235267191516
IL18R1,Interleukin-18 receptor 1,Chapter VI Diseases of the nervous system,Falls/tendency to fall,22739,3494,1.19 [1.09-1.30],0.000148916560186
IL18R1,Interleukin-18 receptor 1,Chapter VI Diseases of the nervous system,Generalized epilepsy,23018,54,2.11 [1.05-4.25],0.0357192774147123
IL18R1,Interleukin-18 receptor 1,Chapter VI Diseases of the nervous system,Hemiplegia,23255,339,1.59 [1.20-2.11],0.0012329049339141
IL18R1,Interleukin-18 receptor 1,Chapter VI Diseases of the nervous system,Hydrocephalus,22774,75,1.65 [0.90-3.01],0.1059364252135398
IL18R1,Interleukin-18 receptor 1,Chapter VI Diseases of the nervous system,Inflammatory diseases of the central nervous system,23391,75,1.82 [1.00-3.32],0.0502946164360079
IL18R1,Interleukin-18 receptor 1,Chapter VI Diseases of the nervous system,Lesion of plantar nerve,21507,68,0.71 [0.37-1.38],0.3089994016606487
IL18R1,Interleukin-18 receptor 1,Chapter VI Diseases of the nervous system,Lesion of ulnar nerve,21513,74,1.48 [0.82-2.69],0.1974906475802882
IL18R1,Interleukin-18 receptor 1,Chapter VI Diseases of the nervous system,Memory loss,22240,143,1.11 [0.71-1.74],0.6475421333348936
IL18R1,Interleukin-18 receptor 1,Chapter VI Diseases of the nervous system,Migraine,21847,286,1.31 [0.96-1.79],0.0914251363359189
IL18R1,Interleukin-18 receptor 1,Chapter VI Diseases of the nervous system,"Migraine, unspecified, drug-induced",23356,262,1.24 [0.89-1.72],0.1964439574002273
IL18R1,Interleukin-18 receptor 1,Chapter VI Diseases of the nervous system,Motor neuron disease,14412,176,1.02 [0.68-1.55],0.914756323459504
IL18R1,Interleukin-18 receptor 1,Chapter VI Diseases of the nervous system,MS-disease / Multiple Sclerosis,23269,61,1.06 [0.53-2.11],0.8777701403332031
IL18R1,Interleukin-18 receptor 1,Chapter VI Diseases of the nervous system,"Nerve, nerve root and plexus disorders",22686,1247,1.15 [0.99-1.33],0.0687149041563978
IL18R1,Interleukin-18 receptor 1,Chapter VI Diseases of the nervous system,Neurological diseases,21893,4414,1.16 [1.07-1.26],0.0003243197327198
IL18R1,Interleukin-18 receptor 1,Chapter VI Diseases of the nervous system,Other and unspecified degenerative diseases of nervous system,22796,328,1.00 [0.74-1.34],0.9781939879282124
IL18R1,Interleukin-18 receptor 1,Chapter VI Diseases of the nervous system,"Other and unspecified nerve root and plexus disorders, also in other diseases",21871,432,1.26 [0.98-1.63],0.0701288307949336
IL18R1,Interleukin-18 receptor 1,Chapter VI Diseases of the nervous system,"Other and unspecified polyneuropathies, also in other diseases",23326,357,2.32 [1.78-3.02],3.9539843599862714e-10
IL18R1,Interleukin-18 receptor 1,Chapter VI Diseases of the nervous system,Other degenerative diseases of the nervous system,17495,986,1.10 [0.92-1.30],0.2961465188260812
IL18R1,Interleukin-18 receptor 1,Chapter VI Diseases of the nervous system,Other diseases of spinal cord,22787,88,0.78 [0.44-1.38],0.3898746733983942
IL18R1,Interleukin-18 receptor 1,Chapter VI Diseases of the nervous system,Other disorders of nervous system,22861,162,1.10 [0.73-1.67],0.6544916552898421
IL18R1,Interleukin-18 receptor 1,Chapter VI Diseases of the nervous system,Other extrapyramidal and movement disorders in other diseases,22650,237,1.14 [0.80-1.61],0.4728408832046592
IL18R1,Interleukin-18 receptor 1,Chapter VI Diseases of the nervous system,Other facial nerve disorders,21538,99,1.25 [0.74-2.12],0.4055347546011013
IL18R1,Interleukin-18 receptor 1,Chapter VI Diseases of the nervous system,Other headache syndromes,21614,53,1.09 [0.53-2.25],0.8136689582348311
IL18R1,Interleukin-18 receptor 1,Chapter VI Diseases of the nervous system,Other neurological diseases,23288,589,1.27 [1.02-1.58],0.0326133239410662
IL18R1,Interleukin-18 receptor 1,Chapter VI Diseases of the nervous system,Other sleep disorders,22084,523,1.23 [0.99-1.54],0.0651078965943871
IL18R1,Interleukin-18 receptor 1,Chapter VI Diseases of the nervous system,Parkinson's disease,23371,696,1.01 [0.82-1.23],0.9485322834152906
IL18R1,Interleukin-18 receptor 1,Chapter VI Diseases of the nervous system,Postviral fatigue syndrome,22744,45,1.72 [0.79-3.75],0.1721113253456704
IL18R1,Interleukin-18 receptor 1,Chapter VI Diseases of the nervous system,Restless leg syndrome,23405,109,0.72 [0.43-1.22],0.2222570832665023
IL18R1,Interleukin-18 receptor 1,Chapter VI Diseases of the nervous system,Sleep apnoea,23170,445,1.41 [1.11-1.78],0.0049877756844146
IL18R1,Interleukin-18 receptor 1,Chapter VI Diseases of the nervous system,Small fibre neuropathy,23031,62,2.25 [1.17-4.33],0.014684819954147
IL18R1,Interleukin-18 receptor 1,Chapter VI Diseases of the nervous system,Systemic atrophies primarily affecting the central nervous system,23393,205,0.99 [0.68-1.45],0.9699072017608662
IL18R1,Interleukin-18 receptor 1,Chapter VI Diseases of the nervous system,Trigeminal neuralgia,21510,71,0.70 [0.37-1.34],0.2852751078282083
IL18R1,Interleukin-18 receptor 1,Chapter VI Diseases of the nervous system,Unspecific neurodegenerative disorder,23404,602,1.01 [0.81-1.27],0.8981193597768033
IL18R1,Interleukin-18 receptor 1,Chapter VI Diseases of the nervous system,Vascular dementia (undefined),22434,229,1.39 [0.98-1.98],0.0636041878836304
IL18R1,Interleukin-18 receptor 1,"Chapter VII Diseases of the eye, adnexa, ear and mastoid process",Amblyopia ex anopsia,22746,157,0.82 [0.53-1.27],0.3814906719781682
IL18R1,Interleukin-18 receptor 1,"Chapter VII Diseases of the eye, adnexa, ear and mastoid process",Astigmatism,22940,572,1.25 [1.00-1.57],0.0485188409902061
IL18R1,Interleukin-18 receptor 1,"Chapter VII Diseases of the eye, adnexa, ear and mastoid process",Background diabetic retinopathy,23146,269,3.57 [2.67-4.77],6.919455589136197e-18
IL18R1,Interleukin-18 receptor 1,"Chapter VII Diseases of the eye, adnexa, ear and mastoid process",Blepharochalasis,22153,69,0.79 [0.41-1.51],0.4748675776175786
IL18R1,Interleukin-18 receptor 1,"Chapter VII Diseases of the eye, adnexa, ear and mastoid process",Chalazion,22123,39,1.11 [0.47-2.62],0.8109356035268377
IL18R1,Interleukin-18 receptor 1,"Chapter VII Diseases of the eye, adnexa, ear and mastoid process","Conjunctivitis (acute, non atopic)",23280,73,2.03 [1.11-3.69],0.020932453894022
IL18R1,Interleukin-18 receptor 1,"Chapter VII Diseases of the eye, adnexa, ear and mastoid process",Corneal degeneration,23085,229,1.06 [0.75-1.52],0.733368311828502
IL18R1,Interleukin-18 receptor 1,"Chapter VII Diseases of the eye, adnexa, ear and mastoid process","Diabetic nephropathy, excluding more controls",2482,77,2.71 [1.58-4.65],0.0002876181197294
IL18R1,Interleukin-18 receptor 1,"Chapter VII Diseases of the eye, adnexa, ear and mastoid process",Diabetic neuropathy,3060,115,2.31 [1.50-3.56],0.0001425441436043
IL18R1,Interleukin-18 receptor 1,"Chapter VII Diseases of the eye, adnexa, ear and mastoid process",Diplopia,22700,111,1.32 [0.80-2.18],0.2815221731776387
IL18R1,Interleukin-18 receptor 1,"Chapter VII Diseases of the eye, adnexa, ear and mastoid process",Disorders of choroid and retina,23101,1444,1.19 [1.04-1.37],0.0133125921216575
IL18R1,Interleukin-18 receptor 1,"Chapter VII Diseases of the eye, adnexa, ear and mastoid process","Disorders of eyelid, lacrimal system and orbit",22981,897,1.14 [0.96-1.36],0.1461008316567987
IL18R1,Interleukin-18 receptor 1,"Chapter VII Diseases of the eye, adnexa, ear and mastoid process",Disorders of lacrimal system,22393,309,1.44 [1.06-1.94],0.0178588671421114
IL18R1,Interleukin-18 receptor 1,"Chapter VII Diseases of the eye, adnexa, ear and mastoid process","Disorders of ocular muscles, binocular movement, accommodation and refraction",23329,961,1.09 [0.92-1.29],0.3377675883957092
IL18R1,Interleukin-18 receptor 1,"Chapter VII Diseases of the eye, adnexa, ear and mastoid process",Disorders of optic nerve and visual pathways,23398,83,1.86 [1.06-3.28],0.0314441965788524
IL18R1,Interleukin-18 receptor 1,"Chapter VII Diseases of the eye, adnexa, ear and mastoid process",Disorders of refraction and accommodation,23255,887,1.10 [0.92-1.32],0.2805899092820112
IL18R1,Interleukin-18 receptor 1,"Chapter VII Diseases of the eye, adnexa, ear and mastoid process","Disorders of sclera, cornea, iris and ciliary body",23362,506,1.02 [0.80-1.29],0.8845656504689448
IL18R1,Interleukin-18 receptor 1,"Chapter VII Diseases of the eye, adnexa, ear and mastoid process",Disorders of vitreous body,23283,229,1.30 [0.92-1.85],0.1375895858820429
IL18R1,Interleukin-18 receptor 1,"Chapter VII Diseases of the eye, adnexa, ear and mastoid process",Ectropion of eyelid,22187,103,0.76 [0.45-1.30],0.3143749037508132
IL18R1,Interleukin-18 receptor 1,"Chapter VII Diseases of the eye, adnexa, ear and mastoid process",Entropion and trichiasis of eyelid,22187,103,0.88 [0.52-1.50],0.6340302597678079
IL18R1,Interleukin-18 receptor 1,"Chapter VII Diseases of the eye, adnexa, ear and mastoid process",Epiphora,22162,78,0.91 [0.49-1.68],0.7696865373117019
IL18R1,Interleukin-18 receptor 1,"Chapter VII Diseases of the eye, adnexa, ear and mastoid process",Glaucoma,23270,1030,1.09 [0.92-1.28],0.3215771032332418
IL18R1,Interleukin-18 receptor 1,"Chapter VII Diseases of the eye, adnexa, ear and mastoid process",Glaucoma suspect,22509,269,1.01 [0.73-1.40],0.9364490819416352
IL18R1,Interleukin-18 receptor 1,"Chapter VII Diseases of the eye, adnexa, ear and mastoid process",Hypermetropia,22441,73,0.77 [0.41-1.46],0.4266331262192587
IL18R1,Interleukin-18 receptor 1,"Chapter VII Diseases of the eye, adnexa, ear and mastoid process",Iridocyclitis,22980,124,0.94 [0.58-1.52],0.7906913599855673
IL18R1,Interleukin-18 receptor 1,"Chapter VII Diseases of the eye, adnexa, ear and mastoid process",Keratitis,23252,396,1.05 [0.80-1.37],0.7494095930523805
IL18R1,Interleukin-18 receptor 1,"Chapter VII Diseases of the eye, adnexa, ear and mastoid process",Myopia,22590,222,0.93 [0.65-1.34],0.6968647818867244
IL18R1,Interleukin-18 receptor 1,"Chapter VII Diseases of the eye, adnexa, ear and mastoid process",Other and unspecified disorders of vitreous body,23199,145,0.90 [0.58-1.41],0.6517608911175484
IL18R1,Interleukin-18 receptor 1,"Chapter VII Diseases of the eye, adnexa, ear and mastoid process",Other and unspecified glaucoma,22929,689,1.25 [1.02-1.53],0.0312521166037028
IL18R1,Interleukin-18 receptor 1,"Chapter VII Diseases of the eye, adnexa, ear and mastoid process",Other and unspecified visual disturbances,22751,162,1.22 [0.81-1.85],0.3381301921883657
IL18R1,Interleukin-18 receptor 1,"Chapter VII Diseases of the eye, adnexa, ear and mastoid process",Other cataract,20916,3284,1.14 [1.03-1.25],0.0077045614335941
IL18R1,Interleukin-18 receptor 1,"Chapter VII Diseases of the eye, adnexa, ear and mastoid process",Other disorders of cornea,23207,351,1.04 [0.78-1.39],0.7896759145803167
IL18R1,Interleukin-18 receptor 1,"Chapter VII Diseases of the eye, adnexa, ear and mastoid process",Other disorders of eye and adnexa,23390,190,0.92 [0.62-1.36],0.6747811959104264
IL18R1,Interleukin-18 receptor 1,"Chapter VII Diseases of the eye, adnexa, ear and mastoid process",Other disorders of eyelid,22634,550,1.02 [0.81-1.28],0.8697612446839482
IL18R1,Interleukin-18 receptor 1,"Chapter VII Diseases of the eye, adnexa, ear and mastoid process",Other disorders of iris and ciliary body,22946,90,0.82 [0.47-1.45],0.4977431849628432
IL18R1,Interleukin-18 receptor 1,"Chapter VII Diseases of the eye, adnexa, ear and mastoid process",Other disorders of optic [2nd] nerve and visual pathways,23389,74,1.70 [0.93-3.11],0.0839236743599561
IL18R1,Interleukin-18 receptor 1,"Chapter VII Diseases of the eye, adnexa, ear and mastoid process",Other inflammation of eyelid,22214,130,1.27 [0.80-2.01],0.3186559394913614
IL18R1,Interleukin-18 receptor 1,"Chapter VII Diseases of the eye, adnexa, ear and mastoid process",Other specified and unspecified  disorders of eyelid,22263,179,1.03 [0.69-1.54],0.8740648297377007
IL18R1,Interleukin-18 receptor 1,"Chapter VII Diseases of the eye, adnexa, ear and mastoid process",Other specified and unspecified retinal disorders,21821,164,1.56 [1.04-2.36],0.0325059090525403
IL18R1,Interleukin-18 receptor 1,"Chapter VII Diseases of the eye, adnexa, ear and mastoid process",Other strabismus,22432,64,0.67 [0.34-1.32],0.2456858660891644
IL18R1,Interleukin-18 receptor 1,"Chapter VII Diseases of the eye, adnexa, ear and mastoid process","Other, unspecified and serous retinal detachments",21732,75,0.72 [0.38-1.35],0.3047948924310378
IL18R1,Interleukin-18 receptor 1,"Chapter VII Diseases of the eye, adnexa, ear and mastoid process",Primary angle-closure glaucoma,22357,117,1.28 [0.79-2.09],0.3179740729897305
IL18R1,Interleukin-18 receptor 1,"Chapter VII Diseases of the eye, adnexa, ear and mastoid process","Primary open-angle glaucoma, strict",22539,299,0.86 [0.63-1.17],0.3329136230921782
IL18R1,Interleukin-18 receptor 1,"Chapter VII Diseases of the eye, adnexa, ear and mastoid process",Ptosis of eyelid,22246,162,1.38 [0.92-2.09],0.1224850278440186
IL18R1,Interleukin-18 receptor 1,"Chapter VII Diseases of the eye, adnexa, ear and mastoid process",Retinal detachment with retinal break,21752,95,1.17 [0.67-2.03],0.5772946762532654
IL18R1,Interleukin-18 receptor 1,"Chapter VII Diseases of the eye, adnexa, ear and mastoid process",Retinal vascular occlusion,21791,134,1.49 [0.95-2.36],0.0857680725557924
IL18R1,Interleukin-18 receptor 1,"Chapter VII Diseases of the eye, adnexa, ear and mastoid process",Senile cataract,20404,2772,1.19 [1.07-1.31],0.0009641012242516
IL18R1,Interleukin-18 receptor 1,"Chapter VII Diseases of the eye, adnexa, ear and mastoid process",Stenosis and insufficiency of lacrimal passages,22179,95,1.18 [0.68-2.04],0.5487188869968922
IL18R1,Interleukin-18 receptor 1,"Chapter VII Diseases of the eye, adnexa, ear and mastoid process",Visual disturbances,23104,515,1.14 [0.90-1.44],0.2797922589314436
IL18R1,Interleukin-18 receptor 1,"Chapter VII Diseases of the eye, adnexa, ear and mastoid process",Visual field defects,22669,80,1.70 [0.95-3.05],0.0719111460008819
IL18R1,Interleukin-18 receptor 1,"Chapter VII Diseases of the eye, adnexa, ear and mastoid process",Visual impairment including blindness (binocular or monocular),22801,212,1.62 [1.13-2.33],0.0081232227727742
IL18R1,Interleukin-18 receptor 1,Chapter VIII Diseases of the ear and mastoid process,Benign paroxysmal vertigo,23180,111,1.06 [0.64-1.76],0.8279591927255867
IL18R1,Interleukin-18 receptor 1,Chapter VIII Diseases of the ear and mastoid process,Diseases of external ear,23358,141,1.06 [0.68-1.66],0.8010559187965989
IL18R1,Interleukin-18 receptor 1,Chapter VIII Diseases of the ear and mastoid process,Diseases of middle ear and mastoid,23266,120,1.23 [0.76-2.00],0.3930095021370621
IL18R1,Interleukin-18 receptor 1,Chapter VIII Diseases of the ear and mastoid process,Labyrinthitis,23133,64,0.79 [0.40-1.57],0.504611130088588
IL18R1,Interleukin-18 receptor 1,Chapter VIII Diseases of the ear and mastoid process,Mnire disease,23139,70,0.59 [0.31-1.14],0.1170617924013636
IL18R1,Interleukin-18 receptor 1,Chapter VIII Diseases of the ear and mastoid process,Other disorders of ear,23298,1263,1.22 [1.05-1.42],0.0089943688753697
IL18R1,Interleukin-18 receptor 1,Chapter VIII Diseases of the ear and mastoid process,Other specified/unspecified hearing loss,22991,956,1.24 [1.04-1.48],0.0141027912074546
IL18R1,Interleukin-18 receptor 1,Chapter VIII Diseases of the ear and mastoid process,Sensorineural hearing loss,22191,156,1.39 [0.91-2.12],0.12771263525864
IL18R1,Interleukin-18 receptor 1,Chapter VIII Diseases of the ear and mastoid process,Tinnitus,22126,91,1.02 [0.58-1.79],0.9412158451285773
IL18R1,Interleukin-18 receptor 1,Chapter X Diseases of the respiratory system,Acute pharyngitis,23210,67,1.48 [0.79-2.78],0.2260392863685779
IL18R1,Interleukin-18 receptor 1,Chapter X Diseases of the respiratory system,Acute upper respiratory infections,23332,189,1.25 [0.85-1.82],0.2544167227230837
IL18R1,Interleukin-18 receptor 1,Chapter X Diseases of the respiratory system,Acute upper respiratory infections of multiple and unspecified sites,23207,64,1.44 [0.76-2.76],0.2652086666546439
IL18R1,Interleukin-18 receptor 1,Chapter X Diseases of the respiratory system,All influenza,20695,159,2.04 [1.36-3.08],0.0006295893882488
IL18R1,Interleukin-18 receptor 1,Chapter X Diseases of the respiratory system,All influenza (not pneumonia),20692,156,2.09 [1.38-3.15],0.0004887557914356
IL18R1,Interleukin-18 receptor 1,Chapter X Diseases of the respiratory system,Allergic asthma (mode),14437,103,0.99 [0.58-1.68],0.9567543334607568
IL18R1,Interleukin-18 receptor 1,Chapter X Diseases of the respiratory system,Allergic rhinitis,23295,240,0.89 [0.63-1.26],0.5034232368309756
IL18R1,Interleukin-18 receptor 1,Chapter X Diseases of the respiratory system,"Asthma, excluding more controls",15672,1735,1.22 [1.07-1.39],0.0023212857384768
IL18R1,Interleukin-18 receptor 1,Chapter X Diseases of the respiratory system,"Asthma, unspecified (mode)",16046,1712,1.22 [1.08-1.39],0.0021505492967912
IL18R1,Interleukin-18 receptor 1,Chapter X Diseases of the respiratory system,Bacterial pneumonia (organism specified),22883,180,1.66 [1.12-2.45],0.0107874966959559
IL18R1,Interleukin-18 receptor 1,Chapter X Diseases of the respiratory system,"Bacterial pneumonia, not elsewhere classified",20641,105,1.45 [0.87-2.42],0.1575764782687709
IL18R1,Interleukin-18 receptor 1,Chapter X Diseases of the respiratory system,Bronchiectasis,19619,517,2.05 [1.63-2.57],7.543966026490191e-10
IL18R1,Interleukin-18 receptor 1,Chapter X Diseases of the respiratory system,"Bronchitis, not specified as acute or chronic",19175,73,1.46 [0.79-2.70],0.2290499982748633
IL18R1,Interleukin-18 receptor 1,Chapter X Diseases of the respiratory system,Chronic lower respiratory diseases,22262,3160,1.29 [1.18-1.42],7.991669848460694e-08
IL18R1,Interleukin-18 receptor 1,Chapter X Diseases of the respiratory system,"Chronic rhinitis, nasopharyngitis and pharyngitis",22171,73,1.48 [0.80-2.76],0.2131977127714407
IL18R1,Interleukin-18 receptor 1,Chapter X Diseases of the respiratory system,Chronic sinusitis,22236,138,1.37 [0.88-2.15],0.1649030836651751
IL18R1,Interleukin-18 receptor 1,Chapter X Diseases of the respiratory system,"COPD, hospital admissions 1, only main diagnosis",23110,1647,1.60 [1.41-1.82],5.100558597255279e-13
IL18R1,Interleukin-18 receptor 1,Chapter X Diseases of the respiratory system,Deviated nasal septum,22179,81,1.16 [0.65-2.09],0.6189339596839911
IL18R1,Interleukin-18 receptor 1,Chapter X Diseases of the respiratory system,Diseases of the respiratory system,21236,6176,1.33 [1.24-1.42],2.1054127440056438e-16
IL18R1,Interleukin-18 receptor 1,Chapter X Diseases of the respiratory system,"Diseases of vocal cords and larynx+other diseases of upper respiratory tract, no elsewhere classified",22436,338,1.08 [0.81-1.45],0.5902701309491271
IL18R1,Interleukin-18 receptor 1,Chapter X Diseases of the respiratory system,Early onset COPD,21573,110,2.31 [1.45-3.68],0.000444085465546
IL18R1,Interleukin-18 receptor 1,Chapter X Diseases of the respiratory system,Emphysema,19543,441,2.02 [1.57-2.59],3.4835267686382623e-08
IL18R1,Interleukin-18 receptor 1,Chapter X Diseases of the respiratory system,Idiopathic pulmonary fibrosis,22087,459,1.65 [1.30-2.11],5.0970280881517096e-05
IL18R1,Interleukin-18 receptor 1,Chapter X Diseases of the respiratory system,Influenza and pneumonia,23145,2609,1.65 [1.49-1.83],5.942779271688493e-22
IL18R1,Interleukin-18 receptor 1,Chapter X Diseases of the respiratory system,Interstitial lung disease,22130,502,1.75 [1.39-2.21],2.1918469558875123e-06
IL18R1,Interleukin-18 receptor 1,Chapter X Diseases of the respiratory system,Later onset COPD,22876,1537,1.57 [1.37-1.79],3.159636660708449e-11
IL18R1,Interleukin-18 receptor 1,Chapter X Diseases of the respiratory system,Lung diseases due to external agents,23388,501,1.19 [0.94-1.51],0.1435994776521484
IL18R1,Interleukin-18 receptor 1,Chapter X Diseases of the respiratory system,Nasal polyp,22198,100,1.04 [0.61-1.77],0.8940097690147915
IL18R1,Interleukin-18 receptor 1,Chapter X Diseases of the respiratory system,Other acute lower respiratory infections,23119,1313,1.82 [1.58-2.10],1.6675198497494175e-16
IL18R1,Interleukin-18 receptor 1,Chapter X Diseases of the respiratory system,Other diseases of pleura,23110,2708,1.43 [1.29-1.58],3.911684550351582e-12
IL18R1,Interleukin-18 receptor 1,Chapter X Diseases of the respiratory system,Other diseases of upper respiratory tract,22857,759,1.11 [0.91-1.34],0.3117631824741724
IL18R1,Interleukin-18 receptor 1,Chapter X Diseases of the respiratory system,Other pleural conditions,20468,66,2.65 [1.43-4.90],0.0019401711344221
IL18R1,Interleukin-18 receptor 1,Chapter X Diseases of the respiratory system,Other respiratory diseases principally affecting the interstitium,23284,599,1.77 [1.43-2.18],1.1039905692509773e-07
IL18R1,Interleukin-18 receptor 1,Chapter X Diseases of the respiratory system,Other respiratory disorders and diseases,23274,1726,1.48 [1.30-1.67],1.3530578687306511e-09
IL18R1,Interleukin-18 receptor 1,Chapter X Diseases of the respiratory system,Pleural effusion,21784,1382,1.52 [1.32-1.75],8.015393770610765e-09
IL18R1,Interleukin-18 receptor 1,Chapter X Diseases of the respiratory system,Pleural plaque,20656,254,1.48 [1.06-2.05],0.0196070202640243
IL18R1,Interleukin-18 receptor 1,Chapter X Diseases of the respiratory system,"Pneumonia, organism unspecified",22854,2318,1.67 [1.50-1.86],2.0634417241404662e-20
IL18R1,Interleukin-18 receptor 1,Chapter X Diseases of the respiratory system,Pneumonitis due to solids and liquids,23277,390,1.21 [0.92-1.59],0.167926055882069
IL18R1,Interleukin-18 receptor 1,Chapter X Diseases of the respiratory system,Pneumothorax,20573,171,1.41 [0.94-2.11],0.0996463754868135
IL18R1,Interleukin-18 receptor 1,Chapter X Diseases of the respiratory system,Pollen allergy,23393,204,0.89 [0.61-1.29],0.5326252884128277
IL18R1,Interleukin-18 receptor 1,Chapter X Diseases of the respiratory system,Pulmonary oedema,22778,93,1.95 [1.16-3.30],0.0122676187370818
IL18R1,Interleukin-18 receptor 1,Chapter X Diseases of the respiratory system,Respiratory insufficiency,14405,71,1.68 [0.90-3.16],0.105907942437101
IL18R1,Interleukin-18 receptor 1,Chapter X Diseases of the respiratory system,Unspecified acute lower respiratory infection,23096,1290,1.84 [1.59-2.12],9.204547413173352e-17
IL18R1,Interleukin-18 receptor 1,Chapter X Diseases of the respiratory system,Vasomotor and allergic rhinitis,22340,242,0.91 [0.64-1.28],0.5738679059135775
IL18R1,Interleukin-18 receptor 1,Chapter X Diseases of the respiratory system,Viral pneumonia,20841,305,1.54 [1.14-2.07],0.0048434596688746
IL18R1,Interleukin-18 receptor 1,Chapter X Diseases of the respiratory system,"Viral pneumonia (unknown virus, not influenza)",22891,244,1.51 [1.08-2.11],0.0147389658096349
IL18R1,Interleukin-18 receptor 1,Chapter X Diseases of the respiratory system,Vocal cord dysfunction,7465,120,1.28 [0.77-2.13],0.3352317091120164
IL18R1,Interleukin-18 receptor 1,Chapter XI Diseases of the digestive system,Abscess of anal and rectal regions,14825,62,1.84 [0.95-3.55],0.0707592296224681
IL18R1,Interleukin-18 receptor 1,Chapter XI Diseases of the digestive system,Acute appendicitis,23288,131,1.21 [0.76-1.92],0.4286776721761708
IL18R1,Interleukin-18 receptor 1,Chapter XI Diseases of the digestive system,Acute gastritis,16253,104,1.74 [1.04-2.93],0.0358367329229035
IL18R1,Interleukin-18 receptor 1,Chapter XI Diseases of the digestive system,Acute pancreatitis,21335,198,1.78 [1.24-2.57],0.0019354704156131
IL18R1,Interleukin-18 receptor 1,Chapter XI Diseases of the digestive system,Acute peritonitis,22906,112,3.00 [1.89-4.77],3.275999135561988e-06
IL18R1,Interleukin-18 receptor 1,Chapter XI Diseases of the digestive system,Alcoholic liver disease,22410,64,7.37 [4.21-12.90],2.769443322905302e-12
IL18R1,Interleukin-18 receptor 1,Chapter XI Diseases of the digestive system,Barrett oesophagus,16664,515,1.42 [1.12-1.80],0.0033483840884504
IL18R1,Interleukin-18 receptor 1,Chapter XI Diseases of the digestive system,"Cholangitis (primary sclerosing, PSC)",21282,145,2.56 [1.69-3.86],8.25898752944181e-06
IL18R1,Interleukin-18 receptor 1,Chapter XI Diseases of the digestive system,"Cholangitis (primary sclerosing, PSC), with reimbursement 202",22981,145,2.49 [1.65-3.76],1.4860290477968573e-05
IL18R1,Interleukin-18 receptor 1,Chapter XI Diseases of the digestive system,Cholecystitis,21361,224,1.84 [1.31-2.59],0.0004695701828818
IL18R1,Interleukin-18 receptor 1,Chapter XI Diseases of the digestive system,Cholelithiasis,22202,1065,1.65 [1.41-1.93],6.079412502896664e-10
IL18R1,Interleukin-18 receptor 1,Chapter XI Diseases of the digestive system,Chronic gastritis,16502,353,1.20 [0.90-1.59],0.2102627735014825
IL18R1,Interleukin-18 receptor 1,Chapter XI Diseases of the digestive system,Chronic pancreatitis,21193,56,1.06 [0.52-2.16],0.8717605831450295
IL18R1,Interleukin-18 receptor 1,Chapter XI Diseases of the digestive system,"Cirrhosis of liver, NAS",23264,127,8.75 [6.01-12.74],9.5294199335354e-30
IL18R1,Interleukin-18 receptor 1,Chapter XI Diseases of the digestive system,Coeliac disease,21641,129,1.48 [0.93-2.37],0.0995316237039475
IL18R1,Interleukin-18 receptor 1,Chapter XI Diseases of the digestive system,Collagenous colitis,21639,104,0.91 [0.54-1.55],0.7407294599879861
IL18R1,Interleukin-18 receptor 1,Chapter XI Diseases of the digestive system,Colonic or urogenital fistula,23287,158,1.02 [0.67-1.56],0.9263215368569602
IL18R1,Interleukin-18 receptor 1,Chapter XI Diseases of the digestive system,Constipation,23116,2157,1.31 [1.17-1.47],3.556346761156077e-06
IL18R1,Interleukin-18 receptor 1,Chapter XI Diseases of the digestive system,Crohn disease,21624,89,2.57 [1.51-4.37],0.0004854844125251
IL18R1,Interleukin-18 receptor 1,Chapter XI Diseases of the digestive system,"Crohn disease (strict definition, all UC cases excluded)",23051,68,2.28 [1.24-4.22],0.0083705713457789
IL18R1,Interleukin-18 receptor 1,Chapter XI Diseases of the digestive system,Crohn's disease NAS,21616,81,2.42 [1.38-4.24],0.0019582779624986
IL18R1,Interleukin-18 receptor 1,Chapter XI Diseases of the digestive system,Dental caries,22777,190,1.49 [1.02-2.16],0.0380730788766621
IL18R1,Interleukin-18 receptor 1,Chapter XI Diseases of the digestive system,Diaphragmatic hernia,20212,2584,1.20 [1.08-1.33],0.0006547754030978
IL18R1,Interleukin-18 receptor 1,Chapter XI Diseases of the digestive system,Diseases of appendix,23319,162,1.18 [0.77-1.79],0.4509366100318248
IL18R1,Interleukin-18 receptor 1,Chapter XI Diseases of the digestive system,Diseases of liver,23281,935,2.39 [2.02-2.82],1.5540332105716084e-24
IL18R1,Interleukin-18 receptor 1,Chapter XI Diseases of the digestive system,"Diseases of oesophagus, stomach and duodenum",20806,4657,1.27 [1.18-1.37],1.4813213017529639e-09
IL18R1,Interleukin-18 receptor 1,Chapter XI Diseases of the digestive system,"Diseases of oral cavity, salivary glands and jaws",23065,478,1.22 [0.96-1.55],0.1077441911869781
IL18R1,Interleukin-18 receptor 1,Chapter XI Diseases of the digestive system,Diseases of peritoneum,23314,520,1.47 [1.17-1.85],0.0009954261241053
IL18R1,Interleukin-18 receptor 1,Chapter XI Diseases of the digestive system,Diseases of pulp and periapical tissues,22682,95,1.22 [0.71-2.10],0.4744542498704199
IL18R1,Interleukin-18 receptor 1,Chapter XI Diseases of the digestive system,Diseases of salivary glands,22552,60,1.83 [0.94-3.56],0.0743995012465294
IL18R1,Interleukin-18 receptor 1,Chapter XI Diseases of the digestive system,Diseases of the digestive system,23064,1552,1.42 [1.24-1.62],2.986480261509508e-07
IL18R1,Interleukin-18 receptor 1,Chapter XI Diseases of the digestive system,Diseases of tongue,22570,98,1.27 [0.75-2.17],0.3719587972874569
IL18R1,Interleukin-18 receptor 1,Chapter XI Diseases of the digestive system,"Disorders of gallbladder, biliary tract and pancreas",22673,1536,1.63 [1.43-1.86],4.3644780154286523e-13
IL18R1,Interleukin-18 receptor 1,Chapter XI Diseases of the digestive system,Diverticular disease of intestine,18580,3817,1.24 [1.14-1.35],1.063960543088774e-06
IL18R1,Interleukin-18 receptor 1,Chapter XI Diseases of the digestive system,Duodenal ulcer,16401,252,1.81 [1.30-2.52],0.0003924619290529
IL18R1,Interleukin-18 receptor 1,Chapter XI Diseases of the digestive system,"Duodenal ulcer - Unspecified as acute or chronic, without haemorrhage or perforation, drug-induced",23308,204,1.73 [1.20-2.47],0.003027999926285
IL18R1,Interleukin-18 receptor 1,Chapter XI Diseases of the digestive system,Embedded and impacted teeth,23366,27,1.13 [0.41-3.14],0.8101455875598036
IL18R1,Interleukin-18 receptor 1,Chapter XI Diseases of the digestive system,Fibrosis and cirrhosis of liver,22495,149,7.70 [5.40-10.99],1.9023661229346842e-29
IL18R1,Interleukin-18 receptor 1,Chapter XI Diseases of the digestive system,Fissure and fistula of anal and rectal regions,14871,108,1.32 [0.80-2.19],0.2780752384811781
IL18R1,Interleukin-18 receptor 1,Chapter XI Diseases of the digestive system,Functional dyspepsia,16721,572,1.25 [1.00-1.57],0.049434239983441
IL18R1,Interleukin-18 receptor 1,Chapter XI Diseases of the digestive system,Gastric ulcer,16579,430,1.98 [1.54-2.54],9.960969037095037e-08
IL18R1,Interleukin-18 receptor 1,Chapter XI Diseases of the digestive system,Gastro-oesophageal reflux disease,18856,2707,1.26 [1.14-1.40],9.550604688370534e-06
IL18R1,Interleukin-18 receptor 1,Chapter XI Diseases of the digestive system,Gastroduodenal ulcer,16807,658,1.75 [1.42-2.14],7.986040600169464e-08
IL18R1,Interleukin-18 receptor 1,Chapter XI Diseases of the digestive system,Gastrointestinal diseases,16891,8314,1.21 [1.14-1.29],1.4283652455713763e-10
IL18R1,Interleukin-18 receptor 1,Chapter XI Diseases of the digestive system,GI-bleeding,22801,1289,1.40 [1.21-1.62],6.476171650920009e-06
IL18R1,Interleukin-18 receptor 1,Chapter XI Diseases of the digestive system,Gingivitis and periodontal diseases,22633,46,1.02 [0.47-2.20],0.9603536723963064
IL18R1,Interleukin-18 receptor 1,Chapter XI Diseases of the digestive system,Haemorrhoids and perianal venous thrombosis,15767,1198,1.20 [1.03-1.40],0.0183183490974314
IL18R1,Interleukin-18 receptor 1,Chapter XI Diseases of the digestive system,"Hepatic failure, not elsewhere classified",22416,70,4.62 [2.57-8.29],3.036942058931572e-07
IL18R1,Interleukin-18 receptor 1,Chapter XI Diseases of the digestive system,Hernia,21314,3686,1.12 [1.03-1.22],0.0115568880561991
IL18R1,Interleukin-18 receptor 1,Chapter XI Diseases of the digestive system,Impacted teeth,23370,25,1.26 [0.44-3.61],0.6689598188115952
IL18R1,Interleukin-18 receptor 1,Chapter XI Diseases of the digestive system,Impaction of intestines,14842,79,1.38 [0.76-2.52],0.2907810362727626
IL18R1,Interleukin-18 receptor 1,Chapter XI Diseases of the digestive system,Inguinal hernia,18743,1115,0.94 [0.80-1.11],0.4652617672752405
IL18R1,Interleukin-18 receptor 1,Chapter XI Diseases of the digestive system,"Inguinal hernia, bilateral",17754,126,0.87 [0.53-1.41],0.568808933376715
IL18R1,Interleukin-18 receptor 1,Chapter XI Diseases of the digestive system,Intestinal adhesions without obstruction,14882,119,1.08 [0.66-1.77],0.7557812963375639
IL18R1,Interleukin-18 receptor 1,Chapter XI Diseases of the digestive system,Intestinal malabsorption,21660,148,1.48 [0.95-2.28],0.0807900587939989
IL18R1,Interleukin-18 receptor 1,Chapter XI Diseases of the digestive system,Irritable bowel syndrome,15282,519,1.62 [1.29-2.04],3.932648959951156e-05
IL18R1,Interleukin-18 receptor 1,Chapter XI Diseases of the digestive system,Nonalcoholic fatty liver disease,23373,343,2.73 [2.10-3.55],6.047326767504576e-14
IL18R1,Interleukin-18 receptor 1,Chapter XI Diseases of the digestive system,Noninfectious colitis NAS,22327,792,1.48 [1.23-1.78],3.2648298580423274e-05
IL18R1,Interleukin-18 receptor 1,Chapter XI Diseases of the digestive system,Noninfective enteritis and colitis,22639,1104,1.34 [1.14-1.56],0.0003332241717017
IL18R1,Interleukin-18 receptor 1,Chapter XI Diseases of the digestive system,Oesophageal obstruction,16371,222,1.96 [1.37-2.79],0.0002027659524674
IL18R1,Interleukin-18 receptor 1,Chapter XI Diseases of the digestive system,Oesophagitis,16859,710,1.48 [1.21-1.80],0.0001211029762024
IL18R1,Interleukin-18 receptor 1,Chapter XI Diseases of the digestive system,Oral lichen ruber planus,23349,136,1.66 [1.07-2.60],0.0245170581693078
IL18R1,Interleukin-18 receptor 1,Chapter XI Diseases of the digestive system,Other and unspecified abdominal hernia,17716,88,1.25 [0.71-2.18],0.4374262613569967
IL18R1,Interleukin-18 receptor 1,Chapter XI Diseases of the digestive system,Other diseases of anus and rectum,16158,1395,1.29 [1.12-1.48],0.0005034070501431
IL18R1,Interleukin-18 receptor 1,Chapter XI Diseases of the digestive system,Other diseases of biliary tract,21500,363,1.49 [1.14-1.97],0.0040695823951588
IL18R1,Interleukin-18 receptor 1,Chapter XI Diseases of the digestive system,Other diseases of gallbladder,21287,150,1.32 [0.86-2.02],0.2017158387327274
IL18R1,Interleukin-18 receptor 1,Chapter XI Diseases of the digestive system,Other diseases of intestine,16720,1957,1.33 [1.18-1.50],3.122244408125125e-06
IL18R1,Interleukin-18 receptor 1,Chapter XI Diseases of the digestive system,Other diseases of intestines,21052,6289,1.25 [1.17-1.34],4.386484392728333e-11
IL18R1,Interleukin-18 receptor 1,Chapter XI Diseases of the digestive system,Other diseases of lip and oral mucosa,22530,209,1.22 [0.85-1.76],0.2815275899269698
IL18R1,Interleukin-18 receptor 1,Chapter XI Diseases of the digestive system,Other diseases of liver,23119,773,2.42 [2.02-2.91],2.8032891302266376e-21
IL18R1,Interleukin-18 receptor 1,Chapter XI Diseases of the digestive system,Other diseases of oesophagus,16928,779,1.34 [1.11-1.63],0.0025626370717345
IL18R1,Interleukin-18 receptor 1,Chapter XI Diseases of the digestive system,Other diseases of pancreas,21352,215,1.36 [0.95-1.94],0.0963500463903011
IL18R1,Interleukin-18 receptor 1,Chapter XI Diseases of the digestive system,Other diseases of peritoneum,23236,442,1.25 [0.98-1.61],0.0779442211596047
IL18R1,Interleukin-18 receptor 1,Chapter XI Diseases of the digestive system,Other diseases of stomach and duodenum,17258,1109,1.75 [1.50-2.05],3.221974387850555e-12
IL18R1,Interleukin-18 receptor 1,Chapter XI Diseases of the digestive system,Other diseases of the digestive system,22818,1306,1.40 [1.21-1.62],5.388359063492706e-06
IL18R1,Interleukin-18 receptor 1,Chapter XI Diseases of the digestive system,Other disorders of teeth and supporting structures,22768,181,1.26 [0.85-1.85],0.2487926295243201
IL18R1,Interleukin-18 receptor 1,Chapter XI Diseases of the digestive system,Other functional intestinal disorders,16966,2203,1.37 [1.23-1.54],3.63326753359225e-08
IL18R1,Interleukin-18 receptor 1,Chapter XI Diseases of the digestive system,Other gastritis (incl. Duodenitis),18341,2192,1.37 [1.22-1.53],4.7247899156488e-08
IL18R1,Interleukin-18 receptor 1,Chapter XI Diseases of the digestive system,Other inflammatory liver diseases,22460,114,5.41 [3.49-8.38],3.8151148254145584e-14
IL18R1,Interleukin-18 receptor 1,Chapter XI Diseases of the digestive system,Other noninfective gastroenteritis and colitis,22507,972,1.37 [1.16-1.62],0.0002226137928404
IL18R1,Interleukin-18 receptor 1,Chapter XI Diseases of the digestive system,"Other or unspecified ileus, impaction or obstruction",15216,453,1.63 [1.28-2.09],0.0001011961982397
IL18R1,Interleukin-18 receptor 1,Chapter XI Diseases of the digestive system,Palatinal maxillary canine,23362,31,1.02 [0.39-2.67],0.9600626497716634
IL18R1,Interleukin-18 receptor 1,Chapter XI Diseases of the digestive system,Paralytic ileus and intestinal obstruction,15390,627,1.49 [1.21-1.85],0.0002039459984927
IL18R1,Interleukin-18 receptor 1,Chapter XI Diseases of the digestive system,"Postprocedural disorders of digestive system, not elsewhere classified",21672,160,1.66 [1.10-2.51],0.0163857215710565
IL18R1,Interleukin-18 receptor 1,Chapter XI Diseases of the digestive system,Recurring oral aphthae,23393,54,1.53 [0.75-3.11],0.2415249119271209
IL18R1,Interleukin-18 receptor 1,Chapter XI Diseases of the digestive system,Stomatitis and related lesions,22580,104,1.21 [0.72-2.04],0.4670086871551302
IL18R1,Interleukin-18 receptor 1,Chapter XI Diseases of the digestive system,Toxic colitis,21617,82,1.31 [0.73-2.35],0.3634389488258264
IL18R1,Interleukin-18 receptor 1,Chapter XI Diseases of the digestive system,Ulcer of oesophagus,16493,344,1.19 [0.89-1.59],0.2362683394311634
IL18R1,Interleukin-18 receptor 1,Chapter XI Diseases of the digestive system,Ulcerative colitis,21706,171,1.45 [0.98-2.17],0.0659844766608044
IL18R1,Interleukin-18 receptor 1,Chapter XI Diseases of the digestive system,"Ulcerative colitis, NAS",21671,136,1.63 [1.05-2.54],0.0299350408089603
IL18R1,Interleukin-18 receptor 1,Chapter XI Diseases of the digestive system,Umbilical hernia,17886,258,1.80 [1.31-2.47],0.0002720276011043
IL18R1,Interleukin-18 receptor 1,Chapter XI Diseases of the digestive system,Vascular disorders of the intestines,15012,249,2.19 [1.58-3.04],2.7207390597163023e-06
IL18R1,Interleukin-18 receptor 1,Chapter XI Diseases of the digestive system,Ventral hernia,17920,292,1.52 [1.13-2.06],0.0064588253150804
IL18R1,Interleukin-18 receptor 1,Chapter XI Diseases of the digestive system,Volvulus,14857,94,1.28 [0.74-2.23],0.3801349340014395
IL18R1,Interleukin-18 receptor 1,Chapter XII Diseases of the skin and subcutaneous tissue,Actinic keratosis,23296,431,0.95 [0.73-1.24],0.7163823563117881
IL18R1,Interleukin-18 receptor 1,Chapter XII Diseases of the skin and subcutaneous tissue,Arthropathic psoriasis,23036,67,1.62 [0.87-3.02],0.1273811070296017
IL18R1,Interleukin-18 receptor 1,Chapter XII Diseases of the skin and subcutaneous tissue,Atrophic disorders of skin,20811,170,1.51 [1.01-2.27],0.0454874257884741
IL18R1,Interleukin-18 receptor 1,Chapter XII Diseases of the skin and subcutaneous tissue,Cellulitis,22764,839,1.79 [1.50-2.13],9.310278682523528e-11
IL18R1,Interleukin-18 receptor 1,Chapter XII Diseases of the skin and subcutaneous tissue,"Cutaneous abscess, furuncle and carbuncle",22071,146,1.44 [0.93-2.22],0.0977792691058883
IL18R1,Interleukin-18 receptor 1,Chapter XII Diseases of the skin and subcutaneous tissue,Decubitus ulcer and pressure area,21282,641,1.62 [1.32-1.99],4.425754058128309e-06
IL18R1,Interleukin-18 receptor 1,Chapter XII Diseases of the skin and subcutaneous tissue,Dermatitis,23055,319,1.77 [1.33-2.37],0.0001097362569994
IL18R1,Interleukin-18 receptor 1,Chapter XII Diseases of the skin and subcutaneous tissue,Dermatitis and eczema,23302,566,1.51 [1.22-1.89],0.0002039613368579
IL18R1,Interleukin-18 receptor 1,Chapter XII Diseases of the skin and subcutaneous tissue,Dermatitis due to substances taken internally,22785,49,1.39 [0.67-2.91],0.3801335396550741
IL18R1,Interleukin-18 receptor 1,Chapter XII Diseases of the skin and subcutaneous tissue,Diseases of the skin and subcutaneous tissue,21781,3777,1.29 [1.18-1.41],9.051493528705442e-09
IL18R1,Interleukin-18 receptor 1,Chapter XII Diseases of the skin and subcutaneous tissue,Disorders of skin appendages,22967,445,1.34 [1.05-1.72],0.0209465758629681
IL18R1,Interleukin-18 receptor 1,Chapter XII Diseases of the skin and subcutaneous tissue,Follicular cysts of skin and subcutaneous tissue,22831,309,1.14 [0.84-1.54],0.4058513251771753
IL18R1,Interleukin-18 receptor 1,Chapter XII Diseases of the skin and subcutaneous tissue,Infections of the skin and subcutaneous tissue,23016,1091,1.67 [1.43-1.95],1.184588508134287e-10
IL18R1,Interleukin-18 receptor 1,Chapter XII Diseases of the skin and subcutaneous tissue,"Lichen planus, including avohilmo",23384,61,1.21 [0.62-2.37],0.5795524348763887
IL18R1,Interleukin-18 receptor 1,Chapter XII Diseases of the skin and subcutaneous tissue,Lupus erythematosus,20698,57,4.71 [2.50-8.88],1.698228618037959e-06
IL18R1,Interleukin-18 receptor 1,Chapter XII Diseases of the skin and subcutaneous tissue,Nail disorders,22586,64,1.86 [0.99-3.50],0.0547688215393407
IL18R1,Interleukin-18 receptor 1,Chapter XII Diseases of the skin and subcutaneous tissue,Other and unspecified dermatitis,23041,305,1.61 [1.20-2.17],0.0016808909792294
IL18R1,Interleukin-18 receptor 1,Chapter XII Diseases of the skin and subcutaneous tissue,Other and unspecified disorders of skin and subcutaneous tissue,21252,611,1.09 [0.88-1.36],0.4259621839355207
IL18R1,Interleukin-18 receptor 1,Chapter XII Diseases of the skin and subcutaneous tissue,Other and unspecified epidermal thickening,20731,90,1.32 [0.75-2.33],0.3333269185920094
IL18R1,Interleukin-18 receptor 1,Chapter XII Diseases of the skin and subcutaneous tissue,Other and unspecified erythematous conditions,23316,97,2.06 [1.23-3.45],0.0057383666498617
IL18R1,Interleukin-18 receptor 1,Chapter XII Diseases of the skin and subcutaneous tissue,Other and unspecified local infections of skin and subcutaneous tissue,22164,239,1.75 [1.25-2.43],0.0009614613048713
IL18R1,Interleukin-18 receptor 1,Chapter XII Diseases of the skin and subcutaneous tissue,Other and unspecified psoriasis,23197,228,1.00 [0.70-1.42],0.9783886835134504
IL18R1,Interleukin-18 receptor 1,Chapter XII Diseases of the skin and subcutaneous tissue,Other contact dermatitis,22833,97,1.32 [0.77-2.24],0.3126232740842953
IL18R1,Interleukin-18 receptor 1,Chapter XII Diseases of the skin and subcutaneous tissue,Other disorders of pigmentation,20722,81,0.75 [0.41-1.38],0.3571455950287034
IL18R1,Interleukin-18 receptor 1,Chapter XII Diseases of the skin and subcutaneous tissue,Other disorders of skin and subcutaneous tissue,22779,2138,1.35 [1.20-1.51],3.076026485903228e-07
IL18R1,Interleukin-18 receptor 1,Chapter XII Diseases of the skin and subcutaneous tissue,"Other disorders of skin and subcutaneous tissue, not elsewhere classified",21298,657,1.14 [0.93-1.41],0.2054538985059029
IL18R1,Interleukin-18 receptor 1,Chapter XII Diseases of the skin and subcutaneous tissue,Other epidermal thickening,20735,94,1.40 [0.80-2.43],0.233887626206301
IL18R1,Interleukin-18 receptor 1,Chapter XII Diseases of the skin and subcutaneous tissue,Papulosquamous disorders,23311,342,1.04 [0.78-1.39],0.7840856282715298
IL18R1,Interleukin-18 receptor 1,Chapter XII Diseases of the skin and subcutaneous tissue,Pruritus,22811,75,1.35 [0.73-2.47],0.3382748264216601
IL18R1,Interleukin-18 receptor 1,Chapter XII Diseases of the skin and subcutaneous tissue,Psoriasis,23249,280,0.98 [0.71-1.35],0.9139874244493138
IL18R1,Interleukin-18 receptor 1,Chapter XII Diseases of the skin and subcutaneous tissue,Radiation-related disorders of the skin and subcutaneous tissue,23329,464,0.96 [0.75-1.24],0.7576044941843968
IL18R1,Interleukin-18 receptor 1,Chapter XII Diseases of the skin and subcutaneous tissue,Scar conditions and fibrosis of skin,20768,127,1.50 [0.94-2.39],0.0908950453263971
IL18R1,Interleukin-18 receptor 1,Chapter XII Diseases of the skin and subcutaneous tissue,Seborrhoeic keratosis,20984,343,0.82 [0.61-1.10],0.1859288748019939
IL18R1,Interleukin-18 receptor 1,Chapter XII Diseases of the skin and subcutaneous tissue,Skin changes due to chronic exposure to nonionizing radiation,23317,452,0.95 [0.73-1.22],0.6686595555929027
IL18R1,Interleukin-18 receptor 1,Chapter XII Diseases of the skin and subcutaneous tissue,"Ulcer of lower limb, not elsewhere classified",20983,342,2.62 [2.00-3.42],1.8340756175780263e-12
IL18R1,Interleukin-18 receptor 1,Chapter XII Diseases of the skin and subcutaneous tissue,Urticaria and erythema,23377,158,1.82 [1.21-2.73],0.0041045124479636
IL18R1,Interleukin-18 receptor 1,Chapter XIII Diseases of the musculoskeletal system and connective tissue,Adhesive capsulitis of shoulder,19503,82,1.61 [0.92-2.82],0.0969443504049155
IL18R1,Interleukin-18 receptor 1,Chapter XIII Diseases of the musculoskeletal system and connective tissue,Arthropathies,20620,6520,1.18 [1.10-1.26],1.06908110082838e-06
IL18R1,Interleukin-18 receptor 1,Chapter XIII Diseases of the musculoskeletal system and connective tissue,Arthrosis,19196,5096,1.16 [1.07-1.25],0.0001231138165853
IL18R1,Interleukin-18 receptor 1,Chapter XIII Diseases of the musculoskeletal system and connective tissue,Bursitis of shoulder,19475,54,0.72 [0.35-1.50],0.3782738325407293
IL18R1,Interleukin-18 receptor 1,Chapter XIII Diseases of the musculoskeletal system and connective tissue,Cervical disc disorders,19414,149,1.30 [0.84-2.01],0.2351734855460708
IL18R1,Interleukin-18 receptor 1,Chapter XIII Diseases of the musculoskeletal system and connective tissue,Cervicalgia,19459,194,1.76 [1.21-2.55],0.0031139196394487
IL18R1,Interleukin-18 receptor 1,Chapter XIII Diseases of the musculoskeletal system and connective tissue,Chondropathies,23139,65,0.92 [0.47-1.77],0.797403439470565
IL18R1,Interleukin-18 receptor 1,Chapter XIII Diseases of the musculoskeletal system and connective tissue,"Collapsed vertebra, not elsewhere classified",19417,152,1.34 [0.86-2.07],0.1926401541645651
IL18R1,Interleukin-18 receptor 1,Chapter XIII Diseases of the musculoskeletal system and connective tissue,Coxarthrosis,15604,1504,1.16 [1.01-1.33],0.0348335587923902
IL18R1,Interleukin-18 receptor 1,Chapter XIII Diseases of the musculoskeletal system and connective tissue,"Coxarthrosis, primary",23191,251,1.10 [0.79-1.54],0.5760532431576437
IL18R1,Interleukin-18 receptor 1,Chapter XIII Diseases of the musculoskeletal system and connective tissue,Deforming dorsopathies,19859,594,1.18 [0.95-1.48],0.1316127090422971
IL18R1,Interleukin-18 receptor 1,Chapter XIII Diseases of the musculoskeletal system and connective tissue,Diseases of the musculoskeletal system and connective tissue,18936,8133,1.17 [1.10-1.24],4.44403464247101e-07
IL18R1,Interleukin-18 receptor 1,Chapter XIII Diseases of the musculoskeletal system and connective tissue,Disorders of continuity of bone,20836,124,0.97 [0.60-1.57],0.9018916435321226
IL18R1,Interleukin-18 receptor 1,Chapter XIII Diseases of the musculoskeletal system and connective tissue,Disorders of muscles,19607,186,1.41 [0.96-2.07],0.0820506174943679
IL18R1,Interleukin-18 receptor 1,Chapter XIII Diseases of the musculoskeletal system and connective tissue,Disorders of synovium and tendon,19935,514,0.97 [0.77-1.23],0.8213809196180081
IL18R1,Interleukin-18 receptor 1,Chapter XIII Diseases of the musculoskeletal system and connective tissue,Dorsopathies,22450,3185,1.27 [1.15-1.39],9.555531786236462e-07
IL18R1,Interleukin-18 receptor 1,Chapter XIII Diseases of the musculoskeletal system and connective tissue,Fibroblastic disorders,19736,315,1.02 [0.75-1.38],0.9128610886606552
IL18R1,Interleukin-18 receptor 1,Chapter XIII Diseases of the musculoskeletal system and connective tissue,Fibromyalgia,19570,149,1.72 [1.13-2.63],0.0114415380357528
IL18R1,Interleukin-18 receptor 1,Chapter XIII Diseases of the musculoskeletal system and connective tissue,Ganglion,19536,115,0.91 [0.55-1.50],0.7036988255104968
IL18R1,Interleukin-18 receptor 1,Chapter XIII Diseases of the musculoskeletal system and connective tissue,Giant cell arteritis,22646,104,1.40 [0.83-2.37],0.2084046646525375
IL18R1,Interleukin-18 receptor 1,Chapter XIII Diseases of the musculoskeletal system and connective tissue,Gonarthrosis,16141,2041,1.11 [0.99-1.25],0.0680431450076012
IL18R1,Interleukin-18 receptor 1,Chapter XIII Diseases of the musculoskeletal system and connective tissue,Gout,14907,807,1.71 [1.43-2.05],3.5598982899791213e-09
IL18R1,Interleukin-18 receptor 1,Chapter XIII Diseases of the musculoskeletal system and connective tissue,"Gout, unspecified",23307,800,1.62 [1.35-1.94],1.4577028352279626e-07
IL18R1,Interleukin-18 receptor 1,Chapter XIII Diseases of the musculoskeletal system and connective tissue,Hallux rigidus,14178,78,1.22 [0.67-2.23],0.5223840141451643
IL18R1,Interleukin-18 receptor 1,Chapter XIII Diseases of the musculoskeletal system and connective tissue,Hallux valgus (acquired),14407,307,0.92 [0.68-1.26],0.6148786725324235
IL18R1,Interleukin-18 receptor 1,Chapter XIII Diseases of the musculoskeletal system and connective tissue,Impingement syndrome of shoulder,19692,271,0.90 [0.65-1.24],0.519739011267545
IL18R1,Interleukin-18 receptor 1,Chapter XIII Diseases of the musculoskeletal system and connective tissue,Internal derangement of knee,14587,487,0.85 [0.67-1.09],0.1956667856725357
IL18R1,Interleukin-18 receptor 1,Chapter XIII Diseases of the musculoskeletal system and connective tissue,Kyphosis,19347,82,1.45 [0.80-2.62],0.2163464986468496
IL18R1,Interleukin-18 receptor 1,Chapter XIII Diseases of the musculoskeletal system and connective tissue,Low back pain,19957,692,1.45 [1.19-1.77],0.000262523865233
IL18R1,Interleukin-18 receptor 1,Chapter XIII Diseases of the musculoskeletal system and connective tissue,Lumbar disc prolapse,19585,320,1.39 [1.03-1.86],0.0301233102415904
IL18R1,Interleukin-18 receptor 1,Chapter XIII Diseases of the musculoskeletal system and connective tissue,Meniscus derangement,14556,456,0.83 [0.64-1.06],0.1403352904686964
IL18R1,Interleukin-18 receptor 1,Chapter XIII Diseases of the musculoskeletal system and connective tissue,Myalgia,19494,73,1.73 [0.95-3.17],0.0747284009879501
IL18R1,Interleukin-18 receptor 1,Chapter XIII Diseases of the musculoskeletal system and connective tissue,"Neuralgia and neuritis, unspecified",19482,61,0.90 [0.45-1.79],0.7677360187470541
IL18R1,Interleukin-18 receptor 1,Chapter XIII Diseases of the musculoskeletal system and connective tissue,Osteomyelitis,20796,84,3.93 [2.33-6.63],3.006802836790682e-07
IL18R1,Interleukin-18 receptor 1,Chapter XIII Diseases of the musculoskeletal system and connective tissue,Osteopathies and chondropathies,22968,2256,1.32 [1.18-1.48],1.1999612409480623e-06
IL18R1,Interleukin-18 receptor 1,Chapter XIII Diseases of the musculoskeletal system and connective tissue,Osteoporosis,22297,1585,1.31 [1.14-1.50],9.880181793722518e-05
IL18R1,Interleukin-18 receptor 1,Chapter XIII Diseases of the musculoskeletal system and connective tissue,"Other (seronegative) rheumatoid arthritis, wide",23228,550,2.18 [1.76-2.71],1.3899323551467209e-12
IL18R1,Interleukin-18 receptor 1,Chapter XIII Diseases of the musculoskeletal system and connective tissue,Other arthrosis,17277,3177,1.36 [1.24-1.50],7.155855649543116e-11
IL18R1,Interleukin-18 receptor 1,Chapter XIII Diseases of the musculoskeletal system and connective tissue,Other articular cartilage disorders,14143,43,1.03 [0.46-2.32],0.940863020231108
IL18R1,Interleukin-18 receptor 1,Chapter XIII Diseases of the musculoskeletal system and connective tissue,Other bursopathies,19526,105,1.40 [0.84-2.34],0.195757424936416
IL18R1,Interleukin-18 receptor 1,Chapter XIII Diseases of the musculoskeletal system and connective tissue,Other crystal arthropathies,14171,71,1.17 [0.63-2.21],0.617537587899365
IL18R1,Interleukin-18 receptor 1,Chapter XIII Diseases of the musculoskeletal system and connective tissue,Other deformities of toe(s),14236,136,1.15 [0.72-1.82],0.5616714204750606
IL18R1,Interleukin-18 receptor 1,Chapter XIII Diseases of the musculoskeletal system and connective tissue,Other disorders of bone,20958,246,1.06 [0.75-1.48],0.7571616137207928
IL18R1,Interleukin-18 receptor 1,Chapter XIII Diseases of the musculoskeletal system and connective tissue,Other disorders of bone density and structure,21227,515,1.36 [1.07-1.72],0.0109355527561955
IL18R1,Interleukin-18 receptor 1,Chapter XIII Diseases of the musculoskeletal system and connective tissue,Other disorders of the musculoskeletal system and connective tissue,23381,117,1.01 [0.61-1.66],0.9755398362337104
IL18R1,Interleukin-18 receptor 1,Chapter XIII Diseases of the musculoskeletal system and connective tissue,"Other dorsopathies, not elsewhere classified",21274,2009,1.29 [1.15-1.45],2.1459888627891336e-05
IL18R1,Interleukin-18 receptor 1,Chapter XIII Diseases of the musculoskeletal system and connective tissue,Other enthesopathies,19499,78,1.34 [0.74-2.42],0.3404834049063903
IL18R1,Interleukin-18 receptor 1,Chapter XIII Diseases of the musculoskeletal system and connective tissue,Other hammer toe(s) (acquired),14258,158,1.07 [0.70-1.64],0.7560302910122183
IL18R1,Interleukin-18 receptor 1,Chapter XIII Diseases of the musculoskeletal system and connective tissue,Other intervertebral disc disorders,20064,799,1.42 [1.18-1.71],0.0002489951842797
IL18R1,Interleukin-18 receptor 1,Chapter XIII Diseases of the musculoskeletal system and connective tissue,Other joint disorders,16314,2214,1.18 [1.06-1.32],0.0034818877600885
IL18R1,Interleukin-18 receptor 1,Chapter XIII Diseases of the musculoskeletal system and connective tissue,Other necrotizing vasculopathies,22672,130,1.73 [1.09-2.75],0.0199302191911158
IL18R1,Interleukin-18 receptor 1,Chapter XIII Diseases of the musculoskeletal system and connective tissue,Other psoriatic arthropathies,23393,64,1.80 [0.96-3.37],0.0684608251477857
IL18R1,Interleukin-18 receptor 1,Chapter XIII Diseases of the musculoskeletal system and connective tissue,Other shoulder lesions,19500,79,1.22 [0.67-2.20],0.512044003622494
IL18R1,Interleukin-18 receptor 1,Chapter XIII Diseases of the musculoskeletal system and connective tissue,"Other soft tissue disorders, not elsewhere classified",20791,1370,1.31 [1.14-1.51],0.0001803964960447
IL18R1,Interleukin-18 receptor 1,Chapter XIII Diseases of the musculoskeletal system and connective tissue,Other specified disorders of muscle,19531,110,1.29 [0.78-2.14],0.3209326831420811
IL18R1,Interleukin-18 receptor 1,Chapter XIII Diseases of the musculoskeletal system and connective tissue,Other specified/unspecified arthritis,16203,2103,1.36 [1.21-1.53],1.2127466232897772e-07
IL18R1,Interleukin-18 receptor 1,Chapter XIII Diseases of the musculoskeletal system and connective tissue,Other specified/unspecified disorders of  bone/cartilage,20832,120,0.89 [0.54-1.46],0.6381717792577726
IL18R1,Interleukin-18 receptor 1,Chapter XIII Diseases of the musculoskeletal system and connective tissue,Other specified/unspecified disorders of synovium and tendon +Other specified/unspecified bursopathies,19459,38,1.96 [0.84-4.59],0.1199321138539657
IL18R1,Interleukin-18 receptor 1,Chapter XIII Diseases of the musculoskeletal system and connective tissue,Other specified/unspecified inflammatory spondylopathies,19465,200,1.57 [1.09-2.27],0.0163590989690602
IL18R1,Interleukin-18 receptor 1,Chapter XIII Diseases of the musculoskeletal system and connective tissue,Other specified/unspecified soft tissue disorders,20115,694,1.35 [1.11-1.64],0.0029960696138695
IL18R1,Interleukin-18 receptor 1,Chapter XIII Diseases of the musculoskeletal system and connective tissue,Other systemic involvement of connective tissue,23040,498,1.58 [1.24-2.00],0.0001663003633444
IL18R1,Interleukin-18 receptor 1,Chapter XIII Diseases of the musculoskeletal system and connective tissue,Other/unspecified dorsalgia,19932,667,1.47 [1.20-1.80],0.0002149317547473
IL18R1,Interleukin-18 receptor 1,Chapter XIII Diseases of the musculoskeletal system and connective tissue,Other/unspecified rheumatoid arthritis,23243,544,2.16 [1.74-2.68],4.161145894315061e-12
IL18R1,Interleukin-18 receptor 1,Chapter XIII Diseases of the musculoskeletal system and connective tissue,Other/unspecified seropositive rheumatoid arthritis,23378,70,2.32 [1.28-4.23],0.0058662433678577
IL18R1,Interleukin-18 receptor 1,Chapter XIII Diseases of the musculoskeletal system and connective tissue,Other/unspecified synovitis and tenosynovitis,19590,169,0.76 [0.50-1.16],0.2077703494550123
IL18R1,Interleukin-18 receptor 1,Chapter XIII Diseases of the musculoskeletal system and connective tissue,Pain in joint,18203,903,1.67 [1.41-1.99],5.1269089295900365e-09
IL18R1,Interleukin-18 receptor 1,Chapter XIII Diseases of the musculoskeletal system and connective tissue,Pain in limb,20074,653,1.36 [1.11-1.67],0.0031388388160943
IL18R1,Interleukin-18 receptor 1,Chapter XIII Diseases of the musculoskeletal system and connective tissue,Palmar fascial fibromatosis [Dupuytren],19704,283,1.05 [0.76-1.45],0.7573992595979245
IL18R1,Interleukin-18 receptor 1,Chapter XIII Diseases of the musculoskeletal system and connective tissue,"Polyarthritis, unspecified",14172,72,1.55 [0.84-2.87],0.1593739529989183
IL18R1,Interleukin-18 receptor 1,Chapter XIII Diseases of the musculoskeletal system and connective tissue,Polyarthropathies,17268,3168,1.41 [1.29-1.55],2.2371908610751e-13
IL18R1,Interleukin-18 receptor 1,Chapter XIII Diseases of the musculoskeletal system and connective tissue,Polyarthrosis,14949,849,1.38 [1.15-1.65],0.0004306380441277
IL18R1,Interleukin-18 receptor 1,Chapter XIII Diseases of the musculoskeletal system and connective tissue,Polymyalgia rheumatica,22924,382,1.38 [1.05-1.82],0.0195750804258945
IL18R1,Interleukin-18 receptor 1,Chapter XIII Diseases of the musculoskeletal system and connective tissue,"Postprocedural musculoskeletal disorders, not elsewhere classified",23347,83,1.04 [0.58-1.88],0.8870260061008022
IL18R1,Interleukin-18 receptor 1,Chapter XIII Diseases of the musculoskeletal system and connective tissue,"Primary gonarthrosis, bilateral",20702,72,1.49 [0.82-2.71],0.1899557951653048
IL18R1,Interleukin-18 receptor 1,Chapter XIII Diseases of the musculoskeletal system and connective tissue,Psoriatic arthropathies,14165,65,1.87 [1.00-3.50],0.0498447189808369
IL18R1,Interleukin-18 receptor 1,Chapter XIII Diseases of the musculoskeletal system and connective tissue,Radiculopathy,19375,110,0.78 [0.46-1.31],0.3457387294209553
IL18R1,Interleukin-18 receptor 1,Chapter XIII Diseases of the musculoskeletal system and connective tissue,Rheumatoid arthritis,14658,558,2.37 [1.91-2.93],1.839782808864788e-15
IL18R1,Interleukin-18 receptor 1,Chapter XIII Diseases of the musculoskeletal system and connective tissue,Rotator cuff syndrome,19762,341,1.12 [0.84-1.50],0.4262417648857918
IL18R1,Interleukin-18 receptor 1,Chapter XIII Diseases of the musculoskeletal system and connective tissue,Sciatica+with lumbago,19557,292,1.83 [1.35-2.47],8.417495512042594e-05
IL18R1,Interleukin-18 receptor 1,Chapter XIII Diseases of the musculoskeletal system and connective tissue,Scoliosis,19534,269,1.25 [0.90-1.74],0.1752025080641595
IL18R1,Interleukin-18 receptor 1,Chapter XIII Diseases of the musculoskeletal system and connective tissue,Seronegative rheumatoid arthritis,16436,68,2.93 [1.59-5.40],0.0005467459459885
IL18R1,Interleukin-18 receptor 1,Chapter XIII Diseases of the musculoskeletal system and connective tissue,"Seropositive rheumatoid arthritis, wide",23383,75,2.22 [1.24-3.97],0.0073054317778263
IL18R1,Interleukin-18 receptor 1,Chapter XIII Diseases of the musculoskeletal system and connective tissue,Shoulder lesions,19985,564,1.10 [0.88-1.38],0.3921144582446223
IL18R1,Interleukin-18 receptor 1,Chapter XIII Diseases of the musculoskeletal system and connective tissue,Sicca syndrome [Sjgren],22634,92,2.78 [1.64-4.71],0.0001497582560432
IL18R1,Interleukin-18 receptor 1,Chapter XIII Diseases of the musculoskeletal system and connective tissue,Soft tissue disorders,22098,2677,1.19 [1.07-1.32],0.0008984078880394
IL18R1,Interleukin-18 receptor 1,Chapter XIII Diseases of the musculoskeletal system and connective tissue,"Soft tissue disorders related to use, overuse and pressure",19572,151,1.63 [1.07-2.48],0.0229205360693023
IL18R1,Interleukin-18 receptor 1,Chapter XIII Diseases of the musculoskeletal system and connective tissue,Spinal stenosis,19989,724,1.55 [1.27-1.88],1.008981152694003e-05
IL18R1,Interleukin-18 receptor 1,Chapter XIII Diseases of the musculoskeletal system and connective tissue,Spondyloarthritis,22020,279,1.62 [1.19-2.21],0.0023115396285659
IL18R1,Interleukin-18 receptor 1,Chapter XIII Diseases of the musculoskeletal system and connective tissue,Spondylolisthesis/Spondylolysis,19525,260,1.05 [0.75-1.46],0.7871431460275877
IL18R1,Interleukin-18 receptor 1,Chapter XIII Diseases of the musculoskeletal system and connective tissue,Spondylopathies,21299,2034,1.37 [1.22-1.54],1.518534334867821e-07
IL18R1,Interleukin-18 receptor 1,Chapter XIII Diseases of the musculoskeletal system and connective tissue,Spondylosis,20591,1326,1.42 [1.23-1.64],2.0166153256512767e-06
IL18R1,Interleukin-18 receptor 1,Chapter XIII Diseases of the musculoskeletal system and connective tissue,Synovial cyst of popliteal space [Baker],19483,62,1.17 [0.60-2.28],0.645994043195268
IL18R1,Interleukin-18 receptor 1,Chapter XIII Diseases of the musculoskeletal system and connective tissue,Systemic lupus erythematosus,22659,117,4.49 [2.89-6.99],2.8104126235566862e-11
IL18R1,Interleukin-18 receptor 1,Chapter XIII Diseases of the musculoskeletal system and connective tissue,Trigger finger,19587,166,1.07 [0.71-1.61],0.7581118133597394
IL18R1,Interleukin-18 receptor 1,Chapter XIII Diseases of the musculoskeletal system and connective tissue,Trochanteric bursitis,19513,92,2.16 [1.27-3.66],0.0042164580357591
IL18R1,Interleukin-18 receptor 1,Chapter XIII Diseases of the musculoskeletal system and connective tissue,Wrist or foot drop (acquired),14177,77,1.53 [0.84-2.79],0.1627436839459805
IL18R1,Interleukin-18 receptor 1,Chapter XIV Diseases of the genitourinary system,Acute renal failure,21875,2280,2.06 [1.85-2.29],5.9698100313524766e-40
IL18R1,Interleukin-18 receptor 1,Chapter XIV Diseases of the genitourinary system,Adenomyosis (Endometriosis of uterus),9373,26,0.88 [0.31-2.52],0.8154569708656128
IL18R1,Interleukin-18 receptor 1,Chapter XIV Diseases of the genitourinary system,Benign mammary dysplasia,11887,33,1.23 [0.49-3.12],0.6605618107643547
IL18R1,Interleukin-18 receptor 1,Chapter XIV Diseases of the genitourinary system,Calculus of kidney and ureter,23070,317,1.63 [1.22-2.18],0.0009673284594418
IL18R1,Interleukin-18 receptor 1,Chapter XIV Diseases of the genitourinary system,Calculus of lower urinary tract,22859,106,1.43 [0.86-2.37],0.1710793116933961
IL18R1,Interleukin-18 receptor 1,Chapter XIV Diseases of the genitourinary system,Chronic kidney disease,21951,2356,1.81 [1.62-2.01],7.637894469592706e-28
IL18R1,Interleukin-18 receptor 1,Chapter XIV Diseases of the genitourinary system,Chronic nephritic syndrome,23170,134,3.02 [2.01-4.53],9.172866370313537e-08
IL18R1,Interleukin-18 receptor 1,Chapter XIV Diseases of the genitourinary system,Cyst of kidney,23090,410,1.59 [1.23-2.06],0.0003721398470091
IL18R1,Interleukin-18 receptor 1,Chapter XIV Diseases of the genitourinary system,Cystitis,19498,303,1.15 [0.85-1.57],0.3681202069854921
IL18R1,Interleukin-18 receptor 1,Chapter XIV Diseases of the genitourinary system,Dialysis,19693,98,3.24 [1.98-5.28],2.698406433885504e-06
IL18R1,Interleukin-18 receptor 1,Chapter XIV Diseases of the genitourinary system,Diseases of male genital organs,10315,2174,1.06 [0.94-1.19],0.3303164439798942
IL18R1,Interleukin-18 receptor 1,Chapter XIV Diseases of the genitourinary system,Disorders of breast,11988,134,1.39 [0.89-2.18],0.1527194194809001
IL18R1,Interleukin-18 receptor 1,Chapter XIV Diseases of the genitourinary system,Endometriosis,9387,40,1.14 [0.49-2.60],0.7648583361673621
IL18R1,Interleukin-18 receptor 1,Chapter XIV Diseases of the genitourinary system,Female genital prolapse,9936,589,1.24 [1.00-1.55],0.0493508973291489
IL18R1,Interleukin-18 receptor 1,Chapter XIV Diseases of the genitourinary system,Genitourinary diseases,19285,6370,1.35 [1.26-1.44],1.3125438850498756e-18
IL18R1,Interleukin-18 receptor 1,Chapter XIV Diseases of the genitourinary system,Glomerular disorders in diseases classified elsewhere,23134,98,4.73 [3.00-7.44],2.01358610235904e-11
IL18R1,Interleukin-18 receptor 1,Chapter XIV Diseases of the genitourinary system,Hydrocele,8261,120,0.84 [0.51-1.37],0.4787291630738205
IL18R1,Interleukin-18 receptor 1,Chapter XIV Diseases of the genitourinary system,Hydronephrosis,19665,357,1.33 [1.00-1.77],0.0468461459481162
IL18R1,Interleukin-18 receptor 1,Chapter XIV Diseases of the genitourinary system,Hyperplasia of prostate,9998,1857,1.10 [0.97-1.24],0.1304899963638497
IL18R1,Interleukin-18 receptor 1,Chapter XIV Diseases of the genitourinary system,Inflammatory diseases of female pelvic organs,12053,161,1.38 [0.92-2.08],0.1211357713830006
IL18R1,Interleukin-18 receptor 1,Chapter XIV Diseases of the genitourinary system,Inflammatory diseases of prostate (prostatitis),8269,128,0.76 [0.47-1.24],0.2733988304198087
IL18R1,Interleukin-18 receptor 1,Chapter XIV Diseases of the genitourinary system,Neuromuscular dysfunction of bladder,19284,89,1.65 [0.94-2.87],0.0786420713977753
IL18R1,Interleukin-18 receptor 1,Chapter XIV Diseases of the genitourinary system,Noninflammatory disorders of female genital tract,10392,1045,1.18 [1.00-1.39],0.046993658676237
IL18R1,Interleukin-18 receptor 1,Chapter XIV Diseases of the genitourinary system,Orchitis and epididymitis,8203,62,1.14 [0.58-2.23],0.7018298289163335
IL18R1,Interleukin-18 receptor 1,Chapter XIV Diseases of the genitourinary system,Other abnormal uterine and vaginal bleeding,9386,39,1.44 [0.65-3.22],0.37211375913467
IL18R1,Interleukin-18 receptor 1,Chapter XIV Diseases of the genitourinary system,"Other chronic cystitis, drug-induced",23390,89,1.38 [0.79-2.41],0.2525088136475967
IL18R1,Interleukin-18 receptor 1,Chapter XIV Diseases of the genitourinary system,"Other cystitis, drug-induced",23392,86,1.03 [0.58-1.83],0.9179440258056532
IL18R1,Interleukin-18 receptor 1,Chapter XIV Diseases of the genitourinary system,Other diseases of urinary system,22190,2995,1.50 [1.36-1.65],1.2404990220564292e-16
IL18R1,Interleukin-18 receptor 1,Chapter XIV Diseases of the genitourinary system,Other disorders of  bladder,20151,956,1.32 [1.11-1.57],0.0014554668977978
IL18R1,Interleukin-18 receptor 1,Chapter XIV Diseases of the genitourinary system,Other disorders of breast,11904,50,1.45 [0.70-2.98],0.3156679666556953
IL18R1,Interleukin-18 receptor 1,Chapter XIV Diseases of the genitourinary system,Other disorders of kidney and ureter,23316,636,1.63 [1.32-2.00],3.51856582036321e-06
IL18R1,Interleukin-18 receptor 1,Chapter XIV Diseases of the genitourinary system,Other disorders of male genital organs,8297,156,0.70 [0.45-1.08],0.1079259112060417
IL18R1,Interleukin-18 receptor 1,Chapter XIV Diseases of the genitourinary system,Other disorders of penis,8300,159,1.26 [0.83-1.90],0.2750786059150192
IL18R1,Interleukin-18 receptor 1,Chapter XIV Diseases of the genitourinary system,Other disorders of prostate,8295,154,0.59 [0.38-0.91],0.0180972285552303
IL18R1,Interleukin-18 receptor 1,Chapter XIV Diseases of the genitourinary system,Other disorders of the genitourinary system,23363,87,2.25 [1.31-3.87],0.0034553432206681
IL18R1,Interleukin-18 receptor 1,Chapter XIV Diseases of the genitourinary system,Other disorders of urethra and urinary system,21574,2379,1.66 [1.50-1.85],1.2337094918114115e-20
IL18R1,Interleukin-18 receptor 1,Chapter XIV Diseases of the genitourinary system,Other female pelvic inflammatory diseases,11975,83,1.08 [0.60-1.92],0.8042734551086634
IL18R1,Interleukin-18 receptor 1,Chapter XIV Diseases of the genitourinary system,Other noninflammatory disorders of cervix uteri,9416,69,0.80 [0.42-1.52],0.4917111573767242
IL18R1,Interleukin-18 receptor 1,Chapter XIV Diseases of the genitourinary system,"Other noninflammatory disorders of uterus, except cervix",9489,142,0.97 [0.62-1.51],0.8994451029168178
IL18R1,Interleukin-18 receptor 1,Chapter XIV Diseases of the genitourinary system,Other noninflammatory disorders of vagina,9398,51,1.01 [0.48-2.14],0.9794264001549724
IL18R1,Interleukin-18 receptor 1,Chapter XIV Diseases of the genitourinary system,Other noninflammatory disorders of vulva and perineum,9450,103,0.65 [0.38-1.12],0.1220472195129387
IL18R1,Interleukin-18 receptor 1,Chapter XIV Diseases of the genitourinary system,Other obstructive and reflux uropathy,19729,421,1.34 [1.03-1.74],0.0271134396488514
IL18R1,Interleukin-18 receptor 1,Chapter XIV Diseases of the genitourinary system,Other specified disorders of kidney and ureter,22885,205,1.71 [1.19-2.45],0.0037588010987031
IL18R1,Interleukin-18 receptor 1,Chapter XIV Diseases of the genitourinary system,Ovarian cyst,9472,125,0.58 [0.35-0.94],0.0275833943923357
IL18R1,Interleukin-18 receptor 1,Chapter XIV Diseases of the genitourinary system,Pain and other conditions associated with female genital organs and menstrual cycle,9372,25,0.83 [0.28-2.45],0.7387317536914468
IL18R1,Interleukin-18 receptor 1,Chapter XIV Diseases of the genitourinary system,Polyp of the female genital tract,9560,213,1.07 [0.75-1.52],0.7147789927681398
IL18R1,Interleukin-18 receptor 1,Chapter XIV Diseases of the genitourinary system,Postmenopausal atrophic vaginitis,9442,95,1.39 [0.81-2.40],0.2334977620055222
IL18R1,Interleukin-18 receptor 1,Chapter XIV Diseases of the genitourinary system,Postmenopausal bleeding,9558,211,1.42 [1.00-2.03],0.0486830001178742
IL18R1,Interleukin-18 receptor 1,Chapter XIV Diseases of the genitourinary system,Recurrent and persistent haematuria,23083,47,0.58 [0.26-1.30],0.1855391394791783
IL18R1,Interleukin-18 receptor 1,Chapter XIV Diseases of the genitourinary system,"Redundant prepuce, phimosis and paraphimosis",8298,157,1.70 [1.13-2.55],0.0109235362745363
IL18R1,Interleukin-18 receptor 1,Chapter XIV Diseases of the genitourinary system,Renal tubulo-interstitial diseases,23109,3801,1.70 [1.56-1.85],7.694712250462832e-35
IL18R1,Interleukin-18 receptor 1,Chapter XIV Diseases of the genitourinary system,"Tubulo-interstitial nephritis, not specified as acute or chronic",19404,96,2.72 [1.62-4.55],0.0001440233124391
IL18R1,Interleukin-18 receptor 1,Chapter XIV Diseases of the genitourinary system,Unspecified kidney failure,19778,183,2.69 [1.86-3.89],1.53088440669277e-07
IL18R1,Interleukin-18 receptor 1,Chapter XIV Diseases of the genitourinary system,Unspecified renal colic,22793,40,1.67 [0.75-3.69],0.2079880538459893
IL18R1,Interleukin-18 receptor 1,Chapter XIV Diseases of the genitourinary system,Urethral stricture,19466,271,1.49 [1.08-2.05],0.0155914740739912
IL18R1,Interleukin-18 receptor 1,Chapter XIV Diseases of the genitourinary system,Urolithiasis,23157,404,1.58 [1.22-2.04],0.0005387153368742
IL18R1,Interleukin-18 receptor 1,Chapter XIV Diseases of the genitourinary system,Uterine polyps,9383,36,1.20 [0.51-2.79],0.6802888386128478
