Protein,Protein_definition,Disease_category,Disease,NB_individual,NB_case,HR[95%CI],P_value
BPIFB2,BPI fold-containing family B member 2,Chapter I Certain infectious and parasitic diseases,"Bacterial infection, other or unspecified",19004,153,1.00 [0.80-1.24],0.9827681826649444
BPIFB2,BPI fold-containing family B member 2,Chapter I Certain infectious and parasitic diseases,"Bacterial intestinal infections, IBD co-morbidities",19982,205,1.06 [0.88-1.27],0.5665065054354179
BPIFB2,BPI fold-containing family B member 2,Chapter I Certain infectious and parasitic diseases,"Bacterial, viral and other infectious agents",19750,1437,1.08 [1.01-1.16],0.0288971382767467
BPIFB2,BPI fold-containing family B member 2,Chapter I Certain infectious and parasitic diseases,Candidiasis,19995,455,1.03 [0.91-1.18],0.6123018092998531
BPIFB2,BPI fold-containing family B member 2,Chapter I Certain infectious and parasitic diseases,Certain infectious and parasitic diseases,19348,3529,1.07 [1.02-1.12],0.0031212673385853
BPIFB2,BPI fold-containing family B member 2,Chapter I Certain infectious and parasitic diseases,Condition for Implicit Sepsis (Organ dysfunction codes),19314,3575,1.02 [0.98-1.07],0.3194271872485807
BPIFB2,BPI fold-containing family B member 2,Chapter I Certain infectious and parasitic diseases,Diarrhoea and gastroenteritis of presumed infectious origin,19747,1187,1.06 [0.98-1.14],0.1553197077344638
BPIFB2,BPI fold-containing family B member 2,Chapter I Certain infectious and parasitic diseases,Enterocolitis due to Clostridium difficile,19911,111,0.94 [0.72-1.22],0.6213386384019514
BPIFB2,BPI fold-containing family B member 2,Chapter I Certain infectious and parasitic diseases,Explicit Sepsis,17647,1052,1.13 [1.04-1.23],0.0030539534626377
BPIFB2,BPI fold-containing family B member 2,Chapter I Certain infectious and parasitic diseases,Implicit bacterial Sepsis,17002,1262,1.11 [1.03-1.20],0.0065941704165581
BPIFB2,BPI fold-containing family B member 2,Chapter I Certain infectious and parasitic diseases,Implicit fungal Sepsis,16652,274,1.12 [0.96-1.32],0.1585447740613113
BPIFB2,BPI fold-containing family B member 2,Chapter I Certain infectious and parasitic diseases,Implicit Sepsis,13047,2267,1.02 [0.96-1.08],0.5095951069987197
BPIFB2,BPI fold-containing family B member 2,Chapter I Certain infectious and parasitic diseases,Implicit viral Sepsis,16600,405,1.29 [1.13-1.46],8.502218510776467e-05
BPIFB2,BPI fold-containing family B member 2,Chapter I Certain infectious and parasitic diseases,Intestinal infectious diseases,19965,1405,1.08 [1.00-1.15],0.0464406094528424
BPIFB2,BPI fold-containing family B member 2,Chapter I Certain infectious and parasitic diseases,Mycoses,20067,527,1.06 [0.94-1.19],0.3663494707548592
BPIFB2,BPI fold-containing family B member 2,Chapter I Certain infectious and parasitic diseases,Other bacterial agents as the cause of diseases classified to other chapters,19325,1012,1.08 [0.99-1.17],0.0725962065575212
BPIFB2,BPI fold-containing family B member 2,Chapter I Certain infectious and parasitic diseases,Other bacterial diseases,20014,1163,1.12 [1.03-1.21],0.0063451077379089
BPIFB2,BPI fold-containing family B member 2,Chapter I Certain infectious and parasitic diseases,Other bacterial intestinal infections,18765,205,1.06 [0.88-1.27],0.5541095858425329
BPIFB2,BPI fold-containing family B member 2,Chapter I Certain infectious and parasitic diseases,Other infectious diseases,20118,52,1.31 [0.92-1.86],0.1371052681858728
BPIFB2,BPI fold-containing family B member 2,Chapter I Certain infectious and parasitic diseases,Other septicaemia,19864,1013,1.13 [1.04-1.23],0.0050309132131169
BPIFB2,BPI fold-containing family B member 2,Chapter I Certain infectious and parasitic diseases,Other specified/unspecified bacterial intestinal infections,19862,62,1.18 [0.86-1.63],0.3085816628306388
BPIFB2,BPI fold-containing family B member 2,Chapter I Certain infectious and parasitic diseases,Other viral diseases,20063,115,1.10 [0.86-1.40],0.4606963708665607
BPIFB2,BPI fold-containing family B member 2,Chapter I Certain infectious and parasitic diseases,"Other viral diseases, not elsewhere classified",20048,100,1.15 [0.89-1.49],0.2754271075181933
BPIFB2,BPI fold-containing family B member 2,Chapter I Certain infectious and parasitic diseases,Streptococcus and staphylococcus as the cause of diseases classified to other chapters,18701,388,1.05 [0.91-1.20],0.5096663102071144
BPIFB2,BPI fold-containing family B member 2,Chapter I Certain infectious and parasitic diseases,Viral agents as the cause of diseases classified to other chapters,18571,258,1.16 [0.99-1.37],0.0666415638865932
BPIFB2,BPI fold-containing family B member 2,Chapter I Certain infectious and parasitic diseases,Viral and other specified intestinal infections,18664,104,1.28 [1.00-1.64],0.0457023653251342
BPIFB2,BPI fold-containing family B member 2,Chapter I Certain infectious and parasitic diseases,Viral hepatitis,20103,48,1.03 [0.69-1.55],0.8667171366832638
BPIFB2,BPI fold-containing family B member 2,Chapter I Certain infectious and parasitic diseases,Viral infections characterized by skin and mucous membrane lesions,20058,154,1.32 [1.08-1.62],0.0067254331764872
BPIFB2,BPI fold-containing family B member 2,Chapter I Certain infectious and parasitic diseases,Viral warts,19954,50,1.32 [0.92-1.90],0.1337900387366904
BPIFB2,BPI fold-containing family B member 2,Chapter I Certain infectious and parasitic diseases,Zoster [herpes zoster],19977,73,1.37 [1.03-1.82],0.0311776295446078
BPIFB2,BPI fold-containing family B member 2,Chapter II Neoplasms,Benign lipomatous neoplasm,19870,226,0.85 [0.69-1.03],0.0979839088461909
BPIFB2,BPI fold-containing family B member 2,Chapter II Neoplasms,Benign lipomatous neoplasm of skin and subcutaneous tissue of limbs,20045,38,0.89 [0.56-1.43],0.636196167008756
BPIFB2,BPI fold-containing family B member 2,Chapter II Neoplasms,Benign lipomatous neoplasm of skin and subcutaneous tissue of trunk,20029,41,0.86 [0.56-1.33],0.4972949288452173
BPIFB2,BPI fold-containing family B member 2,Chapter II Neoplasms,Benign lipomatous neoplasm of spermatic cord,9515,69,0.74 [0.49-1.11],0.1469556039769119
BPIFB2,BPI fold-containing family B member 2,Chapter II Neoplasms,"Benign neoplasm of colon, rectum, anus and anal canal",19723,1447,0.97 [0.90-1.05],0.4279181316838751
BPIFB2,BPI fold-containing family B member 2,Chapter II Neoplasms,Benign neoplasm of meninges,20104,56,1.53 [1.12-2.09],0.0070699240522747
BPIFB2,BPI fold-containing family B member 2,Chapter II Neoplasms,Benign neoplasm of other and ill-defined parts of digestive system,20036,70,1.10 [0.80-1.51],0.5657271194673125
BPIFB2,BPI fold-containing family B member 2,Chapter II Neoplasms,Benign neoplasm of other and unspecified endocrine glands,20094,102,0.94 [0.72-1.22],0.637515727810353
BPIFB2,BPI fold-containing family B member 2,Chapter II Neoplasms,Benign neoplasm of ovary,10552,65,1.33 [0.98-1.79],0.0630247653853266
BPIFB2,BPI fold-containing family B member 2,Chapter II Neoplasms,Benign neoplasm: Ascending colon,20083,391,0.99 [0.86-1.15],0.928522701749772
BPIFB2,BPI fold-containing family B member 2,Chapter II Neoplasms,Benign neoplasm: Caecum,20095,334,1.00 [0.86-1.17],0.9881331584620916
BPIFB2,BPI fold-containing family B member 2,Chapter II Neoplasms,"Benign neoplasm: Colon, unspecified",19994,71,0.93 [0.66-1.30],0.6668351966998198
BPIFB2,BPI fold-containing family B member 2,Chapter II Neoplasms,Benign neoplasm: Descending colon,20082,224,0.98 [0.81-1.19],0.8652812532745784
BPIFB2,BPI fold-containing family B member 2,Chapter II Neoplasms,Benign neoplasm: Rectum,20039,358,0.80 [0.68-0.94],0.0069861999857126
BPIFB2,BPI fold-containing family B member 2,Chapter II Neoplasms,Benign neoplasm: Sigmoid colon,19982,603,0.97 [0.86-1.09],0.5901252701294524
BPIFB2,BPI fold-containing family B member 2,Chapter II Neoplasms,Benign neoplasm: Transverse colon,20074,461,0.97 [0.85-1.11],0.6591950052180361
BPIFB2,BPI fold-containing family B member 2,Chapter II Neoplasms,Carcinoma in situ of breast,7933,45,0.74 [0.48-1.13],0.162241227755419
BPIFB2,BPI fold-containing family B member 2,Chapter II Neoplasms,"Carcinoma in situ of breast, intraductal",7966,55,1.20 [0.87-1.67],0.2665261016453252
BPIFB2,BPI fold-containing family B member 2,Chapter II Neoplasms,"Chronic lymphocytic leukaemia and small lyphocytis leukaemia, excluding all cancers (controls excluding all cancers)",14402,63,0.80 [0.54-1.18],0.2654740370916086
BPIFB2,BPI fold-containing family B member 2,Chapter II Neoplasms,"Diffuse large B-cell lymphoma, excluding all cancers (controls excluding all cancers)",14422,83,1.01 [0.74-1.38],0.9630368464785544
BPIFB2,BPI fold-containing family B member 2,Chapter II Neoplasms,"Haemangioma and lymphangioma, any site",20065,110,0.93 [0.70-1.22],0.5772353024271731
BPIFB2,BPI fold-containing family B member 2,Chapter II Neoplasms,"Haemangioma, any site",20066,107,0.91 [0.69-1.20],0.5019062810364672
BPIFB2,BPI fold-containing family B member 2,Chapter II Neoplasms,Leiomyoma of uterus,10311,150,0.93 [0.74-1.16],0.5110217982796081
BPIFB2,BPI fold-containing family B member 2,Chapter II Neoplasms,Lung cancer and mesothelioma,12826,436,1.08 [0.95-1.23],0.2634243432795844
BPIFB2,BPI fold-containing family B member 2,Chapter II Neoplasms,Lymphoid leukaemia,14404,65,0.76 [0.52-1.13],0.1733884349992211
BPIFB2,BPI fold-containing family B member 2,Chapter II Neoplasms,"Malignant melanoma of skin, excluding all cancers (controls excluding all cancers)",14530,191,1.02 [0.83-1.26],0.8211454930153037
BPIFB2,BPI fold-containing family B member 2,Chapter II Neoplasms,"Malignant neoplasm of bladder, excluding all cancers (controls excluding all cancers)",14602,263,0.88 [0.73-1.07],0.1967278467515905
BPIFB2,BPI fold-containing family B member 2,Chapter II Neoplasms,"Malignant neoplasm of corpus uteri, excluding all cancers (controls excluding all cancers)",8049,99,0.97 [0.75-1.25],0.8143245752491871
BPIFB2,BPI fold-containing family B member 2,Chapter II Neoplasms,"Malignant neoplasm of intrahepatic ducts, biliary tract and gallbladder, excluding all cancers (controls excluding all cancers)",14437,98,1.01 [0.77-1.33],0.9400147778907224
BPIFB2,BPI fold-containing family B member 2,Chapter II Neoplasms,"Malignant neoplasm of kidney, except renal pelvis, excluding all cancers (controls excluding all cancers)",14463,124,1.00 [0.77-1.28],0.9795307188200512
BPIFB2,BPI fold-containing family B member 2,Chapter II Neoplasms,"Malignant neoplasm of oesophagus, excluding all cancers (controls excluding all cancers)",14450,111,1.31 [1.03-1.68],0.0283055643181362
BPIFB2,BPI fold-containing family B member 2,Chapter II Neoplasms,"Malignant neoplasm of ovary, excluding all cancers (controls excluding all cancers)",8031,81,1.11 [0.84-1.47],0.4656547687036745
BPIFB2,BPI fold-containing family B member 2,Chapter II Neoplasms,"Malignant neoplasm of pancreas, excluding all cancers (controls excluding all cancers)",14448,109,0.98 [0.76-1.27],0.8832218828356644
BPIFB2,BPI fold-containing family B member 2,Chapter II Neoplasms,"Malignant neoplasm of prostate, excluding all cancers (controls excluding all cancers)",7213,824,1.02 [0.92-1.13],0.7186477866788893
BPIFB2,BPI fold-containing family B member 2,Chapter II Neoplasms,"Malignant neoplasm of rectum, excluding all cancers (controls excluding all cancers)",14454,115,1.06 [0.81-1.38],0.6734360611319898
BPIFB2,BPI fold-containing family B member 2,Chapter II Neoplasms,"Malignant neoplasm of stomach, excluding all cancers (controls excluding all cancers)",14420,81,1.35 [1.01-1.80],0.0443219939927852
BPIFB2,BPI fold-containing family B member 2,Chapter II Neoplasms,Malignant neoplasms of independent (primary) multiple sites,14459,120,0.97 [0.74-1.27],0.828845200770592
BPIFB2,BPI fold-containing family B member 2,Chapter II Neoplasms,Melanocytic naevi,19992,163,1.01 [0.81-1.26],0.9372187841369204
BPIFB2,BPI fold-containing family B member 2,Chapter II Neoplasms,Melanocytic naevi of trunk,20093,67,0.87 [0.60-1.26],0.4619171031337404
BPIFB2,BPI fold-containing family B member 2,Chapter II Neoplasms,Melanoma in situ,14386,99,1.18 [0.90-1.55],0.2361330835539555
BPIFB2,BPI fold-containing family B member 2,Chapter II Neoplasms,"Non-follicular lymphoma, hilmo, excluding all cancers",14443,104,1.05 [0.79-1.38],0.7520472419617015
BPIFB2,BPI fold-containing family B member 2,Chapter II Neoplasms,"Non-Hodgkin lymphoma, all, excluding all cancers (controls excluding all cancers)",14513,174,0.96 [0.78-1.20],0.7428897016781548
BPIFB2,BPI fold-containing family B member 2,Chapter II Neoplasms,"Non-small cell lung cancer, excluding all cancers (controls excluding all cancers)",14641,302,0.98 [0.83-1.15],0.7879500088483171
BPIFB2,BPI fold-containing family B member 2,Chapter II Neoplasms,"Other and unspecified types of non-Hodgkin lymphoma, hilmo, excluding all cancers",14453,114,0.95 [0.72-1.24],0.683770798913508
BPIFB2,BPI fold-containing family B member 2,Chapter II Neoplasms,Other benign neoplasms of skin,19968,148,0.86 [0.67-1.09],0.2160107248117198
BPIFB2,BPI fold-containing family B member 2,Chapter II Neoplasms,"Other malignant neoplasms of skin (=non-melanoma skin cancer), excluding all cancers (controls excluding all cancers)",15616,1277,1.00 [0.92-1.09],0.986489899237139
BPIFB2,BPI fold-containing family B member 2,Chapter II Neoplasms,"Squamous cell neoplasms and carcinomas of the skin, excluding all cancers (controls excluding all cancers)",15683,1344,0.99 [0.92-1.07],0.8533168042839505
BPIFB2,BPI fold-containing family B member 2,Chapter III Diseases of the blood and blood-forming organs and certain disorders involving the immune mechanism,Agranulocytosis,19856,328,1.05 [0.90-1.22],0.5574292135123545
BPIFB2,BPI fold-containing family B member 2,Chapter III Diseases of the blood and blood-forming organs and certain disorders involving the immune mechanism,Anaemia in chronic diseases classified elsewhere,18189,111,1.48 [1.19-1.85],0.000536901509393
BPIFB2,BPI fold-containing family B member 2,Chapter III Diseases of the blood and blood-forming organs and certain disorders involving the immune mechanism,Diseases of spleen,19591,63,1.10 [0.79-1.54],0.5571171553451265
BPIFB2,BPI fold-containing family B member 2,Chapter III Diseases of the blood and blood-forming organs and certain disorders involving the immune mechanism,Diseases of the blood and blood-forming organs and certain disorders involving the immune mechanism,19500,2936,1.10 [1.05-1.16],0.000129891450113
BPIFB2,BPI fold-containing family B member 2,Chapter III Diseases of the blood and blood-forming organs and certain disorders involving the immune mechanism,Folate deficiency anaemia,18696,62,1.02 [0.71-1.46],0.90338758051425
BPIFB2,BPI fold-containing family B member 2,Chapter III Diseases of the blood and blood-forming organs and certain disorders involving the immune mechanism,Idiopathic thrombocytopenic purpura,19722,59,1.14 [0.81-1.61],0.4378869101290686
BPIFB2,BPI fold-containing family B member 2,Chapter III Diseases of the blood and blood-forming organs and certain disorders involving the immune mechanism,Other anaemias,19709,1631,1.06 [0.99-1.13],0.0900697416162752
BPIFB2,BPI fold-containing family B member 2,Chapter III Diseases of the blood and blood-forming organs and certain disorders involving the immune mechanism,Other and unspecified anaemias,19707,1629,1.06 [0.99-1.13],0.1001226427969434
BPIFB2,BPI fold-containing family B member 2,Chapter III Diseases of the blood and blood-forming organs and certain disorders involving the immune mechanism,Other and unspecified aplastic anaemias,18175,97,1.10 [0.83-1.46],0.5093671007673828
BPIFB2,BPI fold-containing family B member 2,Chapter III Diseases of the blood and blood-forming organs and certain disorders involving the immune mechanism,Other and unspecified iron deficiency,19816,1182,1.15 [1.07-1.24],0.0002304765445688
BPIFB2,BPI fold-containing family B member 2,Chapter III Diseases of the blood and blood-forming organs and certain disorders involving the immune mechanism,Other coagulation defects,19765,102,1.01 [0.77-1.33],0.9389010455067396
BPIFB2,BPI fold-containing family B member 2,Chapter III Diseases of the blood and blood-forming organs and certain disorders involving the immune mechanism,Other diseases of blood and blood-forming organs,19588,60,1.04 [0.74-1.47],0.8214641768848433
BPIFB2,BPI fold-containing family B member 2,Chapter III Diseases of the blood and blood-forming organs and certain disorders involving the immune mechanism,Other disorders of white blood cells,19598,70,0.86 [0.60-1.24],0.4236190063137174
BPIFB2,BPI fold-containing family B member 2,Chapter III Diseases of the blood and blood-forming organs and certain disorders involving the immune mechanism,Purpura and other haemorrhagic conditions,19959,296,1.10 [0.94-1.29],0.2274838080625518
BPIFB2,BPI fold-containing family B member 2,Chapter III Diseases of the blood and blood-forming organs and certain disorders involving the immune mechanism,Sarcoidosis,20011,32,1.02 [0.62-1.67],0.948716192117008
BPIFB2,BPI fold-containing family B member 2,Chapter III Diseases of the blood and blood-forming organs and certain disorders involving the immune mechanism,"Thrombocytopenia, unspecified",19904,241,1.05 [0.88-1.25],0.5856191422611502
BPIFB2,BPI fold-containing family B member 2,Chapter III Diseases of the blood and blood-forming organs and certain disorders involving the immune mechanism,Vitamin B12 deficiency anaemia,18748,114,0.93 [0.72-1.21],0.603119480444482
BPIFB2,BPI fold-containing family B member 2,"Chapter IV Endocrine, nutritional and metabolic diseases",Acidosis,13630,341,1.12 [0.97-1.30],0.1117937084065297
BPIFB2,BPI fold-containing family B member 2,"Chapter IV Endocrine, nutritional and metabolic diseases",Acute alcohol intoxication,18827,88,0.75 [0.53-1.06],0.1003561193913838
BPIFB2,BPI fold-containing family B member 2,"Chapter IV Endocrine, nutritional and metabolic diseases",Alcohol dependence,18833,94,0.82 [0.60-1.14],0.234563581764295
BPIFB2,BPI fold-containing family B member 2,"Chapter IV Endocrine, nutritional and metabolic diseases",Alkalosis,13349,60,0.99 [0.69-1.43],0.9591771973122594
BPIFB2,BPI fold-containing family B member 2,"Chapter IV Endocrine, nutritional and metabolic diseases",Bipolar affective disorders,18737,44,0.59 [0.36-0.97],0.0365982971733234
BPIFB2,BPI fold-containing family B member 2,"Chapter IV Endocrine, nutritional and metabolic diseases",Deficiency of other B group vitamins,18101,272,1.05 [0.90-1.24],0.5313184309350488
BPIFB2,BPI fold-containing family B member 2,"Chapter IV Endocrine, nutritional and metabolic diseases","Delirium, not induced by alcohol and other psychoactive substances",19470,767,0.95 [0.86-1.06],0.3694123530625038
BPIFB2,BPI fold-containing family B member 2,"Chapter IV Endocrine, nutritional and metabolic diseases",Dementia in Alzheimer disease,19117,414,0.76 [0.65-0.88],0.0003913280470183
BPIFB2,BPI fold-containing family B member 2,"Chapter IV Endocrine, nutritional and metabolic diseases",Dementia in other diseases classified elsewhere,18851,148,1.10 [0.87-1.39],0.4319941907553076
BPIFB2,BPI fold-containing family B member 2,"Chapter IV Endocrine, nutritional and metabolic diseases",Depression,19891,1198,0.99 [0.92-1.08],0.877712283662812
BPIFB2,BPI fold-containing family B member 2,"Chapter IV Endocrine, nutritional and metabolic diseases",Depression or dysthymia,17033,1168,1.00 [0.92-1.08],0.9522734068279596
BPIFB2,BPI fold-containing family B member 2,"Chapter IV Endocrine, nutritional and metabolic diseases","Disorder of lipoprotein metabolism, unspecified",13358,69,0.95 [0.67-1.34],0.7523911160319515
BPIFB2,BPI fold-containing family B member 2,"Chapter IV Endocrine, nutritional and metabolic diseases","Disorder of thyroid, unspecified",18177,86,1.30 [1.00-1.69],0.0491269109628543
BPIFB2,BPI fold-containing family B member 2,"Chapter IV Endocrine, nutritional and metabolic diseases",Disorders of calcium metabolism,13596,307,1.14 [0.98-1.32],0.0909145513010742
BPIFB2,BPI fold-containing family B member 2,"Chapter IV Endocrine, nutritional and metabolic diseases",Disorders of iron metabolism,13339,50,1.13 [0.77-1.68],0.5301348662632079
BPIFB2,BPI fold-containing family B member 2,"Chapter IV Endocrine, nutritional and metabolic diseases",Disorders of lipoprotein metabolism and other lipidaemias,17211,3922,1.03 [0.98-1.08],0.2091310584401817
BPIFB2,BPI fold-containing family B member 2,"Chapter IV Endocrine, nutritional and metabolic diseases",Disorders of magnesium metabolism,13521,232,1.02 [0.85-1.21],0.8623470138665376
BPIFB2,BPI fold-containing family B member 2,"Chapter IV Endocrine, nutritional and metabolic diseases",Disorders of mineral metabolism,13890,601,1.05 [0.94-1.18],0.3593939460914358
BPIFB2,BPI fold-containing family B member 2,"Chapter IV Endocrine, nutritional and metabolic diseases",Disorders of other endocrine glands,20069,307,1.08 [0.93-1.25],0.3385248424793305
BPIFB2,BPI fold-containing family B member 2,"Chapter IV Endocrine, nutritional and metabolic diseases",Disorders of parathyroid gland,19885,123,1.10 [0.88-1.38],0.4129157600623826
BPIFB2,BPI fold-containing family B member 2,"Chapter IV Endocrine, nutritional and metabolic diseases",Disorders of phosphorus metabolism and phosphatases,13417,128,1.12 [0.87-1.42],0.3803625311957327
BPIFB2,BPI fold-containing family B member 2,"Chapter IV Endocrine, nutritional and metabolic diseases","Disorders of plasma-protein metabolism, not elsewhere classified",13357,68,1.06 [0.76-1.49],0.7335882430258113
BPIFB2,BPI fold-containing family B member 2,"Chapter IV Endocrine, nutritional and metabolic diseases",Disorders of the thyroid gland,19572,1481,1.07 [1.00-1.15],0.0393763239386119
BPIFB2,BPI fold-containing family B member 2,"Chapter IV Endocrine, nutritional and metabolic diseases",Fluid overload,13601,312,0.95 [0.81-1.11],0.5096500700797635
BPIFB2,BPI fold-containing family B member 2,"Chapter IV Endocrine, nutritional and metabolic diseases",Hyperkalaemia,13614,325,1.11 [0.96-1.28],0.1770636271807646
BPIFB2,BPI fold-containing family B member 2,"Chapter IV Endocrine, nutritional and metabolic diseases","Hyperlipidaemia, other/unspecified",14021,732,1.05 [0.95-1.16],0.3493203176355501
BPIFB2,BPI fold-containing family B member 2,"Chapter IV Endocrine, nutritional and metabolic diseases",Hyperosmolality and hypernatraemia,13421,132,0.90 [0.70-1.17],0.4335709869853109
BPIFB2,BPI fold-containing family B member 2,"Chapter IV Endocrine, nutritional and metabolic diseases",Hyperparathyroidism,19880,118,1.08 [0.86-1.36],0.512848146643702
BPIFB2,BPI fold-containing family B member 2,"Chapter IV Endocrine, nutritional and metabolic diseases",Hypo-osmolality and hyponatraemia,14045,756,1.02 [0.92-1.13],0.6576792096494006
BPIFB2,BPI fold-containing family B member 2,"Chapter IV Endocrine, nutritional and metabolic diseases",Hypokalaemia,13844,555,1.04 [0.93-1.17],0.4927231381627716
BPIFB2,BPI fold-containing family B member 2,"Chapter IV Endocrine, nutritional and metabolic diseases",Iron deficiency,17889,60,1.26 [0.91-1.73],0.1611203925459755
BPIFB2,BPI fold-containing family B member 2,"Chapter IV Endocrine, nutritional and metabolic diseases",Metabolic disorders,18790,5501,1.04 [1.00-1.08],0.0391822840602926
BPIFB2,BPI fold-containing family B member 2,"Chapter IV Endocrine, nutritional and metabolic diseases",Nontoxic multinodular goitre,18141,50,1.31 [0.94-1.83],0.1138703584847515
BPIFB2,BPI fold-containing family B member 2,"Chapter IV Endocrine, nutritional and metabolic diseases",Nontoxic single thyroid nodule,18138,47,1.05 [0.71-1.55],0.7995998959417285
BPIFB2,BPI fold-containing family B member 2,"Chapter IV Endocrine, nutritional and metabolic diseases",Obesity,19971,1597,1.04 [0.98-1.11],0.1938401479242888
BPIFB2,BPI fold-containing family B member 2,"Chapter IV Endocrine, nutritional and metabolic diseases","Obesity, other/unspecified",19969,1595,1.04 [0.98-1.11],0.1739393483459725
BPIFB2,BPI fold-containing family B member 2,"Chapter IV Endocrine, nutritional and metabolic diseases",Other and/or unspecified nontoxic goitre,18144,53,1.23 [0.88-1.71],0.2327242378562463
BPIFB2,BPI fold-containing family B member 2,"Chapter IV Endocrine, nutritional and metabolic diseases",Other anxiety disorders,19813,981,1.01 [0.92-1.10],0.8761471098765871
BPIFB2,BPI fold-containing family B member 2,"Chapter IV Endocrine, nutritional and metabolic diseases","Other disorders of fluid, electrolyte and acid-base balance",15159,1870,1.03 [0.96-1.09],0.4116533234976081
BPIFB2,BPI fold-containing family B member 2,"Chapter IV Endocrine, nutritional and metabolic diseases",Other disorders of glucose regulation and pancreatic internal secretion,20107,251,1.03 [0.88-1.22],0.7043686557694409
BPIFB2,BPI fold-containing family B member 2,"Chapter IV Endocrine, nutritional and metabolic diseases",Other mental disorders due to brain damage and dysfunction and to physical disease,18800,97,1.13 [0.86-1.48],0.3868628787680555
BPIFB2,BPI fold-containing family B member 2,"Chapter IV Endocrine, nutritional and metabolic diseases",Panic disorder,18934,102,0.98 [0.75-1.29],0.892187569467069
BPIFB2,BPI fold-containing family B member 2,"Chapter IV Endocrine, nutritional and metabolic diseases",Phobic anxiety disorders,18976,144,1.15 [0.93-1.42],0.2043088227966648
BPIFB2,BPI fold-containing family B member 2,"Chapter IV Endocrine, nutritional and metabolic diseases","Postprocedural endocrine and metabolic disorders, not elsewhere classified",13452,163,1.14 [0.93-1.40],0.1982363395040238
BPIFB2,BPI fold-containing family B member 2,"Chapter IV Endocrine, nutritional and metabolic diseases",Type 1 diabetes without complications,17729,157,0.87 [0.70-1.08],0.2013156079841955
BPIFB2,BPI fold-containing family B member 2,"Chapter IV Endocrine, nutritional and metabolic diseases",Type 2 diabetes with neurological complications,2134,84,0.95 [0.72-1.26],0.7404905980954991
BPIFB2,BPI fold-containing family B member 2,"Chapter IV Endocrine, nutritional and metabolic diseases",Type 2 diabetes with ophthalmic complications,2269,252,0.90 [0.76-1.06],0.1929455759215372
BPIFB2,BPI fold-containing family B member 2,"Chapter IV Endocrine, nutritional and metabolic diseases",Type 2 diabetes with peripheral circulatory complications,17642,70,0.92 [0.67-1.28],0.6337883500098537
BPIFB2,BPI fold-containing family B member 2,"Chapter IV Endocrine, nutritional and metabolic diseases",Type 2 diabetes with renal complications,2100,51,0.89 [0.63-1.28],0.5413227413492216
BPIFB2,BPI fold-containing family B member 2,"Chapter IV Endocrine, nutritional and metabolic diseases",Type 2 diabetes without complications,19420,1848,1.24 [1.17-1.32],1.1662060340551344e-13
BPIFB2,BPI fold-containing family B member 2,"Chapter IV Endocrine, nutritional and metabolic diseases",Unspecified dementia,19210,507,0.88 [0.77-1.00],0.0572065373443018
BPIFB2,BPI fold-containing family B member 2,"Chapter IV Endocrine, nutritional and metabolic diseases",Vitamin D deficiency,18202,373,1.05 [0.91-1.20],0.5118597851589688
BPIFB2,BPI fold-containing family B member 2,"Chapter IV Endocrine, nutritional and metabolic diseases",Volume depletion,14199,910,1.12 [1.02-1.22],0.0141908590166854
BPIFB2,BPI fold-containing family B member 2,Chapter IX Diseases of the circulatory system,"!Phlebitis/thrombophlebitis venae iliacae [externae/internae/communis], drug-induced",20000,262,1.08 [0.92-1.28],0.3433930444908231
BPIFB2,BPI fold-containing family B member 2,Chapter IX Diseases of the circulatory system,Abdominal aortic aneurysm (AAA),18867,230,1.15 [0.96-1.39],0.1307333825591432
BPIFB2,BPI fold-containing family B member 2,Chapter IX Diseases of the circulatory system,Angina pectoris,17434,1309,1.07 [1.00-1.16],0.066718702575694
BPIFB2,BPI fold-containing family B member 2,Chapter IX Diseases of the circulatory system,Aortic aneurysm,18957,320,1.04 [0.88-1.22],0.6677485266357993
BPIFB2,BPI fold-containing family B member 2,Chapter IX Diseases of the circulatory system,Arterial embolism and thrombosis of lower extremity artery,18706,69,1.17 [0.84-1.62],0.358060302429413
BPIFB2,BPI fold-containing family B member 2,Chapter IX Diseases of the circulatory system,"Atherosclerosis, excluding cerebral and coronary sclerosis",18876,239,1.00 [0.83-1.19],0.962560052079068
BPIFB2,BPI fold-containing family B member 2,Chapter IX Diseases of the circulatory system,Atrial fibrillation and flutter,10281,2416,0.97 [0.91-1.02],0.2548315090824858
BPIFB2,BPI fold-containing family B member 2,Chapter IX Diseases of the circulatory system,AV-block,15399,557,1.03 [0.91-1.16],0.6577725032235415
BPIFB2,BPI fold-containing family B member 2,Chapter IX Diseases of the circulatory system,"Bradycardia, unspecified, drug-induced",20047,478,0.76 [0.66-0.88],0.000154817072136
BPIFB2,BPI fold-containing family B member 2,Chapter IX Diseases of the circulatory system,Cardiac arrest,8092,227,0.95 [0.78-1.15],0.590874759829978
BPIFB2,BPI fold-containing family B member 2,Chapter IX Diseases of the circulatory system,Cardiomyopathy,15018,176,0.72 [0.57-0.91],0.0064188325763076
BPIFB2,BPI fold-containing family B member 2,Chapter IX Diseases of the circulatory system,"Cardiomyopathy, other and unspecified",14933,91,0.69 [0.50-0.96],0.0281888931889115
BPIFB2,BPI fold-containing family B member 2,Chapter IX Diseases of the circulatory system,Cerebral atherosclerosis,20113,63,1.20 [0.86-1.67],0.2741691872971102
BPIFB2,BPI fold-containing family B member 2,Chapter IX Diseases of the circulatory system,Conduction disorders,16143,1301,1.00 [0.92-1.08],0.923590263339088
BPIFB2,BPI fold-containing family B member 2,Chapter IX Diseases of the circulatory system,Coronary atherosclerosis,18462,2359,1.10 [1.03-1.16],0.0016387930971004
BPIFB2,BPI fold-containing family B member 2,Chapter IX Diseases of the circulatory system,Death due to cardiac causes,16298,7737,1.04 [1.01-1.08],0.0090882232831591
BPIFB2,BPI fold-containing family B member 2,Chapter IX Diseases of the circulatory system,DVT of lower extremities,18778,288,1.10 [0.94-1.29],0.2477797452027024
BPIFB2,BPI fold-containing family B member 2,Chapter IX Diseases of the circulatory system,Endocarditis,14917,75,1.29 [0.95-1.76],0.0998942466377425
BPIFB2,BPI fold-containing family B member 2,Chapter IX Diseases of the circulatory system,"Heart failure, strict",19870,1399,1.04 [0.96-1.11],0.3270521558355988
BPIFB2,BPI fold-containing family B member 2,Chapter IX Diseases of the circulatory system,Hypertension,17359,6840,1.05 [1.01-1.08],0.0084979404184574
BPIFB2,BPI fold-containing family B member 2,Chapter IX Diseases of the circulatory system,"Hypertension, essential",17363,6844,1.05 [1.01-1.08],0.0083251875502501
BPIFB2,BPI fold-containing family B member 2,Chapter IX Diseases of the circulatory system,"Hypertension, portal",19973,86,1.52 [1.18-1.96],0.0013529520080324
BPIFB2,BPI fold-containing family B member 2,Chapter IX Diseases of the circulatory system,"Hypertension, Pulmonary Arterial",10760,241,0.92 [0.76-1.10],0.3448144285856102
BPIFB2,BPI fold-containing family B member 2,Chapter IX Diseases of the circulatory system,Hypertensive Renal Disease,10646,127,1.29 [1.02-1.62],0.0325065559195336
BPIFB2,BPI fold-containing family B member 2,Chapter IX Diseases of the circulatory system,Hypotension,19964,1333,1.01 [0.93-1.09],0.87845892029478
BPIFB2,BPI fold-containing family B member 2,Chapter IX Diseases of the circulatory system,Intracerebral haemorrhage,19034,123,0.69 [0.52-0.92],0.0105030092194452
BPIFB2,BPI fold-containing family B member 2,Chapter IX Diseases of the circulatory system,"Ischaemic heart disease, wide definition",18610,2485,1.11 [1.05-1.18],0.0001191218134743
BPIFB2,BPI fold-containing family B member 2,Chapter IX Diseases of the circulatory system,"Ischaemic Stroke, excluding all haemorrhages",19696,678,0.97 [0.87-1.08],0.5963359984489662
BPIFB2,BPI fold-containing family B member 2,Chapter IX Diseases of the circulatory system,Left bundle-branch block,15274,432,0.99 [0.86-1.13],0.8477788448441546
BPIFB2,BPI fold-containing family B member 2,Chapter IX Diseases of the circulatory system,Major coronary heart disease event,19550,902,1.15 [1.05-1.26],0.0018386493310588
BPIFB2,BPI fold-containing family B member 2,Chapter IX Diseases of the circulatory system,"Myocardial infarction, strict",16899,774,1.16 [1.05-1.27],0.0034982477889897
BPIFB2,BPI fold-containing family B member 2,Chapter IX Diseases of the circulatory system,"Myocardial infarction, with ST-elevation",20004,167,1.14 [0.93-1.41],0.2146771597975854
BPIFB2,BPI fold-containing family B member 2,Chapter IX Diseases of the circulatory system,"Myocardial infarction, without ST-elevation",20079,346,1.21 [1.05-1.39],0.0075801602134844
BPIFB2,BPI fold-containing family B member 2,Chapter IX Diseases of the circulatory system,Oesophageal varices,18550,60,1.57 [1.17-2.11],0.0026411917913151
BPIFB2,BPI fold-containing family B member 2,Chapter IX Diseases of the circulatory system,Other aneurysm,18722,85,0.99 [0.72-1.36],0.9421688838458692
BPIFB2,BPI fold-containing family B member 2,Chapter IX Diseases of the circulatory system,Other arrhythmias,15345,503,0.97 [0.85-1.10],0.6224370051523181
BPIFB2,BPI fold-containing family B member 2,Chapter IX Diseases of the circulatory system,Other arterial embolism and thrombosis,18746,109,1.07 [0.82-1.40],0.6114800937560534
BPIFB2,BPI fold-containing family B member 2,Chapter IX Diseases of the circulatory system,Other diseases of arteries and capillaries,18908,271,1.15 [0.98-1.35],0.0962067229844397
BPIFB2,BPI fold-containing family B member 2,Chapter IX Diseases of the circulatory system,Other diseases of pericardium,15035,193,1.00 [0.81-1.22],0.9752070301752696
BPIFB2,BPI fold-containing family B member 2,Chapter IX Diseases of the circulatory system,Other disorders of veins,18577,87,1.12 [0.86-1.47],0.4062989177756851
BPIFB2,BPI fold-containing family B member 2,Chapter IX Diseases of the circulatory system,Other embolism and thrombosis,18529,39,1.29 [0.87-1.93],0.2088345833273413
BPIFB2,BPI fold-containing family B member 2,Chapter IX Diseases of the circulatory system,Other intracranial haemorrhages,18399,76,0.72 [0.51-1.03],0.0746114501660642
BPIFB2,BPI fold-containing family B member 2,Chapter IX Diseases of the circulatory system,Other noninfective disorders of lymphatic vessels and lymph nodes,18635,145,1.01 [0.81-1.25],0.9327535849351084
BPIFB2,BPI fold-containing family B member 2,Chapter IX Diseases of the circulatory system,Other or ill-defined heart diseases,16047,1205,0.93 [0.86-1.01],0.0882156085043809
BPIFB2,BPI fold-containing family B member 2,Chapter IX Diseases of the circulatory system,Other other unspecified disorders of the circulatory system,18682,51,1.62 [1.18-2.22],0.0030420195366445
BPIFB2,BPI fold-containing family B member 2,Chapter IX Diseases of the circulatory system,Other peripheral vascular diseases,19246,609,0.94 [0.84-1.06],0.3129119789363555
BPIFB2,BPI fold-containing family B member 2,Chapter IX Diseases of the circulatory system,Other pulmonary heart/vessel disease,19461,468,0.92 [0.81-1.04],0.1953985029966162
BPIFB2,BPI fold-containing family B member 2,Chapter IX Diseases of the circulatory system,"Other specified cerebrovascular diseases, other cerebrovascular disorders in diseases classified elsewhere",19139,816,0.96 [0.87-1.06],0.4062076970068433
BPIFB2,BPI fold-containing family B member 2,Chapter IX Diseases of the circulatory system,Paroxysmal tachycardia,8216,351,1.01 [0.87-1.18],0.9098832508726888
BPIFB2,BPI fold-containing family B member 2,Chapter IX Diseases of the circulatory system,Peripheral artery disease,19098,493,0.99 [0.87-1.12],0.877280847266217
BPIFB2,BPI fold-containing family B member 2,Chapter IX Diseases of the circulatory system,Phlebitis and thrombophlebitis (not including DVT),18850,360,1.13 [0.98-1.30],0.0949100723023132
BPIFB2,BPI fold-containing family B member 2,Chapter IX Diseases of the circulatory system,Pulmonary embolism,19497,504,1.11 [0.99-1.25],0.0788067061776519
BPIFB2,BPI fold-containing family B member 2,Chapter IX Diseases of the circulatory system,Rheumatic valve diseases,20028,816,0.92 [0.83-1.02],0.0959006086300601
BPIFB2,BPI fold-containing family B member 2,Chapter IX Diseases of the circulatory system,Right bundle-branch block,15282,440,1.02 [0.89-1.17],0.7946924635584033
BPIFB2,BPI fold-containing family B member 2,Chapter IX Diseases of the circulatory system,Secondary right heart disease,19456,463,0.93 [0.82-1.06],0.2988291355337126
BPIFB2,BPI fold-containing family B member 2,Chapter IX Diseases of the circulatory system,Sequelae of cerebrovascular disease,18536,213,1.18 [0.99-1.41],0.0608425396371389
BPIFB2,BPI fold-containing family B member 2,Chapter IX Diseases of the circulatory system,"Stroke, excluding SAH",19679,768,0.95 [0.85-1.05],0.2856289022759388
BPIFB2,BPI fold-containing family B member 2,Chapter IX Diseases of the circulatory system,"Stroke, including SAH",19667,801,0.95 [0.86-1.05],0.3458898026063856
BPIFB2,BPI fold-containing family B member 2,Chapter IX Diseases of the circulatory system,Subarachnoid haemorrhage,19008,51,1.00 [0.68-1.47],0.9903870331391844
BPIFB2,BPI fold-containing family B member 2,Chapter IX Diseases of the circulatory system,Thoracic aortic aneurysm,18722,85,0.78 [0.55-1.10],0.1551418095059859
BPIFB2,BPI fold-containing family B member 2,Chapter IX Diseases of the circulatory system,Transient ischemic attack,19284,266,1.01 [0.85-1.20],0.8745468421742739
BPIFB2,BPI fold-containing family B member 2,Chapter IX Diseases of the circulatory system,Unstable angina pectoris,18929,281,1.18 [1.01-1.37],0.0410237414846578
BPIFB2,BPI fold-containing family B member 2,Chapter IX Diseases of the circulatory system,Varicose veins,18925,435,1.05 [0.92-1.20],0.4454500508139554
BPIFB2,BPI fold-containing family B member 2,Chapter IX Diseases of the circulatory system,Vascular diseases of the intestine,18653,98,1.03 [0.78-1.35],0.843836756521531
BPIFB2,BPI fold-containing family B member 2,Chapter IX Diseases of the circulatory system,Venous thromboembolism,19874,796,1.15 [1.05-1.27],0.0023001347339031
BPIFB2,BPI fold-containing family B member 2,Chapter V Mental and behavioural disorders,"Alcohol use disorder, ICD-based",20049,287,0.65 [0.53-0.79],1.446434116321461e-05
BPIFB2,BPI fold-containing family B member 2,Chapter V Mental and behavioural disorders,"Anxiety disorders, excluding more controls",17294,1193,1.02 [0.94-1.10],0.6483510141380036
BPIFB2,BPI fold-containing family B member 2,Chapter V Mental and behavioural disorders,Any mental disorder,19675,3574,0.99 [0.95-1.04],0.692128053588774
BPIFB2,BPI fold-containing family B member 2,Chapter V Mental and behavioural disorders,"Mental and behavioural disorders due to alcohol, excluding acute intoxication",20023,338,0.64 [0.53-0.76],7.548100217168948e-07
BPIFB2,BPI fold-containing family B member 2,Chapter V Mental and behavioural disorders,"Mood disorders, excluding more controls",17320,1219,0.98 [0.91-1.06],0.5958666898331941
BPIFB2,BPI fold-containing family B member 2,Chapter V Mental and behavioural disorders,"Schizophrenia or delusion, excluding more controls",16165,64,0.89 [0.63-1.26],0.5177127174132216
BPIFB2,BPI fold-containing family B member 2,Chapter V Mental and behavioural disorders,Smoking dependency,19676,1005,1.07 [0.99-1.16],0.1071829922369604
BPIFB2,BPI fold-containing family B member 2,Chapter V Mental and behavioural disorders,"Substance abuse, excluding more controls",17342,1241,0.98 [0.90-1.06],0.6036631406196296
BPIFB2,BPI fold-containing family B member 2,Chapter V Mental and behavioural disorders,Vascular dementia,19397,197,0.90 [0.73-1.10],0.2973557316628573
BPIFB2,BPI fold-containing family B member 2,Chapter VI Diseases of the nervous system,Alzheimer disease,20115,510,0.83 [0.73-0.95],0.0068423502259721
BPIFB2,BPI fold-containing family B member 2,Chapter VI Diseases of the nervous system,"AlzheimerÕs disease (Atypical or mixed), excluding more controls",12545,96,0.87 [0.65-1.18],0.3719284661454178
BPIFB2,BPI fold-containing family B member 2,Chapter VI Diseases of the nervous system,Bell's palsy,18544,71,1.20 [0.89-1.62],0.2342750211510622
BPIFB2,BPI fold-containing family B member 2,Chapter VI Diseases of the nervous system,Carpal tunnel syndrome,18905,432,1.08 [0.95-1.23],0.2161111446868714
BPIFB2,BPI fold-containing family B member 2,Chapter VI Diseases of the nervous system,Cerebral cysts,19742,205,1.01 [0.83-1.23],0.9411139901524318
BPIFB2,BPI fold-containing family B member 2,Chapter VI Diseases of the nervous system,Cerebral palsy and other paralytic syndromes,20053,328,0.99 [0.85-1.15],0.9188438267034827
BPIFB2,BPI fold-containing family B member 2,Chapter VI Diseases of the nervous system,Circumscribed brain atrophy,19411,72,1.35 [1.00-1.84],0.0520544598233817
BPIFB2,BPI fold-containing family B member 2,Chapter VI Diseases of the nervous system,Diseases of the myoneural junction and muscle,20099,60,1.06 [0.74-1.51],0.7612973617292512
BPIFB2,BPI fold-containing family B member 2,Chapter VI Diseases of the nervous system,"Disorders of brain, other and unspecified",19605,68,1.18 [0.85-1.64],0.332861367210334
BPIFB2,BPI fold-containing family B member 2,Chapter VI Diseases of the nervous system,Epilepsy,18850,251,0.81 [0.67-0.98],0.0327965196897084
BPIFB2,BPI fold-containing family B member 2,Chapter VI Diseases of the nervous system,Episodal and paroxysmal disorders,19728,1129,0.93 [0.86-1.01],0.0944194948560258
BPIFB2,BPI fold-containing family B member 2,Chapter VI Diseases of the nervous system,Extrapyramidal and movement disorders,20066,540,0.88 [0.78-1.00],0.0570733240526933
BPIFB2,BPI fold-containing family B member 2,Chapter VI Diseases of the nervous system,Falls/tendency to fall,19547,2878,0.98 [0.93-1.03],0.4501512001234776
BPIFB2,BPI fold-containing family B member 2,Chapter VI Diseases of the nervous system,Generalized epilepsy,19804,45,0.83 [0.53-1.30],0.4221580063423823
BPIFB2,BPI fold-containing family B member 2,Chapter VI Diseases of the nervous system,Hemiplegia,19991,266,0.98 [0.83-1.16],0.8388521966155212
BPIFB2,BPI fold-containing family B member 2,Chapter VI Diseases of the nervous system,Hydrocephalus,19596,59,0.89 [0.60-1.30],0.5381716277278619
BPIFB2,BPI fold-containing family B member 2,Chapter VI Diseases of the nervous system,Inflammatory diseases of the central nervous system,20103,58,1.02 [0.71-1.47],0.8999701466867183
BPIFB2,BPI fold-containing family B member 2,Chapter VI Diseases of the nervous system,Lesion of plantar nerve,18535,62,1.20 [0.87-1.67],0.2699943660498224
BPIFB2,BPI fold-containing family B member 2,Chapter VI Diseases of the nervous system,Lesion of ulnar nerve,18537,64,1.10 [0.79-1.53],0.5563979055766674
BPIFB2,BPI fold-containing family B member 2,Chapter VI Diseases of the nervous system,Memory loss,19181,132,1.11 [0.87-1.41],0.4030454989324131
BPIFB2,BPI fold-containing family B member 2,Chapter VI Diseases of the nervous system,Migraine,18836,237,1.01 [0.85-1.21],0.8831988655768291
BPIFB2,BPI fold-containing family B member 2,Chapter VI Diseases of the nervous system,"Migraine, unspecified, drug-induced",20072,216,1.06 [0.88-1.27],0.5482752837350717
BPIFB2,BPI fold-containing family B member 2,Chapter VI Diseases of the nervous system,Motor neuron disease,12636,166,1.19 [0.97-1.47],0.0973385467216131
BPIFB2,BPI fold-containing family B member 2,Chapter VI Diseases of the nervous system,MS-disease / Multiple Sclerosis,20006,52,1.19 [0.83-1.72],0.3411059059809485
BPIFB2,BPI fold-containing family B member 2,Chapter VI Diseases of the nervous system,"Nerve, nerve root and plexus disorders",19514,1041,1.03 [0.95-1.12],0.46194035897447
BPIFB2,BPI fold-containing family B member 2,Chapter VI Diseases of the nervous system,Neurological diseases,18853,3561,0.95 [0.91-1.00],0.0351546791699466
BPIFB2,BPI fold-containing family B member 2,Chapter VI Diseases of the nervous system,Other and unspecified degenerative diseases of nervous system,19585,246,0.96 [0.80-1.16],0.6844205878836529
BPIFB2,BPI fold-containing family B member 2,Chapter VI Diseases of the nervous system,"Other and unspecified nerve root and plexus disorders, also in other diseases",18812,339,1.08 [0.93-1.24],0.3314697193140644
BPIFB2,BPI fold-containing family B member 2,Chapter VI Diseases of the nervous system,"Other and unspecified polyneuropathies, also in other diseases",20047,289,1.07 [0.92-1.26],0.3727548949047624
BPIFB2,BPI fold-containing family B member 2,Chapter VI Diseases of the nervous system,Other degenerative diseases of the nervous system,15271,817,0.92 [0.83-1.02],0.1219286836243755
BPIFB2,BPI fold-containing family B member 2,Chapter VI Diseases of the nervous system,Other diseases of spinal cord,19605,68,0.89 [0.63-1.26],0.5138758979827596
BPIFB2,BPI fold-containing family B member 2,Chapter VI Diseases of the nervous system,Other disorders of nervous system,19669,132,1.11 [0.88-1.40],0.3781458471838376
BPIFB2,BPI fold-containing family B member 2,Chapter VI Diseases of the nervous system,Other extrapyramidal and movement disorders in other diseases,19703,177,0.93 [0.75-1.15],0.4822292086929514
BPIFB2,BPI fold-containing family B member 2,Chapter VI Diseases of the nervous system,Other facial nerve disorders,18551,78,1.18 [0.88-1.58],0.2644080001978713
BPIFB2,BPI fold-containing family B member 2,Chapter VI Diseases of the nervous system,Other headache syndromes,18646,47,1.29 [0.90-1.85],0.1587624788825189
BPIFB2,BPI fold-containing family B member 2,Chapter VI Diseases of the nervous system,Other neurological diseases,20018,481,0.98 [0.86-1.12],0.7921164020445354
BPIFB2,BPI fold-containing family B member 2,Chapter VI Diseases of the nervous system,Other sleep disorders,19024,425,0.98 [0.86-1.11],0.7223225418236366
BPIFB2,BPI fold-containing family B member 2,Chapter VI Diseases of the nervous system,Parkinson's disease,20084,345,0.80 [0.68-0.95],0.0104475565118439
BPIFB2,BPI fold-containing family B member 2,Chapter VI Diseases of the nervous system,Postviral fatigue syndrome,19576,39,1.44 [0.97-2.12],0.0683500449772376
BPIFB2,BPI fold-containing family B member 2,Chapter VI Diseases of the nervous system,Restless leg syndrome,20114,78,0.80 [0.57-1.11],0.1769514975340036
BPIFB2,BPI fold-containing family B member 2,Chapter VI Diseases of the nervous system,Sleep apnoea,19925,366,1.01 [0.88-1.16],0.9264234163983528
BPIFB2,BPI fold-containing family B member 2,Chapter VI Diseases of the nervous system,Small fibre neuropathy,19810,52,1.55 [1.10-2.17],0.0116592026962638
BPIFB2,BPI fold-containing family B member 2,Chapter VI Diseases of the nervous system,Systemic atrophies primarily affecting the central nervous system,20103,187,1.14 [0.93-1.40],0.196025659496965
BPIFB2,BPI fold-containing family B member 2,Chapter VI Diseases of the nervous system,Trigeminal neuralgia,18536,63,0.57 [0.38-0.86],0.0065120236648165
BPIFB2,BPI fold-containing family B member 2,Chapter VI Diseases of the nervous system,Unspecific neurodegenerative disorder,20115,515,0.83 [0.73-0.95],0.0055487473222517
BPIFB2,BPI fold-containing family B member 2,Chapter VI Diseases of the nervous system,Vascular dementia (undefined),19341,191,0.89 [0.72-1.10],0.2669990292024153
BPIFB2,BPI fold-containing family B member 2,"Chapter VII Diseases of the eye, adnexa, ear and mastoid process",Amblyopia ex anopsia,19573,130,1.07 [0.84-1.36],0.5709742791617829
BPIFB2,BPI fold-containing family B member 2,"Chapter VII Diseases of the eye, adnexa, ear and mastoid process",Astigmatism,19738,488,0.97 [0.85-1.10],0.6016691518893256
BPIFB2,BPI fold-containing family B member 2,"Chapter VII Diseases of the eye, adnexa, ear and mastoid process",Background diabetic retinopathy,19911,223,1.08 [0.91-1.28],0.3774179733906436
BPIFB2,BPI fold-containing family B member 2,"Chapter VII Diseases of the eye, adnexa, ear and mastoid process",Blepharochalasis,19057,57,0.67 [0.44-1.02],0.0641950369027723
BPIFB2,BPI fold-containing family B member 2,"Chapter VII Diseases of the eye, adnexa, ear and mastoid process",Chalazion,19036,36,1.69 [1.15-2.49],0.0080606877777011
BPIFB2,BPI fold-containing family B member 2,"Chapter VII Diseases of the eye, adnexa, ear and mastoid process","Conjunctivitis (acute, non atopic)",20012,64,1.09 [0.78-1.51],0.6113132400571029
BPIFB2,BPI fold-containing family B member 2,"Chapter VII Diseases of the eye, adnexa, ear and mastoid process",Corneal degeneration,19840,196,0.96 [0.79-1.17],0.6801080561612108
BPIFB2,BPI fold-containing family B member 2,"Chapter VII Diseases of the eye, adnexa, ear and mastoid process","Diabetic nephropathy, excluding more controls",2104,54,0.83 [0.58-1.18],0.2888198868317872
BPIFB2,BPI fold-containing family B member 2,"Chapter VII Diseases of the eye, adnexa, ear and mastoid process",Diabetic neuropathy,2586,96,0.81 [0.62-1.07],0.1377860044437053
BPIFB2,BPI fold-containing family B member 2,"Chapter VII Diseases of the eye, adnexa, ear and mastoid process",Diplopia,19535,92,1.07 [0.81-1.43],0.6323924008208104
BPIFB2,BPI fold-containing family B member 2,"Chapter VII Diseases of the eye, adnexa, ear and mastoid process",Disorders of choroid and retina,19877,1226,1.02 [0.94-1.10],0.5976115774285222
BPIFB2,BPI fold-containing family B member 2,"Chapter VII Diseases of the eye, adnexa, ear and mastoid process","Disorders of eyelid, lacrimal system and orbit",19758,758,1.10 [1.00-1.21],0.0564961086614089
BPIFB2,BPI fold-containing family B member 2,"Chapter VII Diseases of the eye, adnexa, ear and mastoid process",Disorders of lacrimal system,19261,261,1.16 [0.98-1.36],0.0840142193509908
BPIFB2,BPI fold-containing family B member 2,"Chapter VII Diseases of the eye, adnexa, ear and mastoid process","Disorders of ocular muscles, binocular movement, accommodation and refraction",20059,809,1.01 [0.92-1.11],0.8608855054851838
BPIFB2,BPI fold-containing family B member 2,"Chapter VII Diseases of the eye, adnexa, ear and mastoid process",Disorders of optic nerve and visual pathways,20109,69,1.03 [0.75-1.43],0.8382059596873759
BPIFB2,BPI fold-containing family B member 2,"Chapter VII Diseases of the eye, adnexa, ear and mastoid process",Disorders of refraction and accommodation,20006,756,1.03 [0.93-1.14],0.5781908208979882
BPIFB2,BPI fold-containing family B member 2,"Chapter VII Diseases of the eye, adnexa, ear and mastoid process","Disorders of sclera, cornea, iris and ciliary body",20080,436,1.00 [0.88-1.14],0.9861506719995852
BPIFB2,BPI fold-containing family B member 2,"Chapter VII Diseases of the eye, adnexa, ear and mastoid process",Disorders of vitreous body,20009,196,1.06 [0.87-1.28],0.5786902544921602
BPIFB2,BPI fold-containing family B member 2,"Chapter VII Diseases of the eye, adnexa, ear and mastoid process",Ectropion of eyelid,19089,89,1.07 [0.79-1.43],0.6700435230706117
BPIFB2,BPI fold-containing family B member 2,"Chapter VII Diseases of the eye, adnexa, ear and mastoid process",Entropion and trichiasis of eyelid,19090,90,1.17 [0.88-1.57],0.2826429129529221
BPIFB2,BPI fold-containing family B member 2,"Chapter VII Diseases of the eye, adnexa, ear and mastoid process",Epiphora,19067,67,0.95 [0.66-1.35],0.7596310403497939
BPIFB2,BPI fold-containing family B member 2,"Chapter VII Diseases of the eye, adnexa, ear and mastoid process",Glaucoma,19998,869,1.10 [1.00-1.20],0.0452120273010705
BPIFB2,BPI fold-containing family B member 2,"Chapter VII Diseases of the eye, adnexa, ear and mastoid process",Glaucoma suspect,19366,237,1.01 [0.85-1.22],0.8806023432794355
BPIFB2,BPI fold-containing family B member 2,"Chapter VII Diseases of the eye, adnexa, ear and mastoid process",Hypermetropia,19310,60,0.92 [0.64-1.32],0.6516703766347909
BPIFB2,BPI fold-containing family B member 2,"Chapter VII Diseases of the eye, adnexa, ear and mastoid process",Iridocyclitis,19753,109,0.89 [0.68-1.17],0.4076512518411778
BPIFB2,BPI fold-containing family B member 2,"Chapter VII Diseases of the eye, adnexa, ear and mastoid process",Keratitis,19982,338,1.03 [0.89-1.20],0.6840762270379034
BPIFB2,BPI fold-containing family B member 2,"Chapter VII Diseases of the eye, adnexa, ear and mastoid process",Myopia,19436,186,1.25 [1.03-1.51],0.0243830112926763
BPIFB2,BPI fold-containing family B member 2,"Chapter VII Diseases of the eye, adnexa, ear and mastoid process",Other and unspecified disorders of vitreous body,19933,120,0.98 [0.76-1.27],0.8866317974889977
BPIFB2,BPI fold-containing family B member 2,"Chapter VII Diseases of the eye, adnexa, ear and mastoid process",Other and unspecified glaucoma,19695,566,1.09 [0.97-1.22],0.1378427183504821
BPIFB2,BPI fold-containing family B member 2,"Chapter VII Diseases of the eye, adnexa, ear and mastoid process",Other and unspecified visual disturbances,19581,138,0.94 [0.74-1.19],0.5909104940246028
BPIFB2,BPI fold-containing family B member 2,"Chapter VII Diseases of the eye, adnexa, ear and mastoid process",Other cataract,18018,2807,1.04 [0.98-1.09],0.1802908644710637
BPIFB2,BPI fold-containing family B member 2,"Chapter VII Diseases of the eye, adnexa, ear and mastoid process",Other disorders of cornea,19945,301,1.02 [0.87-1.19],0.8178164424017467
BPIFB2,BPI fold-containing family B member 2,"Chapter VII Diseases of the eye, adnexa, ear and mastoid process",Other disorders of eye and adnexa,20101,164,0.86 [0.69-1.08],0.2033612672629829
BPIFB2,BPI fold-containing family B member 2,"Chapter VII Diseases of the eye, adnexa, ear and mastoid process",Other disorders of eyelid,19465,465,1.05 [0.92-1.20],0.4498905094962455
BPIFB2,BPI fold-containing family B member 2,"Chapter VII Diseases of the eye, adnexa, ear and mastoid process",Other disorders of iris and ciliary body,19724,80,0.88 [0.64-1.21],0.4435745905768727
BPIFB2,BPI fold-containing family B member 2,"Chapter VII Diseases of the eye, adnexa, ear and mastoid process",Other disorders of optic [2nd] nerve and visual pathways,20101,61,1.00 [0.70-1.43],0.983873552548739
BPIFB2,BPI fold-containing family B member 2,"Chapter VII Diseases of the eye, adnexa, ear and mastoid process",Other inflammation of eyelid,19110,110,1.09 [0.84-1.41],0.5234766847528793
BPIFB2,BPI fold-containing family B member 2,"Chapter VII Diseases of the eye, adnexa, ear and mastoid process",Other specified and unspecified  disorders of eyelid,19153,153,1.19 [0.96-1.48],0.105404146060999
BPIFB2,BPI fold-containing family B member 2,"Chapter VII Diseases of the eye, adnexa, ear and mastoid process",Other specified and unspecified retinal disorders,18794,143,1.18 [0.95-1.48],0.1420356208875499
BPIFB2,BPI fold-containing family B member 2,"Chapter VII Diseases of the eye, adnexa, ear and mastoid process",Other strabismus,19297,47,0.80 [0.51-1.24],0.314418435405465
BPIFB2,BPI fold-containing family B member 2,"Chapter VII Diseases of the eye, adnexa, ear and mastoid process","Other, unspecified and serous retinal detachments",18716,65,0.89 [0.61-1.30],0.5385155057149917
BPIFB2,BPI fold-containing family B member 2,"Chapter VII Diseases of the eye, adnexa, ear and mastoid process",Primary angle-closure glaucoma,19228,99,1.07 [0.81-1.40],0.6464994683517411
BPIFB2,BPI fold-containing family B member 2,"Chapter VII Diseases of the eye, adnexa, ear and mastoid process","Primary open-angle glaucoma, strict",19376,247,1.05 [0.88-1.26],0.5573417476323355
BPIFB2,BPI fold-containing family B member 2,"Chapter VII Diseases of the eye, adnexa, ear and mastoid process",Ptosis of eyelid,19129,129,1.01 [0.79-1.29],0.9227370138617332
BPIFB2,BPI fold-containing family B member 2,"Chapter VII Diseases of the eye, adnexa, ear and mastoid process",Retinal detachment with retinal break,18733,82,0.89 [0.63-1.25],0.4943207514801409
BPIFB2,BPI fold-containing family B member 2,"Chapter VII Diseases of the eye, adnexa, ear and mastoid process",Retinal vascular occlusion,18759,108,0.93 [0.70-1.23],0.609994922219231
BPIFB2,BPI fold-containing family B member 2,"Chapter VII Diseases of the eye, adnexa, ear and mastoid process",Senile cataract,17542,2331,1.04 [0.98-1.10],0.1684058674494792
BPIFB2,BPI fold-containing family B member 2,"Chapter VII Diseases of the eye, adnexa, ear and mastoid process",Stenosis and insufficiency of lacrimal passages,19082,82,1.06 [0.77-1.44],0.7335973425161209
BPIFB2,BPI fold-containing family B member 2,"Chapter VII Diseases of the eye, adnexa, ear and mastoid process",Visual disturbances,19872,429,1.04 [0.91-1.18],0.5896571566528491
BPIFB2,BPI fold-containing family B member 2,"Chapter VII Diseases of the eye, adnexa, ear and mastoid process",Visual field defects,19510,67,1.14 [0.82-1.58],0.4352612711495287
BPIFB2,BPI fold-containing family B member 2,"Chapter VII Diseases of the eye, adnexa, ear and mastoid process",Visual impairment including blindness (binocular or monocular),19608,165,0.97 [0.78-1.21],0.7901294866441133
BPIFB2,BPI fold-containing family B member 2,Chapter VIII Diseases of the ear and mastoid process,Benign paroxysmal vertigo,19911,97,0.88 [0.66-1.18],0.3968826826026854
BPIFB2,BPI fold-containing family B member 2,Chapter VIII Diseases of the ear and mastoid process,Diseases of external ear,20078,118,1.20 [0.94-1.53],0.1463278865379514
BPIFB2,BPI fold-containing family B member 2,Chapter VIII Diseases of the ear and mastoid process,Diseases of middle ear and mastoid,20000,100,1.09 [0.83-1.42],0.5544924427531007
BPIFB2,BPI fold-containing family B member 2,Chapter VIII Diseases of the ear and mastoid process,Labyrinthitis,19874,60,1.18 [0.83-1.66],0.3573340226852333
BPIFB2,BPI fold-containing family B member 2,Chapter VIII Diseases of the ear and mastoid process,Mnire disease,19876,62,1.34 [0.97-1.84],0.0715989547017531
BPIFB2,BPI fold-containing family B member 2,Chapter VIII Diseases of the ear and mastoid process,Other disorders of ear,20019,1025,1.12 [1.03-1.22],0.0071018948741832
BPIFB2,BPI fold-containing family B member 2,Chapter VIII Diseases of the ear and mastoid process,Other specified/unspecified hearing loss,19770,776,1.17 [1.06-1.28],0.0015761787968959
BPIFB2,BPI fold-containing family B member 2,Chapter VIII Diseases of the ear and mastoid process,Sensorineural hearing loss,19121,127,1.02 [0.80-1.30],0.8939756644624104
BPIFB2,BPI fold-containing family B member 2,Chapter VIII Diseases of the ear and mastoid process,Tinnitus,19072,78,1.12 [0.82-1.53],0.4654992470492238
BPIFB2,BPI fold-containing family B member 2,Chapter X Diseases of the respiratory system,Acute pharyngitis,19944,54,1.17 [0.82-1.67],0.3829629607457859
BPIFB2,BPI fold-containing family B member 2,Chapter X Diseases of the respiratory system,Acute upper respiratory infections,20047,157,1.04 [0.83-1.29],0.744450374020112
BPIFB2,BPI fold-containing family B member 2,Chapter X Diseases of the respiratory system,Acute upper respiratory infections of multiple and unspecified sites,19942,52,0.87 [0.58-1.31],0.504485337767188
BPIFB2,BPI fold-containing family B member 2,Chapter X Diseases of the respiratory system,All influenza,17867,129,1.16 [0.92-1.46],0.218465660334439
BPIFB2,BPI fold-containing family B member 2,Chapter X Diseases of the respiratory system,All influenza (not pneumonia),17864,126,1.16 [0.92-1.47],0.2180702956307279
BPIFB2,BPI fold-containing family B member 2,Chapter X Diseases of the respiratory system,Allergic asthma (mode),12477,87,1.34 [1.02-1.76],0.0334855988690417
BPIFB2,BPI fold-containing family B member 2,Chapter X Diseases of the respiratory system,Allergic rhinitis,20029,206,1.06 [0.88-1.29],0.5349865317661984
BPIFB2,BPI fold-containing family B member 2,Chapter X Diseases of the respiratory system,"Asthma, excluding more controls",13580,1513,1.16 [1.08-1.24],1.9387964913689507e-05
BPIFB2,BPI fold-containing family B member 2,Chapter X Diseases of the respiratory system,"Asthma, unspecified (mode)",13884,1494,1.16 [1.08-1.24],1.535587625545887e-05
BPIFB2,BPI fold-containing family B member 2,Chapter X Diseases of the respiratory system,Bacterial pneumonia (organism specified),19670,154,1.38 [1.13-1.70],0.0016877078772998
BPIFB2,BPI fold-containing family B member 2,Chapter X Diseases of the respiratory system,"Bacterial pneumonia, not elsewhere classified",17825,87,1.39 [1.06-1.83],0.0179127993905314
BPIFB2,BPI fold-containing family B member 2,Chapter X Diseases of the respiratory system,Bronchiectasis,16837,444,1.28 [1.13-1.45],7.000706425118454e-05
BPIFB2,BPI fold-containing family B member 2,Chapter X Diseases of the respiratory system,"Bronchitis, not specified as acute or chronic",16456,63,1.14 [0.82-1.58],0.4376497521755622
BPIFB2,BPI fold-containing family B member 2,Chapter X Diseases of the respiratory system,Chronic lower respiratory diseases,19138,2745,1.13 [1.07-1.19],2.528291776259671e-06
BPIFB2,BPI fold-containing family B member 2,Chapter X Diseases of the respiratory system,"Chronic rhinitis, nasopharyngitis and pharyngitis",19057,68,0.93 [0.65-1.32],0.6721968162351182
BPIFB2,BPI fold-containing family B member 2,Chapter X Diseases of the respiratory system,Chronic sinusitis,19106,117,0.84 [0.64-1.11],0.2198200301414096
BPIFB2,BPI fold-containing family B member 2,Chapter X Diseases of the respiratory system,"COPD, hospital admissions 1, only main diagnosis",19863,1393,1.18 [1.10-1.27],2.6058822020832755e-06
BPIFB2,BPI fold-containing family B member 2,Chapter X Diseases of the respiratory system,Deviated nasal septum,19061,72,1.05 [0.75-1.45],0.7934377772468305
BPIFB2,BPI fold-containing family B member 2,Chapter X Diseases of the respiratory system,Diseases of the respiratory system,18254,5242,1.07 [1.03-1.11],0.000356327372053
BPIFB2,BPI fold-containing family B member 2,Chapter X Diseases of the respiratory system,"Diseases of vocal cords and larynx+other diseases of upper respiratory tract, no elsewhere classified",19285,296,1.03 [0.87-1.21],0.7411344712230502
BPIFB2,BPI fold-containing family B member 2,Chapter X Diseases of the respiratory system,Early onset COPD,18571,101,1.24 [0.96-1.59],0.097772123057531
BPIFB2,BPI fold-containing family B member 2,Chapter X Diseases of the respiratory system,Emphysema,16775,382,1.33 [1.17-1.53],2.6345650207883665e-05
BPIFB2,BPI fold-containing family B member 2,Chapter X Diseases of the respiratory system,Idiopathic pulmonary fibrosis,18968,407,1.46 [1.29-1.65],1.747287381413813e-09
BPIFB2,BPI fold-containing family B member 2,Chapter X Diseases of the respiratory system,Influenza and pneumonia,19890,2152,1.12 [1.05-1.18],0.0002262489004526
BPIFB2,BPI fold-containing family B member 2,Chapter X Diseases of the respiratory system,Interstitial lung disease,19005,444,1.46 [1.30-1.64],3.4443791331545704e-10
BPIFB2,BPI fold-containing family B member 2,Chapter X Diseases of the respiratory system,Later onset COPD,19652,1292,1.18 [1.10-1.27],7.818609460353674e-06
BPIFB2,BPI fold-containing family B member 2,Chapter X Diseases of the respiratory system,Lung diseases due to external agents,20099,390,0.99 [0.85-1.14],0.8444144557679126
BPIFB2,BPI fold-containing family B member 2,Chapter X Diseases of the respiratory system,Nasal polyp,19076,87,1.17 [0.87-1.58],0.3028629022406308
BPIFB2,BPI fold-containing family B member 2,Chapter X Diseases of the respiratory system,Other acute lower respiratory infections,19872,1082,1.08 [0.99-1.17],0.0664837977790292
BPIFB2,BPI fold-containing family B member 2,Chapter X Diseases of the respiratory system,Other diseases of pleura,19866,2287,1.13 [1.07-1.19],2.588932006023984e-05
BPIFB2,BPI fold-containing family B member 2,Chapter X Diseases of the respiratory system,Other diseases of upper respiratory tract,19645,656,1.03 [0.93-1.15],0.5531492264394839
BPIFB2,BPI fold-containing family B member 2,Chapter X Diseases of the respiratory system,Other pleural conditions,17634,55,1.40 [0.99-1.98],0.0587224960417499
BPIFB2,BPI fold-containing family B member 2,Chapter X Diseases of the respiratory system,Other respiratory diseases principally affecting the interstitium,19998,524,1.40 [1.25-1.56],1.6330312621030971e-09
BPIFB2,BPI fold-containing family B member 2,Chapter X Diseases of the respiratory system,Other respiratory disorders and diseases,20000,1477,1.15 [1.08-1.24],5.0415361046917045e-05
BPIFB2,BPI fold-containing family B member 2,Chapter X Diseases of the respiratory system,Pleural effusion,18705,1126,1.07 [0.99-1.16],0.1086124061587901
BPIFB2,BPI fold-containing family B member 2,Chapter X Diseases of the respiratory system,Pleural plaque,17803,224,1.26 [1.05-1.51],0.0150893405875807
BPIFB2,BPI fold-containing family B member 2,Chapter X Diseases of the respiratory system,"Pneumonia, organism unspecified",19644,1906,1.12 [1.05-1.19],0.0005386267234206
BPIFB2,BPI fold-containing family B member 2,Chapter X Diseases of the respiratory system,Pneumonitis due to solids and liquids,20001,292,1.00 [0.85-1.18],0.9999053342251784
BPIFB2,BPI fold-containing family B member 2,Chapter X Diseases of the respiratory system,Pneumothorax,17732,153,1.21 [0.97-1.51],0.0926048949538285
BPIFB2,BPI fold-containing family B member 2,Chapter X Diseases of the respiratory system,Pollen allergy,20106,173,1.09 [0.89-1.35],0.4133241773957458
BPIFB2,BPI fold-containing family B member 2,Chapter X Diseases of the respiratory system,Pulmonary oedema,19552,78,1.03 [0.76-1.40],0.8462014350854385
BPIFB2,BPI fold-containing family B member 2,Chapter X Diseases of the respiratory system,Respiratory insufficiency,12450,60,1.36 [0.97-1.91],0.0752696731777261
BPIFB2,BPI fold-containing family B member 2,Chapter X Diseases of the respiratory system,Unspecified acute lower respiratory infection,19856,1066,1.08 [1.00-1.17],0.0620373034125412
BPIFB2,BPI fold-containing family B member 2,Chapter X Diseases of the respiratory system,Vasomotor and allergic rhinitis,19196,207,1.06 [0.88-1.29],0.524513746559341
BPIFB2,BPI fold-containing family B member 2,Chapter X Diseases of the respiratory system,Viral pneumonia,17987,249,1.15 [0.97-1.36],0.100352381498306
BPIFB2,BPI fold-containing family B member 2,Chapter X Diseases of the respiratory system,"Viral pneumonia (unknown virus, not influenza)",19679,199,1.11 [0.92-1.34],0.2651951165806733
BPIFB2,BPI fold-containing family B member 2,Chapter X Diseases of the respiratory system,Vocal cord dysfunction,6488,102,0.96 [0.72-1.27],0.7584146303977212
BPIFB2,BPI fold-containing family B member 2,Chapter XI Diseases of the digestive system,Abscess of anal and rectal regions,12876,53,1.17 [0.81-1.71],0.3986695268011847
BPIFB2,BPI fold-containing family B member 2,Chapter XI Diseases of the digestive system,Acute appendicitis,20014,112,0.98 [0.75-1.29],0.8779029470422155
BPIFB2,BPI fold-containing family B member 2,Chapter XI Diseases of the digestive system,Acute gastritis,14075,84,1.10 [0.81-1.48],0.5477562191364871
BPIFB2,BPI fold-containing family B member 2,Chapter XI Diseases of the digestive system,Acute pancreatitis,18387,167,1.27 [1.04-1.54],0.0181769028036311
BPIFB2,BPI fold-containing family B member 2,Chapter XI Diseases of the digestive system,Acute peritonitis,19705,92,1.05 [0.79-1.40],0.7115771571140221
BPIFB2,BPI fold-containing family B member 2,Chapter XI Diseases of the digestive system,Alcoholic liver disease,19270,52,1.23 [0.86-1.77],0.262798631891268
BPIFB2,BPI fold-containing family B member 2,Chapter XI Diseases of the digestive system,Barrett oesophagus,14422,431,1.17 [1.03-1.34],0.0187639227298773
BPIFB2,BPI fold-containing family B member 2,Chapter XI Diseases of the digestive system,"Cholangitis (primary sclerosing, PSC)",18347,127,0.99 [0.78-1.27],0.9590908712014408
BPIFB2,BPI fold-containing family B member 2,Chapter XI Diseases of the digestive system,"Cholangitis (primary sclerosing, PSC), with reimbursement 202",19754,127,0.99 [0.77-1.26],0.9141603621668528
BPIFB2,BPI fold-containing family B member 2,Chapter XI Diseases of the digestive system,Cholecystitis,18406,186,1.13 [0.93-1.38],0.2011092379448195
BPIFB2,BPI fold-containing family B member 2,Chapter XI Diseases of the digestive system,Cholelithiasis,19117,897,1.18 [1.08-1.28],0.0002067334643059
BPIFB2,BPI fold-containing family B member 2,Chapter XI Diseases of the digestive system,Chronic gastritis,14283,292,1.06 [0.90-1.24],0.4823905991517874
BPIFB2,BPI fold-containing family B member 2,Chapter XI Diseases of the digestive system,Chronic pancreatitis,18267,47,1.42 [0.99-2.03],0.0542422723514471
BPIFB2,BPI fold-containing family B member 2,Chapter XI Diseases of the digestive system,"Cirrhosis of liver, NAS",19998,111,1.41 [1.12-1.77],0.0032060621717594
BPIFB2,BPI fold-containing family B member 2,Chapter XI Diseases of the digestive system,Coeliac disease,18632,108,1.43 [1.13-1.83],0.0035610860139953
BPIFB2,BPI fold-containing family B member 2,Chapter XI Diseases of the digestive system,Collagenous colitis,18604,88,0.81 [0.59-1.10],0.1787140610122966
BPIFB2,BPI fold-containing family B member 2,Chapter XI Diseases of the digestive system,Colonic or urogenital fistula,20012,146,1.06 [0.84-1.32],0.6353834620243737
BPIFB2,BPI fold-containing family B member 2,Chapter XI Diseases of the digestive system,Constipation,19869,1765,1.03 [0.97-1.10],0.3344506526358267
BPIFB2,BPI fold-containing family B member 2,Chapter XI Diseases of the digestive system,Crohn disease,18586,70,1.57 [1.18-2.09],0.0020103642340738
BPIFB2,BPI fold-containing family B member 2,Chapter XI Diseases of the digestive system,"Crohn disease (strict definition, all UC cases excluded)",19809,54,1.51 [1.09-2.10],0.0140703884924764
BPIFB2,BPI fold-containing family B member 2,Chapter XI Diseases of the digestive system,Crohn's disease NAS,18580,64,1.68 [1.27-2.24],0.000355543569316
BPIFB2,BPI fold-containing family B member 2,Chapter XI Diseases of the digestive system,Dental caries,19585,160,1.10 [0.89-1.36],0.3679762545679969
BPIFB2,BPI fold-containing family B member 2,Chapter XI Diseases of the digestive system,Diaphragmatic hernia,17421,2194,1.06 [1.00-1.13],0.0391564593896089
BPIFB2,BPI fold-containing family B member 2,Chapter XI Diseases of the digestive system,Diseases of appendix,20039,137,0.96 [0.75-1.23],0.7589507277470452
BPIFB2,BPI fold-containing family B member 2,Chapter XI Diseases of the digestive system,Diseases of liver,20015,797,1.13 [1.03-1.24],0.0104198218152464
BPIFB2,BPI fold-containing family B member 2,Chapter XI Diseases of the digestive system,"Diseases of oesophagus, stomach and duodenum",17932,3941,1.07 [1.02-1.11],0.0036299446950098
BPIFB2,BPI fold-containing family B member 2,Chapter XI Diseases of the digestive system,"Diseases of oral cavity, salivary glands and jaws",19830,405,1.02 [0.89-1.17],0.7630609668893437
BPIFB2,BPI fold-containing family B member 2,Chapter XI Diseases of the digestive system,Diseases of peritoneum,20042,429,1.03 [0.90-1.17],0.6975181240016577
BPIFB2,BPI fold-containing family B member 2,Chapter XI Diseases of the digestive system,Diseases of pulp and periapical tissues,19505,80,0.89 [0.64-1.23],0.485876896782109
BPIFB2,BPI fold-containing family B member 2,Chapter XI Diseases of the digestive system,Diseases of salivary glands,19398,47,1.03 [0.69-1.54],0.8869610149307985
BPIFB2,BPI fold-containing family B member 2,Chapter XI Diseases of the digestive system,Diseases of the digestive system,19839,1315,0.99 [0.91-1.06],0.7040118490066569
BPIFB2,BPI fold-containing family B member 2,Chapter XI Diseases of the digestive system,Diseases of tongue,19408,81,1.11 [0.82-1.50],0.4832646300115845
BPIFB2,BPI fold-containing family B member 2,Chapter XI Diseases of the digestive system,"Disorders of gallbladder, biliary tract and pancreas",19522,1302,1.12 [1.04-1.21],0.0021387845559697
BPIFB2,BPI fold-containing family B member 2,Chapter XI Diseases of the digestive system,Diverticular disease of intestine,16101,3278,1.06 [1.01-1.11],0.0173251400020558
BPIFB2,BPI fold-containing family B member 2,Chapter XI Diseases of the digestive system,Duodenal ulcer,14193,202,1.08 [0.89-1.31],0.4399238820500779
BPIFB2,BPI fold-containing family B member 2,Chapter XI Diseases of the digestive system,"Duodenal ulcer - Unspecified as acute or chronic, without haemorrhage or perforation, drug-induced",20029,163,1.02 [0.82-1.27],0.8588864549753993
BPIFB2,BPI fold-containing family B member 2,Chapter XI Diseases of the digestive system,Embedded and impacted teeth,20088,20,1.23 [0.69-2.19],0.4819398767684116
BPIFB2,BPI fold-containing family B member 2,Chapter XI Diseases of the digestive system,Fibrosis and cirrhosis of liver,19347,129,1.27 [1.02-1.58],0.0342107926917435
BPIFB2,BPI fold-containing family B member 2,Chapter XI Diseases of the digestive system,Fissure and fistula of anal and rectal regions,12921,98,1.05 [0.80-1.39],0.7124775383626252
BPIFB2,BPI fold-containing family B member 2,Chapter XI Diseases of the digestive system,Functional dyspepsia,14476,485,1.07 [0.95-1.22],0.2795355676927454
BPIFB2,BPI fold-containing family B member 2,Chapter XI Diseases of the digestive system,Gastric ulcer,14348,357,1.05 [0.91-1.21],0.5316537645671938
BPIFB2,BPI fold-containing family B member 2,Chapter XI Diseases of the digestive system,Gastro-oesophageal reflux disease,16274,2283,1.14 [1.08-1.20],5.485092593949408e-06
BPIFB2,BPI fold-containing family B member 2,Chapter XI Diseases of the digestive system,Gastroduodenal ulcer,14533,542,1.08 [0.96-1.21],0.2253819730893559
BPIFB2,BPI fold-containing family B member 2,Chapter XI Diseases of the digestive system,Gastrointestinal diseases,14620,7119,1.03 [1.00-1.07],0.0721844994437094
BPIFB2,BPI fold-containing family B member 2,Chapter XI Diseases of the digestive system,GI-bleeding,19604,1080,0.93 [0.85-1.01],0.0860561460557431
BPIFB2,BPI fold-containing family B member 2,Chapter XI Diseases of the digestive system,Gingivitis and periodontal diseases,19470,45,1.20 [0.84-1.72],0.3222644482158894
BPIFB2,BPI fold-containing family B member 2,Chapter XI Diseases of the digestive system,Haemorrhoids and perianal venous thrombosis,13684,1028,0.94 [0.86-1.03],0.1656733113535887
BPIFB2,BPI fold-containing family B member 2,Chapter XI Diseases of the digestive system,"Hepatic failure, not elsewhere classified",19278,60,1.33 [0.96-1.83],0.0879086598712328
BPIFB2,BPI fold-containing family B member 2,Chapter XI Diseases of the digestive system,Hernia,18346,3119,1.05 [1.00-1.10],0.0575300252104319
BPIFB2,BPI fold-containing family B member 2,Chapter XI Diseases of the digestive system,Impacted teeth,20090,19,1.21 [0.67-2.19],0.5256171299191089
BPIFB2,BPI fold-containing family B member 2,Chapter XI Diseases of the digestive system,Impaction of intestines,12889,66,1.05 [0.74-1.47],0.7965945092332922
BPIFB2,BPI fold-containing family B member 2,Chapter XI Diseases of the digestive system,Inguinal hernia,16167,940,1.08 [0.97-1.19],0.1525443953166588
BPIFB2,BPI fold-containing family B member 2,Chapter XI Diseases of the digestive system,"Inguinal hernia, bilateral",15329,102,0.92 [0.66-1.27],0.6148582260725282
BPIFB2,BPI fold-containing family B member 2,Chapter XI Diseases of the digestive system,Intestinal adhesions without obstruction,12922,99,0.93 [0.70-1.25],0.6473797361108483
BPIFB2,BPI fold-containing family B member 2,Chapter XI Diseases of the digestive system,Intestinal malabsorption,18651,127,1.36 [1.08-1.70],0.0082626672036326
BPIFB2,BPI fold-containing family B member 2,Chapter XI Diseases of the digestive system,Irritable bowel syndrome,13264,441,0.99 [0.87-1.13],0.8568660124840203
BPIFB2,BPI fold-containing family B member 2,Chapter XI Diseases of the digestive system,Nonalcoholic fatty liver disease,20091,286,1.33 [1.15-1.53],8.122175315221063e-05
BPIFB2,BPI fold-containing family B member 2,Chapter XI Diseases of the digestive system,Noninfectious colitis NAS,19192,676,1.07 [0.97-1.19],0.1813159960751105
BPIFB2,BPI fold-containing family B member 2,Chapter XI Diseases of the digestive system,Noninfective enteritis and colitis,19458,942,1.05 [0.96-1.15],0.2727707261660908
BPIFB2,BPI fold-containing family B member 2,Chapter XI Diseases of the digestive system,Oesophageal obstruction,14179,188,1.18 [0.96-1.43],0.1088776362331457
BPIFB2,BPI fold-containing family B member 2,Chapter XI Diseases of the digestive system,Oesophagitis,14600,609,1.06 [0.95-1.18],0.3172707011673989
BPIFB2,BPI fold-containing family B member 2,Chapter XI Diseases of the digestive system,Oral lichen ruber planus,20064,118,0.96 [0.75-1.25],0.7843604080417582
BPIFB2,BPI fold-containing family B member 2,Chapter XI Diseases of the digestive system,Other and unspecified abdominal hernia,15299,72,0.89 [0.63-1.25],0.4954283288993727
BPIFB2,BPI fold-containing family B member 2,Chapter XI Diseases of the digestive system,Other diseases of anus and rectum,14013,1190,0.98 [0.90-1.06],0.5846543888130102
BPIFB2,BPI fold-containing family B member 2,Chapter XI Diseases of the digestive system,Other diseases of biliary tract,18527,307,0.96 [0.82-1.12],0.5879449075485419
BPIFB2,BPI fold-containing family B member 2,Chapter XI Diseases of the digestive system,Other diseases of gallbladder,18345,125,1.06 [0.83-1.34],0.6455175234428502
BPIFB2,BPI fold-containing family B member 2,Chapter XI Diseases of the digestive system,Other diseases of intestine,14490,1667,1.03 [0.96-1.10],0.3760312752761813
BPIFB2,BPI fold-containing family B member 2,Chapter XI Diseases of the digestive system,Other diseases of intestines,18128,5305,1.01 [0.97-1.05],0.6956078803821755
BPIFB2,BPI fold-containing family B member 2,Chapter XI Diseases of the digestive system,Other diseases of lip and oral mucosa,19377,186,0.98 [0.80-1.21],0.865348168836795
BPIFB2,BPI fold-containing family B member 2,Chapter XI Diseases of the digestive system,Other diseases of liver,19877,659,1.18 [1.06-1.30],0.0015591972217171
BPIFB2,BPI fold-containing family B member 2,Chapter XI Diseases of the digestive system,Other diseases of oesophagus,14652,661,1.09 [0.98-1.21],0.122005966298166
BPIFB2,BPI fold-containing family B member 2,Chapter XI Diseases of the digestive system,Other diseases of pancreas,18396,176,1.11 [0.91-1.35],0.3127479328893779
BPIFB2,BPI fold-containing family B member 2,Chapter XI Diseases of the digestive system,Other diseases of peritoneum,19977,364,1.01 [0.88-1.17],0.8669991131763602
BPIFB2,BPI fold-containing family B member 2,Chapter XI Diseases of the digestive system,Other diseases of stomach and duodenum,14927,936,1.18 [1.08-1.28],0.0002102892553502
BPIFB2,BPI fold-containing family B member 2,Chapter XI Diseases of the digestive system,Other diseases of the digestive system,19616,1092,0.93 [0.86-1.02],0.1162102983732083
BPIFB2,BPI fold-containing family B member 2,Chapter XI Diseases of the digestive system,Other disorders of teeth and supporting structures,19576,151,0.93 [0.74-1.17],0.5485779484522808
BPIFB2,BPI fold-containing family B member 2,Chapter XI Diseases of the digestive system,Other functional intestinal disorders,14626,1803,1.03 [0.97-1.10],0.3484342408772698
BPIFB2,BPI fold-containing family B member 2,Chapter XI Diseases of the digestive system,Other gastritis (incl. Duodenitis),15853,1862,1.03 [0.97-1.10],0.334660711909474
BPIFB2,BPI fold-containing family B member 2,Chapter XI Diseases of the digestive system,Other inflammatory liver diseases,19317,99,1.28 [1.00-1.64],0.0478452395742024
BPIFB2,BPI fold-containing family B member 2,Chapter XI Diseases of the digestive system,Other noninfective gastroenteritis and colitis,19351,835,1.05 [0.96-1.16],0.2836788989890586
BPIFB2,BPI fold-containing family B member 2,Chapter XI Diseases of the digestive system,"Other or unspecified ileus, impaction or obstruction",13198,375,1.12 [0.98-1.29],0.1001903139249107
BPIFB2,BPI fold-containing family B member 2,Chapter XI Diseases of the digestive system,Palatinal maxillary canine,20085,24,1.33 [0.80-2.23],0.2757813451330741
BPIFB2,BPI fold-containing family B member 2,Chapter XI Diseases of the digestive system,Paralytic ileus and intestinal obstruction,13349,526,1.04 [0.92-1.17],0.5418670570534568
BPIFB2,BPI fold-containing family B member 2,Chapter XI Diseases of the digestive system,"Postprocedural disorders of digestive system, not elsewhere classified",18666,142,1.15 [0.91-1.44],0.2463483685602344
BPIFB2,BPI fold-containing family B member 2,Chapter XI Diseases of the digestive system,Recurring oral aphthae,20103,45,0.91 [0.60-1.39],0.6740770284236965
BPIFB2,BPI fold-containing family B member 2,Chapter XI Diseases of the digestive system,Stomatitis and related lesions,19420,88,1.05 [0.78-1.40],0.7686254313118549
BPIFB2,BPI fold-containing family B member 2,Chapter XI Diseases of the digestive system,Toxic colitis,18587,71,1.29 [0.96-1.74],0.0914138670561716
BPIFB2,BPI fold-containing family B member 2,Chapter XI Diseases of the digestive system,Ulcer of oesophagus,14288,297,1.21 [1.04-1.42],0.0133387348974552
BPIFB2,BPI fold-containing family B member 2,Chapter XI Diseases of the digestive system,Ulcerative colitis,18660,144,1.00 [0.79-1.27],0.9882242120260892
BPIFB2,BPI fold-containing family B member 2,Chapter XI Diseases of the digestive system,"Ulcerative colitis, NAS",18632,116,0.97 [0.75-1.26],0.8263718787080802
BPIFB2,BPI fold-containing family B member 2,Chapter XI Diseases of the digestive system,Umbilical hernia,15451,224,0.97 [0.81-1.18],0.7930982568587304
BPIFB2,BPI fold-containing family B member 2,Chapter XI Diseases of the digestive system,Vascular disorders of the intestines,13026,203,1.03 [0.85-1.25],0.7802066132956967
BPIFB2,BPI fold-containing family B member 2,Chapter XI Diseases of the digestive system,Ventral hernia,15460,233,1.08 [0.90-1.28],0.4054622633422017
BPIFB2,BPI fold-containing family B member 2,Chapter XI Diseases of the digestive system,Volvulus,12900,77,0.93 [0.66-1.29],0.6559552774486026
BPIFB2,BPI fold-containing family B member 2,Chapter XII Diseases of the skin and subcutaneous tissue,Actinic keratosis,20027,355,1.08 [0.93-1.26],0.3135277551163921
BPIFB2,BPI fold-containing family B member 2,Chapter XII Diseases of the skin and subcutaneous tissue,Arthropathic psoriasis,19805,60,1.42 [1.04-1.94],0.028444402702181
BPIFB2,BPI fold-containing family B member 2,Chapter XII Diseases of the skin and subcutaneous tissue,Atrophic disorders of skin,17958,145,1.14 [0.91-1.42],0.2569509178334995
BPIFB2,BPI fold-containing family B member 2,Chapter XII Diseases of the skin and subcutaneous tissue,Cellulitis,19578,700,1.06 [0.96-1.17],0.2710932648569861
BPIFB2,BPI fold-containing family B member 2,Chapter XII Diseases of the skin and subcutaneous tissue,"Cutaneous abscess, furuncle and carbuncle",19000,122,1.26 [1.00-1.59],0.0477981898442227
BPIFB2,BPI fold-containing family B member 2,Chapter XII Diseases of the skin and subcutaneous tissue,Decubitus ulcer and pressure area,18320,507,0.97 [0.86-1.10],0.6356437404970733
BPIFB2,BPI fold-containing family B member 2,Chapter XII Diseases of the skin and subcutaneous tissue,Dermatitis,19814,272,1.16 [0.99-1.36],0.0715092433697315
BPIFB2,BPI fold-containing family B member 2,Chapter XII Diseases of the skin and subcutaneous tissue,Dermatitis and eczema,20019,477,1.06 [0.94-1.20],0.3231667624418644
BPIFB2,BPI fold-containing family B member 2,Chapter XII Diseases of the skin and subcutaneous tissue,Dermatitis due to substances taken internally,19586,44,1.44 [0.99-2.07],0.0539849219889997
BPIFB2,BPI fold-containing family B member 2,Chapter XII Diseases of the skin and subcutaneous tissue,Diseases of the skin and subcutaneous tissue,18732,3182,1.01 [0.96-1.06],0.8153022262009654
BPIFB2,BPI fold-containing family B member 2,Chapter XII Diseases of the skin and subcutaneous tissue,Disorders of skin appendages,19736,372,0.93 [0.80-1.08],0.3191118247926576
BPIFB2,BPI fold-containing family B member 2,Chapter XII Diseases of the skin and subcutaneous tissue,Follicular cysts of skin and subcutaneous tissue,19620,256,0.93 [0.78-1.11],0.4206768946017142
BPIFB2,BPI fold-containing family B member 2,Chapter XII Diseases of the skin and subcutaneous tissue,Infections of the skin and subcutaneous tissue,19785,907,1.06 [0.97-1.16],0.1879681961682248
BPIFB2,BPI fold-containing family B member 2,Chapter XII Diseases of the skin and subcutaneous tissue,"Lichen planus, including avohilmo",20098,50,0.99 [0.68-1.45],0.9725392738632512
BPIFB2,BPI fold-containing family B member 2,Chapter XII Diseases of the skin and subcutaneous tissue,Lupus erythematosus,17868,55,0.96 [0.67-1.37],0.8146637125265747
BPIFB2,BPI fold-containing family B member 2,Chapter XII Diseases of the skin and subcutaneous tissue,Nail disorders,19419,55,0.74 [0.49-1.11],0.1406133124779677
BPIFB2,BPI fold-containing family B member 2,Chapter XII Diseases of the skin and subcutaneous tissue,Other and unspecified dermatitis,19802,260,1.07 [0.90-1.27],0.4287109225670616
BPIFB2,BPI fold-containing family B member 2,Chapter XII Diseases of the skin and subcutaneous tissue,Other and unspecified disorders of skin and subcutaneous tissue,18328,515,1.07 [0.94-1.21],0.3102922869752809
BPIFB2,BPI fold-containing family B member 2,Chapter XII Diseases of the skin and subcutaneous tissue,Other and unspecified epidermal thickening,17893,80,0.98 [0.70-1.37],0.9079404199528456
BPIFB2,BPI fold-containing family B member 2,Chapter XII Diseases of the skin and subcutaneous tissue,Other and unspecified erythematous conditions,20042,74,1.39 [1.05-1.84],0.0195875093309358
BPIFB2,BPI fold-containing family B member 2,Chapter XII Diseases of the skin and subcutaneous tissue,Other and unspecified local infections of skin and subcutaneous tissue,19059,181,0.93 [0.76-1.14],0.4655539188173516
BPIFB2,BPI fold-containing family B member 2,Chapter XII Diseases of the skin and subcutaneous tissue,Other and unspecified psoriasis,19939,194,1.09 [0.90-1.33],0.3904934770778823
BPIFB2,BPI fold-containing family B member 2,Chapter XII Diseases of the skin and subcutaneous tissue,Other contact dermatitis,19618,76,0.76 [0.55-1.06],0.111532765886052
BPIFB2,BPI fold-containing family B member 2,Chapter XII Diseases of the skin and subcutaneous tissue,Other disorders of pigmentation,17876,63,0.75 [0.50-1.11],0.1453505608591459
BPIFB2,BPI fold-containing family B member 2,Chapter XII Diseases of the skin and subcutaneous tissue,Other disorders of skin and subcutaneous tissue,19590,1777,0.99 [0.93-1.06],0.776715481201179
BPIFB2,BPI fold-containing family B member 2,Chapter XII Diseases of the skin and subcutaneous tissue,"Other disorders of skin and subcutaneous tissue, not elsewhere classified",18365,552,1.06 [0.94-1.19],0.3703606184008621
BPIFB2,BPI fold-containing family B member 2,Chapter XII Diseases of the skin and subcutaneous tissue,Other epidermal thickening,17896,83,0.97 [0.70-1.34],0.8424136755625714
BPIFB2,BPI fold-containing family B member 2,Chapter XII Diseases of the skin and subcutaneous tissue,Papulosquamous disorders,20037,292,1.10 [0.94-1.29],0.2440444281280725
BPIFB2,BPI fold-containing family B member 2,Chapter XII Diseases of the skin and subcutaneous tissue,Pruritus,19608,66,1.08 [0.78-1.49],0.6515780736743877
BPIFB2,BPI fold-containing family B member 2,Chapter XII Diseases of the skin and subcutaneous tissue,Psoriasis,19986,241,1.13 [0.94-1.34],0.1851714156502031
BPIFB2,BPI fold-containing family B member 2,Chapter XII Diseases of the skin and subcutaneous tissue,Radiation-related disorders of the skin and subcutaneous tissue,20054,382,1.09 [0.94-1.26],0.2475838146293671
BPIFB2,BPI fold-containing family B member 2,Chapter XII Diseases of the skin and subcutaneous tissue,Scar conditions and fibrosis of skin,17921,108,1.16 [0.89-1.50],0.2771485846405841
BPIFB2,BPI fold-containing family B member 2,Chapter XII Diseases of the skin and subcutaneous tissue,Seborrhoeic keratosis,18100,287,0.88 [0.73-1.05],0.1452331530482136
BPIFB2,BPI fold-containing family B member 2,Chapter XII Diseases of the skin and subcutaneous tissue,Skin changes due to chronic exposure to nonionizing radiation,20043,371,1.09 [0.94-1.26],0.2744422876527627
BPIFB2,BPI fold-containing family B member 2,Chapter XII Diseases of the skin and subcutaneous tissue,"Ulcer of lower limb, not elsewhere classified",18085,272,0.99 [0.85-1.17],0.9398470233983084
BPIFB2,BPI fold-containing family B member 2,Chapter XII Diseases of the skin and subcutaneous tissue,Urticaria and erythema,20091,123,1.30 [1.04-1.62],0.0223419254797656
BPIFB2,BPI fold-containing family B member 2,Chapter XIII Diseases of the musculoskeletal system and connective tissue,Adhesive capsulitis of shoulder,16806,69,1.19 [0.88-1.61],0.2584718006345022
BPIFB2,BPI fold-containing family B member 2,Chapter XIII Diseases of the musculoskeletal system and connective tissue,Arthropathies,17753,5540,1.04 [1.00-1.07],0.0633846852740583
BPIFB2,BPI fold-containing family B member 2,Chapter XIII Diseases of the musculoskeletal system and connective tissue,Arthrosis,16531,4318,1.03 [0.99-1.07],0.1740646117007573
BPIFB2,BPI fold-containing family B member 2,Chapter XIII Diseases of the musculoskeletal system and connective tissue,Bursitis of shoulder,16783,46,0.83 [0.54-1.27],0.3864693944318504
BPIFB2,BPI fold-containing family B member 2,Chapter XIII Diseases of the musculoskeletal system and connective tissue,Cervical disc disorders,16758,118,1.06 [0.83-1.36],0.6386332964578283
BPIFB2,BPI fold-containing family B member 2,Chapter XIII Diseases of the musculoskeletal system and connective tissue,Cervicalgia,16801,161,1.08 [0.87-1.33],0.4934592789651224
BPIFB2,BPI fold-containing family B member 2,Chapter XIII Diseases of the musculoskeletal system and connective tissue,Chondropathies,19896,52,0.96 [0.66-1.40],0.8206758422317958
BPIFB2,BPI fold-containing family B member 2,Chapter XIII Diseases of the musculoskeletal system and connective tissue,"Collapsed vertebra, not elsewhere classified",16766,126,0.96 [0.74-1.23],0.7248843889316214
BPIFB2,BPI fold-containing family B member 2,Chapter XIII Diseases of the musculoskeletal system and connective tissue,Coxarthrosis,13489,1276,1.02 [0.95-1.10],0.5796342718153036
BPIFB2,BPI fold-containing family B member 2,Chapter XIII Diseases of the musculoskeletal system and connective tissue,"Coxarthrosis, primary",19925,215,1.07 [0.89-1.28],0.4865211695072977
BPIFB2,BPI fold-containing family B member 2,Chapter XIII Diseases of the musculoskeletal system and connective tissue,Deforming dorsopathies,17121,481,0.96 [0.85-1.09],0.5394970913080199
BPIFB2,BPI fold-containing family B member 2,Chapter XIII Diseases of the musculoskeletal system and connective tissue,Diseases of the musculoskeletal system and connective tissue,16308,6934,1.03 [1.00-1.07],0.0560880058964806
BPIFB2,BPI fold-containing family B member 2,Chapter XIII Diseases of the musculoskeletal system and connective tissue,Disorders of continuity of bone,17951,104,1.00 [0.77-1.31],0.9848930023079694
BPIFB2,BPI fold-containing family B member 2,Chapter XIII Diseases of the musculoskeletal system and connective tissue,Disorders of muscles,16888,151,1.13 [0.91-1.41],0.2519587751728933
BPIFB2,BPI fold-containing family B member 2,Chapter XIII Diseases of the musculoskeletal system and connective tissue,Disorders of synovium and tendon,17180,443,1.03 [0.90-1.17],0.6636810626188414
BPIFB2,BPI fold-containing family B member 2,Chapter XIII Diseases of the musculoskeletal system and connective tissue,Dorsopathies,19300,2660,1.01 [0.96-1.07],0.6932785344282644
BPIFB2,BPI fold-containing family B member 2,Chapter XIII Diseases of the musculoskeletal system and connective tissue,Fibroblastic disorders,17009,272,0.91 [0.75-1.10],0.3223468759134287
BPIFB2,BPI fold-containing family B member 2,Chapter XIII Diseases of the musculoskeletal system and connective tissue,Fibromyalgia,16861,124,1.07 [0.85-1.35],0.5638857701900508
BPIFB2,BPI fold-containing family B member 2,Chapter XIII Diseases of the musculoskeletal system and connective tissue,Ganglion,16840,103,0.95 [0.72-1.27],0.7482984503042001
BPIFB2,BPI fold-containing family B member 2,Chapter XIII Diseases of the musculoskeletal system and connective tissue,Giant cell arteritis,19445,87,1.21 [0.92-1.59],0.1634551519359315
BPIFB2,BPI fold-containing family B member 2,Chapter XIII Diseases of the musculoskeletal system and connective tissue,Gonarthrosis,13936,1723,1.09 [1.02-1.16],0.0084997299716123
BPIFB2,BPI fold-containing family B member 2,Chapter XIII Diseases of the musculoskeletal system and connective tissue,Gout,12867,654,1.01 [0.91-1.13],0.8307574733462877
BPIFB2,BPI fold-containing family B member 2,Chapter XIII Diseases of the musculoskeletal system and connective tissue,"Gout, unspecified",20033,648,1.00 [0.89-1.11],0.9386911246274772
BPIFB2,BPI fold-containing family B member 2,Chapter XIII Diseases of the musculoskeletal system and connective tissue,Hallux rigidus,12276,63,0.75 [0.51-1.11],0.1499226160459266
BPIFB2,BPI fold-containing family B member 2,Chapter XIII Diseases of the musculoskeletal system and connective tissue,Hallux valgus (acquired),12482,269,0.94 [0.79-1.11],0.4671614194910803
BPIFB2,BPI fold-containing family B member 2,Chapter XIII Diseases of the musculoskeletal system and connective tissue,Impingement syndrome of shoulder,16963,226,1.13 [0.95-1.35],0.1742936345624325
BPIFB2,BPI fold-containing family B member 2,Chapter XIII Diseases of the musculoskeletal system and connective tissue,Internal derangement of knee,12629,416,1.13 [0.99-1.29],0.0624480558694944
BPIFB2,BPI fold-containing family B member 2,Chapter XIII Diseases of the musculoskeletal system and connective tissue,Kyphosis,16706,66,1.36 [1.00-1.84],0.0469414635435914
BPIFB2,BPI fold-containing family B member 2,Chapter XIII Diseases of the musculoskeletal system and connective tissue,Low back pain,17211,571,1.14 [1.03-1.27],0.0144035786310422
BPIFB2,BPI fold-containing family B member 2,Chapter XIII Diseases of the musculoskeletal system and connective tissue,Lumbar disc prolapse,16896,256,0.98 [0.82-1.16],0.7911035669131047
BPIFB2,BPI fold-containing family B member 2,Chapter XIII Diseases of the musculoskeletal system and connective tissue,Meniscus derangement,12602,389,1.14 [1.00-1.31],0.0519798054631176
BPIFB2,BPI fold-containing family B member 2,Chapter XIII Diseases of the musculoskeletal system and connective tissue,Myalgia,16797,60,0.99 [0.70-1.41],0.9573692087301666
BPIFB2,BPI fold-containing family B member 2,Chapter XIII Diseases of the musculoskeletal system and connective tissue,"Neuralgia and neuritis, unspecified",16785,48,1.23 [0.85-1.80],0.2748231478672143
BPIFB2,BPI fold-containing family B member 2,Chapter XIII Diseases of the musculoskeletal system and connective tissue,Osteomyelitis,17913,66,1.19 [0.87-1.63],0.2686174058658798
BPIFB2,BPI fold-containing family B member 2,Chapter XIII Diseases of the musculoskeletal system and connective tissue,Osteopathies and chondropathies,19746,1899,1.08 [1.02-1.15],0.0103585214373777
BPIFB2,BPI fold-containing family B member 2,Chapter XIII Diseases of the musculoskeletal system and connective tissue,Osteoporosis,19189,1342,1.08 [1.01-1.17],0.0329300826569506
BPIFB2,BPI fold-containing family B member 2,Chapter XIII Diseases of the musculoskeletal system and connective tissue,"Other (seronegative) rheumatoid arthritis, wide",19973,465,1.21 [1.08-1.36],0.0010842298560936
BPIFB2,BPI fold-containing family B member 2,Chapter XIII Diseases of the musculoskeletal system and connective tissue,Other arthrosis,14908,2695,1.01 [0.96-1.06],0.729877897460798
BPIFB2,BPI fold-containing family B member 2,Chapter XIII Diseases of the musculoskeletal system and connective tissue,Other articular cartilage disorders,12253,40,1.07 [0.70-1.64],0.7488886144580535
BPIFB2,BPI fold-containing family B member 2,Chapter XIII Diseases of the musculoskeletal system and connective tissue,Other bursopathies,16823,86,0.94 [0.70-1.28],0.7142349165737265
BPIFB2,BPI fold-containing family B member 2,Chapter XIII Diseases of the musculoskeletal system and connective tissue,Other crystal arthropathies,12278,65,1.26 [0.92-1.72],0.1491761614815643
BPIFB2,BPI fold-containing family B member 2,Chapter XIII Diseases of the musculoskeletal system and connective tissue,Other deformities of toe(s),12330,117,0.99 [0.77-1.27],0.9279191531993152
BPIFB2,BPI fold-containing family B member 2,Chapter XIII Diseases of the musculoskeletal system and connective tissue,Other disorders of bone,18052,205,1.05 [0.87-1.26],0.6379947898488385
BPIFB2,BPI fold-containing family B member 2,Chapter XIII Diseases of the musculoskeletal system and connective tissue,Other disorders of bone density and structure,18264,417,1.02 [0.89-1.17],0.7498755375341657
BPIFB2,BPI fold-containing family B member 2,Chapter XIII Diseases of the musculoskeletal system and connective tissue,Other disorders of the musculoskeletal system and connective tissue,20098,92,1.14 [0.87-1.50],0.3348687968111546
BPIFB2,BPI fold-containing family B member 2,Chapter XIII Diseases of the musculoskeletal system and connective tissue,"Other dorsopathies, not elsewhere classified",18314,1674,1.04 [0.97-1.11],0.2455618315755641
BPIFB2,BPI fold-containing family B member 2,Chapter XIII Diseases of the musculoskeletal system and connective tissue,Other enthesopathies,16797,60,1.26 [0.90-1.76],0.1703048066189937
BPIFB2,BPI fold-containing family B member 2,Chapter XIII Diseases of the musculoskeletal system and connective tissue,Other hammer toe(s) (acquired),12343,130,1.05 [0.83-1.32],0.7018840260001387
BPIFB2,BPI fold-containing family B member 2,Chapter XIII Diseases of the musculoskeletal system and connective tissue,Other intervertebral disc disorders,17307,667,0.97 [0.87-1.07],0.5266828858684558
BPIFB2,BPI fold-containing family B member 2,Chapter XIII Diseases of the musculoskeletal system and connective tissue,Other joint disorders,14084,1871,1.05 [0.99-1.12],0.0971728756102206
BPIFB2,BPI fold-containing family B member 2,Chapter XIII Diseases of the musculoskeletal system and connective tissue,Other necrotizing vasculopathies,19465,107,1.32 [1.04-1.68],0.0233177987861234
BPIFB2,BPI fold-containing family B member 2,Chapter XIII Diseases of the musculoskeletal system and connective tissue,Other psoriatic arthropathies,20108,57,1.33 [0.96-1.85],0.0840517995442669
BPIFB2,BPI fold-containing family B member 2,Chapter XIII Diseases of the musculoskeletal system and connective tissue,Other shoulder lesions,16806,69,0.96 [0.68-1.35],0.8166752909078416
BPIFB2,BPI fold-containing family B member 2,Chapter XIII Diseases of the musculoskeletal system and connective tissue,"Other soft tissue disorders, not elsewhere classified",17871,1134,1.04 [0.96-1.13],0.3112023187434682
BPIFB2,BPI fold-containing family B member 2,Chapter XIII Diseases of the musculoskeletal system and connective tissue,Other specified disorders of muscle,16824,87,1.20 [0.91-1.59],0.2064934810855015
BPIFB2,BPI fold-containing family B member 2,Chapter XIII Diseases of the musculoskeletal system and connective tissue,Other specified/unspecified arthritis,14001,1788,1.07 [1.00-1.13],0.0479121132078373
BPIFB2,BPI fold-containing family B member 2,Chapter XIII Diseases of the musculoskeletal system and connective tissue,Other specified/unspecified disorders of  bone/cartilage,17950,103,0.94 [0.71-1.24],0.6609097534883851
BPIFB2,BPI fold-containing family B member 2,Chapter XIII Diseases of the musculoskeletal system and connective tissue,Other specified/unspecified disorders of synovium and tendon +Other specified/unspecified bursopathies,16765,28,1.36 [0.84-2.20],0.2089502641427355
BPIFB2,BPI fold-containing family B member 2,Chapter XIII Diseases of the musculoskeletal system and connective tissue,Other specified/unspecified inflammatory spondylopathies,16808,168,0.92 [0.74-1.13],0.4211597832899265
BPIFB2,BPI fold-containing family B member 2,Chapter XIII Diseases of the musculoskeletal system and connective tissue,Other specified/unspecified soft tissue disorders,17308,571,1.03 [0.92-1.15],0.5703251943112357
BPIFB2,BPI fold-containing family B member 2,Chapter XIII Diseases of the musculoskeletal system and connective tissue,Other systemic involvement of connective tissue,19786,428,1.22 [1.07-1.38],0.001966546143127
BPIFB2,BPI fold-containing family B member 2,Chapter XIII Diseases of the musculoskeletal system and connective tissue,Other/unspecified dorsalgia,17194,554,1.03 [0.92-1.16],0.5753507594122695
BPIFB2,BPI fold-containing family B member 2,Chapter XIII Diseases of the musculoskeletal system and connective tissue,Other/unspecified rheumatoid arthritis,19984,460,1.23 [1.10-1.38],0.0004765032479974
BPIFB2,BPI fold-containing family B member 2,Chapter XIII Diseases of the musculoskeletal system and connective tissue,Other/unspecified seropositive rheumatoid arthritis,20094,57,1.77 [1.32-2.38],0.0001592233602673
BPIFB2,BPI fold-containing family B member 2,Chapter XIII Diseases of the musculoskeletal system and connective tissue,Other/unspecified synovitis and tenosynovitis,16878,141,0.99 [0.78-1.24],0.9116584116120868
BPIFB2,BPI fold-containing family B member 2,Chapter XIII Diseases of the musculoskeletal system and connective tissue,Pain in joint,15691,742,1.12 [1.02-1.23],0.0213618979185829
BPIFB2,BPI fold-containing family B member 2,Chapter XIII Diseases of the musculoskeletal system and connective tissue,Pain in limb,17275,538,1.09 [0.97-1.22],0.1478856180401667
BPIFB2,BPI fold-containing family B member 2,Chapter XIII Diseases of the musculoskeletal system and connective tissue,Palmar fascial fibromatosis [Dupuytren],16982,245,0.92 [0.75-1.12],0.4143096433592477
BPIFB2,BPI fold-containing family B member 2,Chapter XIII Diseases of the musculoskeletal system and connective tissue,"Polyarthritis, unspecified",12279,66,1.15 [0.84-1.58],0.3747453983409647
BPIFB2,BPI fold-containing family B member 2,Chapter XIII Diseases of the musculoskeletal system and connective tissue,Polyarthropathies,14895,2682,1.07 [1.02-1.13],0.0089316920575181
BPIFB2,BPI fold-containing family B member 2,Chapter XIII Diseases of the musculoskeletal system and connective tissue,Polyarthrosis,12928,715,1.09 [0.99-1.20],0.0767561476137115
BPIFB2,BPI fold-containing family B member 2,Chapter XIII Diseases of the musculoskeletal system and connective tissue,Polymyalgia rheumatica,19679,321,1.18 [1.02-1.37],0.0230360014545283
BPIFB2,BPI fold-containing family B member 2,Chapter XIII Diseases of the musculoskeletal system and connective tissue,"Postprocedural musculoskeletal disorders, not elsewhere classified",20069,63,1.07 [0.76-1.49],0.7043272153243085
BPIFB2,BPI fold-containing family B member 2,Chapter XIII Diseases of the musculoskeletal system and connective tissue,"Primary gonarthrosis, bilateral",17838,58,1.17 [0.85-1.62],0.3307084673386446
BPIFB2,BPI fold-containing family B member 2,Chapter XIII Diseases of the musculoskeletal system and connective tissue,Psoriatic arthropathies,12271,58,1.32 [0.95-1.84],0.0958983326454911
BPIFB2,BPI fold-containing family B member 2,Chapter XIII Diseases of the musculoskeletal system and connective tissue,Radiculopathy,16734,94,0.83 [0.62-1.12],0.2333844789247147
BPIFB2,BPI fold-containing family B member 2,Chapter XIII Diseases of the musculoskeletal system and connective tissue,Rheumatoid arthritis,12685,472,1.22 [1.08-1.37],0.0009118781389435
BPIFB2,BPI fold-containing family B member 2,Chapter XIII Diseases of the musculoskeletal system and connective tissue,Rotator cuff syndrome,17029,292,1.03 [0.88-1.21],0.6778130501687432
BPIFB2,BPI fold-containing family B member 2,Chapter XIII Diseases of the musculoskeletal system and connective tissue,Sciatica+with lumbago,16883,243,1.11 [0.94-1.31],0.2072582192311104
BPIFB2,BPI fold-containing family B member 2,Chapter XIII Diseases of the musculoskeletal system and connective tissue,Scoliosis,16862,222,1.06 [0.88-1.26],0.5468024939451397
BPIFB2,BPI fold-containing family B member 2,Chapter XIII Diseases of the musculoskeletal system and connective tissue,Seronegative rheumatoid arthritis,14201,59,1.05 [0.74-1.49],0.7978628018842391
BPIFB2,BPI fold-containing family B member 2,Chapter XIII Diseases of the musculoskeletal system and connective tissue,"Seropositive rheumatoid arthritis, wide",20098,61,1.75 [1.32-2.33],0.0001248078351809
BPIFB2,BPI fold-containing family B member 2,Chapter XIII Diseases of the musculoskeletal system and connective tissue,Shoulder lesions,17215,478,1.09 [0.97-1.24],0.148964003752277
BPIFB2,BPI fold-containing family B member 2,Chapter XIII Diseases of the musculoskeletal system and connective tissue,Sicca syndrome [Sjgren],19444,86,1.38 [1.06-1.79],0.0158214434223853
BPIFB2,BPI fold-containing family B member 2,Chapter XIII Diseases of the musculoskeletal system and connective tissue,Soft tissue disorders,18982,2245,1.04 [0.98-1.10],0.231463378983929
BPIFB2,BPI fold-containing family B member 2,Chapter XIII Diseases of the musculoskeletal system and connective tissue,"Soft tissue disorders related to use, overuse and pressure",16864,127,1.12 [0.89-1.41],0.3407780049343205
BPIFB2,BPI fold-containing family B member 2,Chapter XIII Diseases of the musculoskeletal system and connective tissue,Spinal stenosis,17220,580,0.99 [0.89-1.11],0.9017983099362072
BPIFB2,BPI fold-containing family B member 2,Chapter XIII Diseases of the musculoskeletal system and connective tissue,Spondyloarthritis,18915,228,0.89 [0.74-1.08],0.2391583265129589
BPIFB2,BPI fold-containing family B member 2,Chapter XIII Diseases of the musculoskeletal system and connective tissue,Spondylolisthesis/Spondylolysis,16843,203,0.85 [0.70-1.04],0.1151780195470932
BPIFB2,BPI fold-containing family B member 2,Chapter XIII Diseases of the musculoskeletal system and connective tissue,Spondylopathies,18312,1672,0.97 [0.91-1.04],0.4368409863890773
BPIFB2,BPI fold-containing family B member 2,Chapter XIII Diseases of the musculoskeletal system and connective tissue,Spondylosis,17734,1094,0.97 [0.89-1.06],0.4937603111672359
BPIFB2,BPI fold-containing family B member 2,Chapter XIII Diseases of the musculoskeletal system and connective tissue,Synovial cyst of popliteal space [Baker],16786,49,1.11 [0.76-1.62],0.6010830175567698
BPIFB2,BPI fold-containing family B member 2,Chapter XIII Diseases of the musculoskeletal system and connective tissue,Systemic lupus erythematosus,19466,108,1.11 [0.87-1.42],0.4112406392432274
BPIFB2,BPI fold-containing family B member 2,Chapter XIII Diseases of the musculoskeletal system and connective tissue,Trigger finger,16885,148,1.07 [0.86-1.34],0.5508547906177952
BPIFB2,BPI fold-containing family B member 2,Chapter XIII Diseases of the musculoskeletal system and connective tissue,Trochanteric bursitis,16818,81,1.12 [0.85-1.48],0.4329661526890924
BPIFB2,BPI fold-containing family B member 2,Chapter XIII Diseases of the musculoskeletal system and connective tissue,Wrist or foot drop (acquired),12275,62,1.25 [0.90-1.74],0.1868280034483857
BPIFB2,BPI fold-containing family B member 2,Chapter XIV Diseases of the genitourinary system,Acute renal failure,18968,1826,1.08 [1.02-1.15],0.0140273440899572
BPIFB2,BPI fold-containing family B member 2,Chapter XIV Diseases of the genitourinary system,Adenomyosis (Endometriosis of uterus),8097,23,0.70 [0.38-1.28],0.2410654901483334
BPIFB2,BPI fold-containing family B member 2,Chapter XIV Diseases of the genitourinary system,Benign mammary dysplasia,10290,26,0.59 [0.32-1.07],0.0838671184452984
BPIFB2,BPI fold-containing family B member 2,Chapter XIV Diseases of the genitourinary system,Calculus of kidney and ureter,19839,267,1.05 [0.89-1.24],0.5870380507610415
BPIFB2,BPI fold-containing family B member 2,Chapter XIV Diseases of the genitourinary system,Calculus of lower urinary tract,19662,90,1.20 [0.90-1.60],0.2116299180760685
BPIFB2,BPI fold-containing family B member 2,Chapter XIV Diseases of the genitourinary system,Chronic kidney disease,18897,1755,1.16 [1.09-1.23],1.9914651323889466e-06
BPIFB2,BPI fold-containing family B member 2,Chapter XIV Diseases of the genitourinary system,Chronic nephritic syndrome,19932,89,1.08 [0.82-1.42],0.5756465082243838
BPIFB2,BPI fold-containing family B member 2,Chapter XIV Diseases of the genitourinary system,Cyst of kidney,19889,337,1.17 [1.01-1.35],0.032559187645491
BPIFB2,BPI fold-containing family B member 2,Chapter XIV Diseases of the genitourinary system,Cystitis,16889,261,0.89 [0.74-1.07],0.2038048072477772
BPIFB2,BPI fold-containing family B member 2,Chapter XIV Diseases of the genitourinary system,Dialysis,17210,68,1.40 [1.04-1.87],0.0261358251123842
BPIFB2,BPI fold-containing family B member 2,Chapter XIV Diseases of the genitourinary system,Diseases of male genital organs,8816,1828,0.98 [0.92-1.06],0.6416339601164556
BPIFB2,BPI fold-containing family B member 2,Chapter XIV Diseases of the genitourinary system,Disorders of breast,10372,108,0.94 [0.73-1.21],0.628584897938068
BPIFB2,BPI fold-containing family B member 2,Chapter XIV Diseases of the genitourinary system,Endometriosis,8109,35,0.76 [0.47-1.22],0.2510337137639379
BPIFB2,BPI fold-containing family B member 2,Chapter XIV Diseases of the genitourinary system,Female genital prolapse,8572,498,1.08 [0.96-1.22],0.1903321916122822
BPIFB2,BPI fold-containing family B member 2,Chapter XIV Diseases of the genitourinary system,Genitourinary diseases,16615,5328,1.02 [0.98-1.06],0.2792401063036144
BPIFB2,BPI fold-containing family B member 2,Chapter XIV Diseases of the genitourinary system,Glomerular disorders in diseases classified elsewhere,19912,69,1.07 [0.79-1.46],0.6630404784704169
BPIFB2,BPI fold-containing family B member 2,Chapter XIV Diseases of the genitourinary system,Hydrocele,7093,105,0.89 [0.66-1.21],0.4735175659859032
BPIFB2,BPI fold-containing family B member 2,Chapter XIV Diseases of the genitourinary system,Hydronephrosis,17168,279,0.91 [0.76-1.08],0.2850799973384018
BPIFB2,BPI fold-containing family B member 2,Chapter XIV Diseases of the genitourinary system,Hyperplasia of prostate,8542,1554,0.99 [0.91-1.07],0.7263853497343723
BPIFB2,BPI fold-containing family B member 2,Chapter XIV Diseases of the genitourinary system,Inflammatory diseases of female pelvic organs,10429,138,0.93 [0.75-1.16],0.518284923160574
BPIFB2,BPI fold-containing family B member 2,Chapter XIV Diseases of the genitourinary system,Inflammatory diseases of prostate (prostatitis),7094,106,0.99 [0.74-1.34],0.9674707331220128
BPIFB2,BPI fold-containing family B member 2,Chapter XIV Diseases of the genitourinary system,Neuromuscular dysfunction of bladder,16700,72,1.23 [0.91-1.66],0.1863866890161099
BPIFB2,BPI fold-containing family B member 2,Chapter XIV Diseases of the genitourinary system,Noninflammatory disorders of female genital tract,8968,894,1.05 [0.96-1.15],0.2570634881767317
BPIFB2,BPI fold-containing family B member 2,Chapter XIV Diseases of the genitourinary system,Orchitis and epididymitis,7036,48,0.73 [0.45-1.19],0.2109940647141757
BPIFB2,BPI fold-containing family B member 2,Chapter XIV Diseases of the genitourinary system,Other abnormal uterine and vaginal bleeding,8108,34,1.04 [0.68-1.60],0.8475707488399943
BPIFB2,BPI fold-containing family B member 2,Chapter XIV Diseases of the genitourinary system,"Other chronic cystitis, drug-induced",20109,75,0.98 [0.71-1.37],0.927723711622871
BPIFB2,BPI fold-containing family B member 2,Chapter XIV Diseases of the genitourinary system,"Other cystitis, drug-induced",20104,74,0.75 [0.53-1.07],0.1102884084035262
BPIFB2,BPI fold-containing family B member 2,Chapter XIV Diseases of the genitourinary system,Other diseases of urinary system,19087,2459,1.01 [0.96-1.07],0.6978019033837493
BPIFB2,BPI fold-containing family B member 2,Chapter XIV Diseases of the genitourinary system,Other disorders of  bladder,17442,814,1.00 [0.90-1.10],0.9494599356816258
BPIFB2,BPI fold-containing family B member 2,Chapter XIV Diseases of the genitourinary system,Other disorders of breast,10308,44,0.99 [0.68-1.45],0.9702000211426348
BPIFB2,BPI fold-containing family B member 2,Chapter XIV Diseases of the genitourinary system,Other disorders of kidney and ureter,20054,502,1.14 [1.01-1.28],0.028300358325455
BPIFB2,BPI fold-containing family B member 2,Chapter XIV Diseases of the genitourinary system,Other disorders of male genital organs,7109,121,1.04 [0.79-1.36],0.7806794564031103
BPIFB2,BPI fold-containing family B member 2,Chapter XIV Diseases of the genitourinary system,Other disorders of penis,7126,138,1.09 [0.86-1.40],0.474350864080088
BPIFB2,BPI fold-containing family B member 2,Chapter XIV Diseases of the genitourinary system,Other disorders of prostate,7115,127,0.91 [0.69-1.19],0.4802750159554007
BPIFB2,BPI fold-containing family B member 2,Chapter XIV Diseases of the genitourinary system,Other disorders of the genitourinary system,20083,69,0.97 [0.69-1.36],0.8576170502956155
BPIFB2,BPI fold-containing family B member 2,Chapter XIV Diseases of the genitourinary system,Other disorders of urethra and urinary system,18540,1912,1.01 [0.95-1.08],0.6587052614346477
BPIFB2,BPI fold-containing family B member 2,Chapter XIV Diseases of the genitourinary system,Other female pelvic inflammatory diseases,10364,73,0.90 [0.66-1.23],0.5074540611748921
BPIFB2,BPI fold-containing family B member 2,Chapter XIV Diseases of the genitourinary system,Other noninflammatory disorders of cervix uteri,8138,64,1.02 [0.73-1.42],0.9250366946463208
BPIFB2,BPI fold-containing family B member 2,Chapter XIV Diseases of the genitourinary system,"Other noninflammatory disorders of uterus, except cervix",8210,136,0.86 [0.68-1.08],0.1892870457289792
BPIFB2,BPI fold-containing family B member 2,Chapter XIV Diseases of the genitourinary system,Other noninflammatory disorders of vagina,8124,50,0.93 [0.62-1.38],0.7012641245704536
BPIFB2,BPI fold-containing family B member 2,Chapter XIV Diseases of the genitourinary system,Other noninflammatory disorders of vulva and perineum,8163,89,1.10 [0.83-1.44],0.511844485477993
BPIFB2,BPI fold-containing family B member 2,Chapter XIV Diseases of the genitourinary system,Other obstructive and reflux uropathy,17218,329,0.91 [0.77-1.07],0.2453267212397263
BPIFB2,BPI fold-containing family B member 2,Chapter XIV Diseases of the genitourinary system,Other specified disorders of kidney and ureter,19715,163,1.04 [0.84-1.29],0.6979298390355746
BPIFB2,BPI fold-containing family B member 2,Chapter XIV Diseases of the genitourinary system,Ovarian cyst,8180,106,1.19 [0.93-1.52],0.157993971327235
BPIFB2,BPI fold-containing family B member 2,Chapter XIV Diseases of the genitourinary system,Pain and other conditions associated with female genital organs and menstrual cycle,8096,22,1.38 [0.83-2.30],0.2133720848153709
BPIFB2,BPI fold-containing family B member 2,Chapter XIV Diseases of the genitourinary system,Polyp of the female genital tract,8264,190,0.91 [0.75-1.10],0.3410756514992042
BPIFB2,BPI fold-containing family B member 2,Chapter XIV Diseases of the genitourinary system,Postmenopausal atrophic vaginitis,8157,83,1.42 [1.09-1.84],0.008927132194072
BPIFB2,BPI fold-containing family B member 2,Chapter XIV Diseases of the genitourinary system,Postmenopausal bleeding,8259,185,0.89 [0.73-1.08],0.2498106830748169
BPIFB2,BPI fold-containing family B member 2,Chapter XIV Diseases of the genitourinary system,Recurrent and persistent haematuria,19890,47,0.85 [0.55-1.32],0.4749595093415637
BPIFB2,BPI fold-containing family B member 2,Chapter XIV Diseases of the genitourinary system,"Redundant prepuce, phimosis and paraphimosis",7120,132,1.06 [0.82-1.36],0.6736115697133755
BPIFB2,BPI fold-containing family B member 2,Chapter XIV Diseases of the genitourinary system,Renal tubulo-interstitial diseases,19908,3019,1.09 [1.04-1.14],0.0007256096055594
BPIFB2,BPI fold-containing family B member 2,Chapter XIV Diseases of the genitourinary system,"Tubulo-interstitial nephritis, not specified as acute or chronic",16965,76,0.81 [0.58-1.13],0.219900159320505
BPIFB2,BPI fold-containing family B member 2,Chapter XIV Diseases of the genitourinary system,Unspecified kidney failure,17281,139,1.02 [0.81-1.29],0.867007192089047
BPIFB2,BPI fold-containing family B member 2,Chapter XIV Diseases of the genitourinary system,Unspecified renal colic,19606,34,1.13 [0.72-1.79],0.5944507391228318
BPIFB2,BPI fold-containing family B member 2,Chapter XIV Diseases of the genitourinary system,Urethral stricture,16855,227,1.12 [0.93-1.34],0.2346300792152436
BPIFB2,BPI fold-containing family B member 2,Chapter XIV Diseases of the genitourinary system,Urolithiasis,19916,344,1.05 [0.91-1.22],0.5103950010472666
BPIFB2,BPI fold-containing family B member 2,Chapter XIV Diseases of the genitourinary system,Uterine polyps,8108,34,0.82 [0.52-1.29],0.3902974029623255
