Protein,Protein_definition,Disease_category,Disease,NB_individual,NB_case,HR[95%CI],P_value
DPEP1,Dipeptidase 1,Chapter I Certain infectious and parasitic diseases,"Bacterial infection, other or unspecified",22330,174,0.86 [0.65-1.14],0.306951631266954
DPEP1,Dipeptidase 1,Chapter I Certain infectious and parasitic diseases,"Bacterial intestinal infections, IBD co-morbidities",23352,184,1.07 [0.81-1.42],0.6227773965685262
DPEP1,Dipeptidase 1,Chapter I Certain infectious and parasitic diseases,"Bacterial, viral and other infectious agents",23105,1401,1.01 [0.91-1.12],0.845570848827317
DPEP1,Dipeptidase 1,Chapter I Certain infectious and parasitic diseases,Candidiasis,23362,372,1.00 [0.82-1.22],0.990604768682206
DPEP1,Dipeptidase 1,Chapter I Certain infectious and parasitic diseases,Certain infectious and parasitic diseases,22676,3423,0.95 [0.89-1.01],0.129268332694681
DPEP1,Dipeptidase 1,Chapter I Certain infectious and parasitic diseases,Condition for Implicit Sepsis (Organ dysfunction codes),22647,3458,0.99 [0.93-1.05],0.7238124052712127
DPEP1,Dipeptidase 1,Chapter I Certain infectious and parasitic diseases,Diarrhoea and gastroenteritis of presumed infectious origin,23155,1027,0.91 [0.81-1.03],0.1356828057648047
DPEP1,Dipeptidase 1,Chapter I Certain infectious and parasitic diseases,Enterocolitis due to Clostridium difficile,23289,78,1.34 [0.86-2.09],0.1982353571946379
DPEP1,Dipeptidase 1,Chapter I Certain infectious and parasitic diseases,Explicit Sepsis,21167,1106,0.90 [0.81-1.01],0.0804413715432378
DPEP1,Dipeptidase 1,Chapter I Certain infectious and parasitic diseases,Implicit bacterial Sepsis,20419,1226,0.99 [0.88-1.10],0.8011142940492153
DPEP1,Dipeptidase 1,Chapter I Certain infectious and parasitic diseases,Implicit fungal Sepsis,20145,248,0.98 [0.77-1.25],0.8718276669815892
DPEP1,Dipeptidase 1,Chapter I Certain infectious and parasitic diseases,Implicit Sepsis,16443,2244,0.96 [0.88-1.04],0.2728558406480756
DPEP1,Dipeptidase 1,Chapter I Certain infectious and parasitic diseases,Implicit viral Sepsis,20078,404,1.05 [0.87-1.27],0.6345189038876099
DPEP1,Dipeptidase 1,Chapter I Certain infectious and parasitic diseases,Intestinal infectious diseases,23353,1225,0.94 [0.84-1.05],0.2749295630800837
DPEP1,Dipeptidase 1,Chapter I Certain infectious and parasitic diseases,Mycoses,23452,462,0.94 [0.79-1.12],0.504642351989068
DPEP1,Dipeptidase 1,Chapter I Certain infectious and parasitic diseases,Other bacterial agents as the cause of diseases classified to other chapters,22589,885,1.06 [0.93-1.21],0.3646283530871049
DPEP1,Dipeptidase 1,Chapter I Certain infectious and parasitic diseases,Other bacterial diseases,23374,1218,0.91 [0.82-1.01],0.0872482528662666
DPEP1,Dipeptidase 1,Chapter I Certain infectious and parasitic diseases,Other bacterial intestinal infections,22314,186,1.10 [0.83-1.45],0.5151828284495824
DPEP1,Dipeptidase 1,Chapter I Certain infectious and parasitic diseases,Other infectious diseases,23491,53,0.90 [0.54-1.52],0.7018128873614449
DPEP1,Dipeptidase 1,Chapter I Certain infectious and parasitic diseases,Other septicaemia,23224,1068,0.93 [0.83-1.04],0.220677107630154
DPEP1,Dipeptidase 1,Chapter I Certain infectious and parasitic diseases,Other specified/unspecified bacterial intestinal infections,23280,69,1.01 [0.64-1.59],0.9629532415610405
DPEP1,Dipeptidase 1,Chapter I Certain infectious and parasitic diseases,Other viral diseases,23428,118,1.05 [0.73-1.49],0.8054301354197361
DPEP1,Dipeptidase 1,Chapter I Certain infectious and parasitic diseases,"Other viral diseases, not elsewhere classified",23410,100,0.98 [0.67-1.44],0.9212390398634388
DPEP1,Dipeptidase 1,Chapter I Certain infectious and parasitic diseases,Streptococcus and staphylococcus as the cause of diseases classified to other chapters,22189,485,0.89 [0.75-1.06],0.200934424861278
DPEP1,Dipeptidase 1,Chapter I Certain infectious and parasitic diseases,Viral agents as the cause of diseases classified to other chapters,21992,288,1.00 [0.80-1.25],0.9985069128283076
DPEP1,Dipeptidase 1,Chapter I Certain infectious and parasitic diseases,Viral and other specified intestinal infections,22216,88,0.96 [0.64-1.44],0.8523210668122032
DPEP1,Dipeptidase 1,Chapter I Certain infectious and parasitic diseases,Viral hepatitis,23472,65,1.70 [1.03-2.80],0.0363456869660992
DPEP1,Dipeptidase 1,Chapter I Certain infectious and parasitic diseases,Viral infections characterized by skin and mucous membrane lesions,23437,142,1.14 [0.82-1.58],0.4296885696706233
DPEP1,Dipeptidase 1,Chapter I Certain infectious and parasitic diseases,Viral warts,23347,52,1.06 [0.62-1.82],0.8194605626179453
DPEP1,Dipeptidase 1,Chapter I Certain infectious and parasitic diseases,Zoster [herpes zoster],23346,51,1.09 [0.63-1.87],0.7668456424660515
DPEP1,Dipeptidase 1,Chapter II Neoplasms,Benign lipomatous neoplasm,23180,336,1.49 [1.20-1.86],0.000321629658014
DPEP1,Dipeptidase 1,Chapter II Neoplasms,Benign lipomatous neoplasm of skin and subcutaneous tissue of limbs,23420,44,2.28 [1.24-4.19],0.0080748341296645
DPEP1,Dipeptidase 1,Chapter II Neoplasms,Benign lipomatous neoplasm of skin and subcutaneous tissue of trunk,23389,54,1.29 [0.75-2.22],0.3533131422068037
DPEP1,Dipeptidase 1,Chapter II Neoplasms,Benign lipomatous neoplasm of spermatic cord,23445,128,1.52 [1.07-2.16],0.0207262651213781
DPEP1,Dipeptidase 1,Chapter II Neoplasms,"Benign neoplasm of colon, rectum, anus and anal canal",23124,1614,0.90 [0.82-0.99],0.0259748672868921
DPEP1,Dipeptidase 1,Chapter II Neoplasms,Benign neoplasm of meninges,23491,33,1.41 [0.70-2.82],0.3375921705817228
DPEP1,Dipeptidase 1,Chapter II Neoplasms,Benign neoplasm of other and ill-defined parts of digestive system,23430,64,0.89 [0.56-1.43],0.6393078718535911
DPEP1,Dipeptidase 1,Chapter II Neoplasms,Benign neoplasm of other and unspecified endocrine glands,23475,76,1.22 [0.78-1.91],0.3797055444376556
DPEP1,Dipeptidase 1,Chapter II Neoplasms,Benign neoplasm: Ascending colon,23466,435,0.84 [0.70-1.01],0.056931894418555
DPEP1,Dipeptidase 1,Chapter II Neoplasms,Benign neoplasm: Caecum,23462,331,0.93 [0.75-1.14],0.4759847694837932
DPEP1,Dipeptidase 1,Chapter II Neoplasms,"Benign neoplasm: Colon, unspecified",23365,80,1.11 [0.72-1.71],0.6254479946633538
DPEP1,Dipeptidase 1,Chapter II Neoplasms,Benign neoplasm: Descending colon,23458,273,0.82 [0.66-1.03],0.0872529623018326
DPEP1,Dipeptidase 1,Chapter II Neoplasms,Benign neoplasm: Rectum,23418,416,0.93 [0.77-1.12],0.4447871919164555
DPEP1,Dipeptidase 1,Chapter II Neoplasms,Benign neoplasm: Sigmoid colon,23369,717,0.88 [0.77-1.01],0.0761531686066108
DPEP1,Dipeptidase 1,Chapter II Neoplasms,Benign neoplasm: Transverse colon,23448,551,0.84 [0.72-0.99],0.0352707599195156
DPEP1,Dipeptidase 1,Chapter II Neoplasms,"Chronic lymphocytic leukaemia and small lyphocytis leukaemia, excluding all cancers (controls excluding all cancers)",18256,71,1.21 [0.76-1.92],0.4201988535322583
DPEP1,Dipeptidase 1,Chapter II Neoplasms,"Diffuse large B-cell lymphoma, excluding all cancers (controls excluding all cancers)",18255,70,0.89 [0.57-1.40],0.6252407731869201
DPEP1,Dipeptidase 1,Chapter II Neoplasms,"Haemangioma and lymphangioma, any site",23460,100,1.05 [0.71-1.55],0.7987662763190355
DPEP1,Dipeptidase 1,Chapter II Neoplasms,"Haemangioma, any site",23460,97,1.02 [0.69-1.51],0.9227909298795124
DPEP1,Dipeptidase 1,Chapter II Neoplasms,Lung cancer and mesothelioma,15619,338,1.01 [0.82-1.24],0.9626272259421972
DPEP1,Dipeptidase 1,Chapter II Neoplasms,Lymphoid leukaemia,18250,65,1.01 [0.63-1.63],0.9515217448202556
DPEP1,Dipeptidase 1,Chapter II Neoplasms,"Malignant melanoma of skin, excluding all cancers (controls excluding all cancers)",18377,192,1.29 [0.97-1.71],0.077741254794481
DPEP1,Dipeptidase 1,Chapter II Neoplasms,"Malignant neoplasm of bladder, excluding all cancers (controls excluding all cancers)",18476,291,0.90 [0.72-1.12],0.3303413063722258
DPEP1,Dipeptidase 1,Chapter II Neoplasms,"Malignant neoplasm of intrahepatic ducts, biliary tract and gallbladder, excluding all cancers (controls excluding all cancers)",18276,91,1.15 [0.77-1.72],0.4914862382105353
DPEP1,Dipeptidase 1,Chapter II Neoplasms,"Malignant neoplasm of kidney, except renal pelvis, excluding all cancers (controls excluding all cancers)",18328,143,0.98 [0.71-1.34],0.8807650921954526
DPEP1,Dipeptidase 1,Chapter II Neoplasms,"Malignant neoplasm of oesophagus, excluding all cancers (controls excluding all cancers)",18324,139,1.09 [0.78-1.51],0.6154756308830371
DPEP1,Dipeptidase 1,Chapter II Neoplasms,"Malignant neoplasm of pancreas, excluding all cancers (controls excluding all cancers)",18266,81,1.04 [0.68-1.58],0.8495460141437096
DPEP1,Dipeptidase 1,Chapter II Neoplasms,"Malignant neoplasm of prostate, excluding all cancers (controls excluding all cancers)",19565,1380,1.15 [1.03-1.27],0.0102122433195536
DPEP1,Dipeptidase 1,Chapter II Neoplasms,"Malignant neoplasm of rectum, excluding all cancers (controls excluding all cancers)",18325,140,0.77 [0.56-1.04],0.0912179099585533
DPEP1,Dipeptidase 1,Chapter II Neoplasms,"Malignant neoplasm of stomach, excluding all cancers (controls excluding all cancers)",18291,106,1.16 [0.80-1.69],0.4368218117860559
DPEP1,Dipeptidase 1,Chapter II Neoplasms,Malignant neoplasms of independent (primary) multiple sites,18312,127,1.13 [0.80-1.59],0.4984936830242833
DPEP1,Dipeptidase 1,Chapter II Neoplasms,Melanocytic naevi,23367,163,1.16 [0.85-1.57],0.3520425826296025
DPEP1,Dipeptidase 1,Chapter II Neoplasms,Melanocytic naevi of trunk,23460,92,1.20 [0.80-1.82],0.3750095612490801
DPEP1,Dipeptidase 1,Chapter II Neoplasms,Melanoma in situ,18214,69,0.70 [0.45-1.08],0.1041509062314971
DPEP1,Dipeptidase 1,Chapter II Neoplasms,"Non-follicular lymphoma, hilmo, excluding all cancers",18285,100,1.05 [0.72-1.55],0.7847379991030534
DPEP1,Dipeptidase 1,Chapter II Neoplasms,"Non-Hodgkin lymphoma, all, excluding all cancers (controls excluding all cancers)",18351,166,1.17 [0.87-1.58],0.3046319530891065
DPEP1,Dipeptidase 1,Chapter II Neoplasms,"Non-small cell lung cancer, excluding all cancers (controls excluding all cancers)",18400,215,0.90 [0.69-1.16],0.4012027248137655
DPEP1,Dipeptidase 1,Chapter II Neoplasms,"Other and unspecified types of non-Hodgkin lymphoma, hilmo, excluding all cancers",18285,100,1.47 [0.99-2.18],0.0575959161799155
DPEP1,Dipeptidase 1,Chapter II Neoplasms,Other benign neoplasms of skin,23357,139,0.90 [0.65-1.24],0.5219219691935025
DPEP1,Dipeptidase 1,Chapter II Neoplasms,"Other malignant neoplasms of skin (=non-melanoma skin cancer), excluding all cancers (controls excluding all cancers)",19375,1190,1.08 [0.97-1.21],0.1768636475178983
DPEP1,Dipeptidase 1,Chapter II Neoplasms,"Squamous cell neoplasms and carcinomas of the skin, excluding all cancers (controls excluding all cancers)",19447,1262,1.10 [0.99-1.23],0.0877646470183178
DPEP1,Dipeptidase 1,Chapter III Diseases of the blood and blood-forming organs and certain disorders involving the immune mechanism,Agranulocytosis,23220,305,0.81 [0.65-1.00],0.0513792713067562
DPEP1,Dipeptidase 1,Chapter III Diseases of the blood and blood-forming organs and certain disorders involving the immune mechanism,Anaemia in chronic diseases classified elsewhere,21774,116,1.08 [0.76-1.54],0.6694584589558858
DPEP1,Dipeptidase 1,Chapter III Diseases of the blood and blood-forming organs and certain disorders involving the immune mechanism,Diseases of spleen,22986,71,1.20 [0.75-1.90],0.4514361784087158
DPEP1,Dipeptidase 1,Chapter III Diseases of the blood and blood-forming organs and certain disorders involving the immune mechanism,Diseases of the blood and blood-forming organs and certain disorders involving the immune mechanism,22941,2750,0.94 [0.87-1.01],0.085010518261432
DPEP1,Dipeptidase 1,Chapter III Diseases of the blood and blood-forming organs and certain disorders involving the immune mechanism,Folate deficiency anaemia,22232,61,1.25 [0.75-2.06],0.3900140341796736
DPEP1,Dipeptidase 1,Chapter III Diseases of the blood and blood-forming organs and certain disorders involving the immune mechanism,Idiopathic thrombocytopenic purpura,23073,51,0.93 [0.55-1.57],0.7828011568769053
DPEP1,Dipeptidase 1,Chapter III Diseases of the blood and blood-forming organs and certain disorders involving the immune mechanism,Other anaemias,23117,1459,0.95 [0.86-1.05],0.359473467967202
DPEP1,Dipeptidase 1,Chapter III Diseases of the blood and blood-forming organs and certain disorders involving the immune mechanism,Other and unspecified anaemias,23115,1457,0.96 [0.87-1.06],0.3940916351241275
DPEP1,Dipeptidase 1,Chapter III Diseases of the blood and blood-forming organs and certain disorders involving the immune mechanism,Other and unspecified aplastic anaemias,21763,105,1.10 [0.75-1.61],0.6137977933838732
DPEP1,Dipeptidase 1,Chapter III Diseases of the blood and blood-forming organs and certain disorders involving the immune mechanism,Other and unspecified iron deficiency,23254,1083,0.84 [0.75-0.94],0.0031063448384072
DPEP1,Dipeptidase 1,Chapter III Diseases of the blood and blood-forming organs and certain disorders involving the immune mechanism,Other coagulation defects,23123,101,0.93 [0.64-1.36],0.7059287693347988
DPEP1,Dipeptidase 1,Chapter III Diseases of the blood and blood-forming organs and certain disorders involving the immune mechanism,Other diseases of blood and blood-forming organs,22988,73,1.02 [0.65-1.59],0.9397704403302054
DPEP1,Dipeptidase 1,Chapter III Diseases of the blood and blood-forming organs and certain disorders involving the immune mechanism,Other disorders of white blood cells,22975,60,0.70 [0.44-1.12],0.1392215104679036
DPEP1,Dipeptidase 1,Chapter III Diseases of the blood and blood-forming organs and certain disorders involving the immune mechanism,Purpura and other haemorrhagic conditions,23331,309,0.91 [0.74-1.13],0.3990767073456259
DPEP1,Dipeptidase 1,Chapter III Diseases of the blood and blood-forming organs and certain disorders involving the immune mechanism,Sarcoidosis,23396,48,1.36 [0.76-2.42],0.2967245665579973
DPEP1,Dipeptidase 1,Chapter III Diseases of the blood and blood-forming organs and certain disorders involving the immune mechanism,"Thrombocytopenia, unspecified",23272,250,1.03 [0.81-1.31],0.811849076599608
DPEP1,Dipeptidase 1,Chapter III Diseases of the blood and blood-forming organs and certain disorders involving the immune mechanism,Vitamin B12 deficiency anaemia,22249,78,0.97 [0.63-1.49],0.8983492483864809
DPEP1,Dipeptidase 1,"Chapter IV Endocrine, nutritional and metabolic diseases",Acidosis,17321,370,1.03 [0.84-1.25],0.7996640825544046
DPEP1,Dipeptidase 1,"Chapter IV Endocrine, nutritional and metabolic diseases",Acute alcohol intoxication,21474,162,0.79 [0.59-1.05],0.1067171619328829
DPEP1,Dipeptidase 1,"Chapter IV Endocrine, nutritional and metabolic diseases",Alcohol dependence,21501,189,0.96 [0.73-1.27],0.777024012215052
DPEP1,Dipeptidase 1,"Chapter IV Endocrine, nutritional and metabolic diseases",Alkalosis,17008,57,0.69 [0.43-1.12],0.1375864010380701
DPEP1,Dipeptidase 1,"Chapter IV Endocrine, nutritional and metabolic diseases",Bipolar affective disorders,22135,64,1.07 [0.66-1.73],0.7874156226055585
DPEP1,Dipeptidase 1,"Chapter IV Endocrine, nutritional and metabolic diseases",Deficiency of other B group vitamins,21382,216,0.88 [0.68-1.13],0.3138564853288034
DPEP1,Dipeptidase 1,"Chapter IV Endocrine, nutritional and metabolic diseases","Delirium, not induced by alcohol and other psychoactive substances",22990,610,1.11 [0.95-1.29],0.1976298264403954
DPEP1,Dipeptidase 1,"Chapter IV Endocrine, nutritional and metabolic diseases",Dementia in Alzheimer disease,22620,240,1.23 [0.96-1.58],0.1022122128194594
DPEP1,Dipeptidase 1,"Chapter IV Endocrine, nutritional and metabolic diseases",Dementia in other diseases classified elsewhere,22548,168,1.17 [0.87-1.58],0.296527595147711
DPEP1,Dipeptidase 1,"Chapter IV Endocrine, nutritional and metabolic diseases",Depression,23193,1122,0.97 [0.86-1.09],0.585722719030818
DPEP1,Dipeptidase 1,"Chapter IV Endocrine, nutritional and metabolic diseases",Depression or dysthymia,20090,1079,0.98 [0.87-1.10],0.7034120769476111
DPEP1,Dipeptidase 1,"Chapter IV Endocrine, nutritional and metabolic diseases","Disorder of lipoprotein metabolism, unspecified",17024,73,1.01 [0.65-1.59],0.9506298184111016
DPEP1,Dipeptidase 1,"Chapter IV Endocrine, nutritional and metabolic diseases","Disorder of thyroid, unspecified",22624,39,1.37 [0.73-2.58],0.3262505521046616
DPEP1,Dipeptidase 1,"Chapter IV Endocrine, nutritional and metabolic diseases",Disorders of calcium metabolism,17220,269,0.78 [0.63-0.98],0.0356180235620391
DPEP1,Dipeptidase 1,"Chapter IV Endocrine, nutritional and metabolic diseases",Disorders of iron metabolism,17024,73,1.32 [0.83-2.10],0.2486925239614375
DPEP1,Dipeptidase 1,"Chapter IV Endocrine, nutritional and metabolic diseases",Disorders of lipoprotein metabolism and other lipidaemias,20774,3823,0.91 [0.86-0.97],0.0035958365772651
DPEP1,Dipeptidase 1,"Chapter IV Endocrine, nutritional and metabolic diseases",Disorders of magnesium metabolism,17133,182,0.86 [0.65-1.13],0.2769465755631394
DPEP1,Dipeptidase 1,"Chapter IV Endocrine, nutritional and metabolic diseases",Disorders of mineral metabolism,17511,560,0.96 [0.82-1.13],0.644117357524804
DPEP1,Dipeptidase 1,"Chapter IV Endocrine, nutritional and metabolic diseases",Disorders of other endocrine glands,23434,269,0.88 [0.70-1.11],0.2873382865674265
DPEP1,Dipeptidase 1,"Chapter IV Endocrine, nutritional and metabolic diseases",Disorders of parathyroid gland,23253,88,0.84 [0.56-1.25],0.3880898759671399
DPEP1,Dipeptidase 1,"Chapter IV Endocrine, nutritional and metabolic diseases",Disorders of phosphorus metabolism and phosphatases,17101,150,1.15 [0.84-1.58],0.3853065708127564
DPEP1,Dipeptidase 1,"Chapter IV Endocrine, nutritional and metabolic diseases","Disorders of plasma-protein metabolism, not elsewhere classified",17016,65,1.25 [0.77-2.04],0.3712796514706538
DPEP1,Dipeptidase 1,"Chapter IV Endocrine, nutritional and metabolic diseases",Disorders of the thyroid gland,23317,732,1.07 [0.93-1.24],0.3345553752408974
DPEP1,Dipeptidase 1,"Chapter IV Endocrine, nutritional and metabolic diseases",Fluid overload,17251,300,0.79 [0.64-0.98],0.0324316055668759
DPEP1,Dipeptidase 1,"Chapter IV Endocrine, nutritional and metabolic diseases",Hyperkalaemia,17324,373,0.78 [0.65-0.95],0.0125250508440934
DPEP1,Dipeptidase 1,"Chapter IV Endocrine, nutritional and metabolic diseases","Hyperlipidaemia, other/unspecified",17665,714,0.85 [0.74-0.98],0.0276819086503339
DPEP1,Dipeptidase 1,"Chapter IV Endocrine, nutritional and metabolic diseases",Hyperosmolality and hypernatraemia,17095,144,0.86 [0.63-1.18],0.3614593460491891
DPEP1,Dipeptidase 1,"Chapter IV Endocrine, nutritional and metabolic diseases",Hyperparathyroidism,23246,81,0.86 [0.57-1.31],0.4867446855518486
DPEP1,Dipeptidase 1,"Chapter IV Endocrine, nutritional and metabolic diseases",Hypo-osmolality and hyponatraemia,17507,556,0.87 [0.74-1.02],0.0762889725106613
DPEP1,Dipeptidase 1,"Chapter IV Endocrine, nutritional and metabolic diseases",Hypokalaemia,17337,386,0.86 [0.71-1.04],0.1287834687887974
DPEP1,Dipeptidase 1,"Chapter IV Endocrine, nutritional and metabolic diseases",Iron deficiency,21231,65,0.93 [0.58-1.49],0.7661027946725514
DPEP1,Dipeptidase 1,"Chapter IV Endocrine, nutritional and metabolic diseases",Metabolic disorders,22071,5120,0.94 [0.89-0.99],0.018549311309781
DPEP1,Dipeptidase 1,"Chapter IV Endocrine, nutritional and metabolic diseases",Nontoxic multinodular goitre,22604,19,0.86 [0.36-2.02],0.7245033248097494
DPEP1,Dipeptidase 1,"Chapter IV Endocrine, nutritional and metabolic diseases",Nontoxic single thyroid nodule,22607,22,1.14 [0.51-2.57],0.7449497048054361
DPEP1,Dipeptidase 1,"Chapter IV Endocrine, nutritional and metabolic diseases",Obesity,23324,1748,0.94 [0.86-1.03],0.2107188953804294
DPEP1,Dipeptidase 1,"Chapter IV Endocrine, nutritional and metabolic diseases","Obesity, other/unspecified",23321,1744,0.94 [0.86-1.03],0.2042841144671617
DPEP1,Dipeptidase 1,"Chapter IV Endocrine, nutritional and metabolic diseases",Other and/or unspecified nontoxic goitre,22607,22,0.84 [0.38-1.86],0.6606974625624482
DPEP1,Dipeptidase 1,"Chapter IV Endocrine, nutritional and metabolic diseases",Other anxiety disorders,23222,788,1.08 [0.94-1.24],0.2655680032633688
DPEP1,Dipeptidase 1,"Chapter IV Endocrine, nutritional and metabolic diseases","Other disorders of fluid, electrolyte and acid-base balance",18545,1594,0.88 [0.80-0.97],0.0069733418777304
DPEP1,Dipeptidase 1,"Chapter IV Endocrine, nutritional and metabolic diseases",Other disorders of glucose regulation and pancreatic internal secretion,23480,261,1.05 [0.83-1.33],0.662101253206244
DPEP1,Dipeptidase 1,"Chapter IV Endocrine, nutritional and metabolic diseases",Other mental disorders due to brain damage and dysfunction and to physical disease,22488,108,0.92 [0.65-1.32],0.670025138594196
DPEP1,Dipeptidase 1,"Chapter IV Endocrine, nutritional and metabolic diseases",Panic disorder,22507,73,1.20 [0.76-1.89],0.4375471674612204
DPEP1,Dipeptidase 1,"Chapter IV Endocrine, nutritional and metabolic diseases",Phobic anxiety disorders,22515,81,1.17 [0.76-1.80],0.4852528377929415
DPEP1,Dipeptidase 1,"Chapter IV Endocrine, nutritional and metabolic diseases","Postprocedural endocrine and metabolic disorders, not elsewhere classified",17014,63,1.18 [0.72-1.93],0.5142176564496634
DPEP1,Dipeptidase 1,"Chapter IV Endocrine, nutritional and metabolic diseases",Type 1 diabetes without complications,20731,161,1.36 [1.00-1.86],0.0511048853843697
DPEP1,Dipeptidase 1,"Chapter IV Endocrine, nutritional and metabolic diseases",Type 2 diabetes with neurological complications,2471,121,0.90 [0.64-1.26],0.5481878587000459
DPEP1,Dipeptidase 1,"Chapter IV Endocrine, nutritional and metabolic diseases",Type 2 diabetes with ophthalmic complications,2636,319,0.85 [0.69-1.05],0.1315862073523598
DPEP1,Dipeptidase 1,"Chapter IV Endocrine, nutritional and metabolic diseases",Type 2 diabetes with peripheral circulatory complications,20668,98,0.86 [0.59-1.25],0.4280940332135962
DPEP1,Dipeptidase 1,"Chapter IV Endocrine, nutritional and metabolic diseases",Type 2 diabetes with renal complications,2429,81,0.69 [0.47-1.03],0.0733066489768231
DPEP1,Dipeptidase 1,"Chapter IV Endocrine, nutritional and metabolic diseases",Type 2 diabetes without complications,22718,2148,1.05 [0.97-1.14],0.265338058221357
DPEP1,Dipeptidase 1,"Chapter IV Endocrine, nutritional and metabolic diseases",Unspecified dementia,22739,359,1.16 [0.95-1.43],0.1454946879924701
DPEP1,Dipeptidase 1,"Chapter IV Endocrine, nutritional and metabolic diseases",Vitamin D deficiency,21407,241,0.88 [0.69-1.12],0.2873774689314877
DPEP1,Dipeptidase 1,"Chapter IV Endocrine, nutritional and metabolic diseases",Volume depletion,17744,793,0.94 [0.82-1.07],0.3536400110326437
DPEP1,Dipeptidase 1,Chapter IX Diseases of the circulatory system,"!Phlebitis/thrombophlebitis venae iliacae [externae/internae/communis], drug-induced",23368,248,1.20 [0.93-1.53],0.1571756584602208
DPEP1,Dipeptidase 1,Chapter IX Diseases of the circulatory system,Abdominal aortic aneurysm (AAA),22292,271,0.84 [0.67-1.05],0.1294211473756056
DPEP1,Dipeptidase 1,Chapter IX Diseases of the circulatory system,Angina pectoris,20618,1476,0.89 [0.81-0.98],0.017173583722791
DPEP1,Dipeptidase 1,Chapter IX Diseases of the circulatory system,Aortic aneurysm,22398,377,0.81 [0.67-0.98],0.0274876042216395
DPEP1,Dipeptidase 1,Chapter IX Diseases of the circulatory system,Arterial embolism and thrombosis of lower extremity artery,22105,84,0.77 [0.52-1.14],0.1863502461259836
DPEP1,Dipeptidase 1,Chapter IX Diseases of the circulatory system,"Atherosclerosis, excluding cerebral and coronary sclerosis",22264,243,0.80 [0.63-1.01],0.0553812327048652
DPEP1,Dipeptidase 1,Chapter IX Diseases of the circulatory system,Atrial fibrillation and flutter,13755,2270,0.90 [0.83-0.98],0.0142455520654515
DPEP1,Dipeptidase 1,Chapter IX Diseases of the circulatory system,AV-block,18911,620,0.95 [0.81-1.10],0.4699285659670613
DPEP1,Dipeptidase 1,Chapter IX Diseases of the circulatory system,"Bradycardia, unspecified, drug-induced",23418,530,1.06 [0.89-1.25],0.5201504260406882
DPEP1,Dipeptidase 1,Chapter IX Diseases of the circulatory system,Cardiac arrest,11734,249,0.86 [0.68-1.10],0.2338458361232442
DPEP1,Dipeptidase 1,Chapter IX Diseases of the circulatory system,Cardiomyopathy,18494,203,0.72 [0.56-0.93],0.0127120897827761
DPEP1,Dipeptidase 1,Chapter IX Diseases of the circulatory system,"Cardiomyopathy, other and unspecified",18402,111,0.70 [0.50-0.99],0.0449103121131195
DPEP1,Dipeptidase 1,Chapter IX Diseases of the circulatory system,Cerebral atherosclerosis,23492,64,1.05 [0.66-1.68],0.8380733625800223
DPEP1,Dipeptidase 1,Chapter IX Diseases of the circulatory system,Conduction disorders,19639,1348,0.94 [0.85-1.05],0.2681395185706532
DPEP1,Dipeptidase 1,Chapter IX Diseases of the circulatory system,Coronary atherosclerosis,21705,2587,0.94 [0.87-1.01],0.0824270648487633
DPEP1,Dipeptidase 1,Chapter IX Diseases of the circulatory system,Death due to cardiac causes,19786,7650,0.97 [0.93-1.01],0.1769431851626746
DPEP1,Dipeptidase 1,Chapter IX Diseases of the circulatory system,DVT of lower extremities,22285,272,1.18 [0.93-1.50],0.1609661771476158
DPEP1,Dipeptidase 1,Chapter IX Diseases of the circulatory system,Endocarditis,18372,81,0.58 [0.39-0.86],0.0062153038340482
DPEP1,Dipeptidase 1,Chapter IX Diseases of the circulatory system,"Heart failure, strict",23184,1306,0.94 [0.85-1.05],0.2825382933894443
DPEP1,Dipeptidase 1,Chapter IX Diseases of the circulatory system,Hypertension,20970,6677,0.97 [0.92-1.01],0.1582287340793559
DPEP1,Dipeptidase 1,Chapter IX Diseases of the circulatory system,"Hypertension, essential",20991,6698,0.97 [0.92-1.01],0.1500877146490189
DPEP1,Dipeptidase 1,Chapter IX Diseases of the circulatory system,"Hypertension, portal",23270,109,1.79 [1.22-2.63],0.0028724127728986
DPEP1,Dipeptidase 1,Chapter IX Diseases of the circulatory system,"Hypertension, Pulmonary Arterial",14474,181,0.85 [0.64-1.13],0.2673226738319719
DPEP1,Dipeptidase 1,Chapter IX Diseases of the circulatory system,Hypertensive Renal Disease,14460,167,0.74 [0.55-0.98],0.0385784204363077
DPEP1,Dipeptidase 1,Chapter IX Diseases of the circulatory system,Hypotension,23348,1227,0.90 [0.81-1.00],0.0563136720131459
DPEP1,Dipeptidase 1,Chapter IX Diseases of the circulatory system,Intracerebral haemorrhage,22428,117,1.07 [0.75-1.53],0.7099733835848134
DPEP1,Dipeptidase 1,Chapter IX Diseases of the circulatory system,"Ischaemic heart disease, wide definition",21844,2702,0.93 [0.87-1.00],0.0591052180733244
DPEP1,Dipeptidase 1,Chapter IX Diseases of the circulatory system,"Ischaemic Stroke, excluding all haemorrhages",23062,648,1.01 [0.87-1.17],0.9438090833630296
DPEP1,Dipeptidase 1,Chapter IX Diseases of the circulatory system,Left bundle-branch block,18704,413,1.03 [0.86-1.25],0.7234756551581691
DPEP1,Dipeptidase 1,Chapter IX Diseases of the circulatory system,Major coronary heart disease event,22765,1048,1.00 [0.89-1.12],0.9938041503725552
DPEP1,Dipeptidase 1,Chapter IX Diseases of the circulatory system,"Myocardial infarction, strict",20053,911,0.93 [0.82-1.05],0.2502818193390781
DPEP1,Dipeptidase 1,Chapter IX Diseases of the circulatory system,"Myocardial infarction, with ST-elevation",23331,220,0.84 [0.66-1.09],0.188050894001668
DPEP1,Dipeptidase 1,Chapter IX Diseases of the circulatory system,"Myocardial infarction, without ST-elevation",23439,374,0.99 [0.81-1.21],0.9190967793862316
DPEP1,Dipeptidase 1,Chapter IX Diseases of the circulatory system,Oesophageal varices,22082,69,3.10 [1.94-4.96],2.423903769482576e-06
DPEP1,Dipeptidase 1,Chapter IX Diseases of the circulatory system,Other aneurysm,22118,97,0.86 [0.59-1.26],0.4442636823445837
DPEP1,Dipeptidase 1,Chapter IX Diseases of the circulatory system,Other arrhythmias,18764,473,0.90 [0.76-1.07],0.2539888217270088
DPEP1,Dipeptidase 1,Chapter IX Diseases of the circulatory system,Other arterial embolism and thrombosis,22152,131,0.72 [0.53-0.99],0.041176475507464
DPEP1,Dipeptidase 1,Chapter IX Diseases of the circulatory system,Other diseases of arteries and capillaries,22300,279,0.95 [0.76-1.19],0.6770455902471793
DPEP1,Dipeptidase 1,Chapter IX Diseases of the circulatory system,Other diseases of pericardium,18480,189,0.69 [0.53-0.90],0.006177734832212
DPEP1,Dipeptidase 1,Chapter IX Diseases of the circulatory system,Other disorders of veins,22109,96,0.87 [0.60-1.27],0.4752551545908712
DPEP1,Dipeptidase 1,Chapter IX Diseases of the circulatory system,Other embolism and thrombosis,22062,49,1.16 [0.67-2.04],0.5940129640145391
DPEP1,Dipeptidase 1,Chapter IX Diseases of the circulatory system,Other intracranial haemorrhages,21916,90,1.12 [0.75-1.69],0.5790376145405145
DPEP1,Dipeptidase 1,Chapter IX Diseases of the circulatory system,Other noninfective disorders of lymphatic vessels and lymph nodes,22118,105,0.84 [0.59-1.19],0.3268363871483437
DPEP1,Dipeptidase 1,Chapter IX Diseases of the circulatory system,Other or ill-defined heart diseases,19526,1235,0.87 [0.78-0.96],0.0076111624541478
DPEP1,Dipeptidase 1,Chapter IX Diseases of the circulatory system,Other other unspecified disorders of the circulatory system,22183,62,1.51 [0.91-2.49],0.1082334938374277
DPEP1,Dipeptidase 1,Chapter IX Diseases of the circulatory system,Other peripheral vascular diseases,22579,558,0.82 [0.70-0.96],0.013749020027874
DPEP1,Dipeptidase 1,Chapter IX Diseases of the circulatory system,Other pulmonary heart/vessel disease,22847,355,0.87 [0.72-1.06],0.1715736093485955
DPEP1,Dipeptidase 1,Chapter IX Diseases of the circulatory system,"Other specified cerebrovascular diseases, other cerebrovascular disorders in diseases classified elsewhere",22491,665,0.97 [0.84-1.13],0.69690677802585
DPEP1,Dipeptidase 1,Chapter IX Diseases of the circulatory system,Paroxysmal tachycardia,11861,376,0.89 [0.73-1.08],0.2405589869589094
DPEP1,Dipeptidase 1,Chapter IX Diseases of the circulatory system,Peripheral artery disease,22493,519,0.85 [0.73-1.00],0.0535520573902067
DPEP1,Dipeptidase 1,Chapter IX Diseases of the circulatory system,Phlebitis and thrombophlebitis (not including DVT),22363,350,1.08 [0.88-1.32],0.4867927635794188
DPEP1,Dipeptidase 1,Chapter IX Diseases of the circulatory system,Pulmonary embolism,22990,498,1.03 [0.87-1.22],0.7640676706557198
DPEP1,Dipeptidase 1,Chapter IX Diseases of the circulatory system,Rheumatic valve diseases,23429,701,0.88 [0.76-1.01],0.0744452501478757
DPEP1,Dipeptidase 1,Chapter IX Diseases of the circulatory system,Right bundle-branch block,18754,463,0.93 [0.78-1.11],0.4309620738995799
DPEP1,Dipeptidase 1,Chapter IX Diseases of the circulatory system,Secondary right heart disease,22845,353,0.87 [0.71-1.05],0.1509459924093604
DPEP1,Dipeptidase 1,Chapter IX Diseases of the circulatory system,Sequelae of cerebrovascular disease,22046,220,1.05 [0.81-1.37],0.6898780482290853
DPEP1,Dipeptidase 1,Chapter IX Diseases of the circulatory system,"Stroke, excluding SAH",23047,736,1.02 [0.88-1.17],0.7976651030289597
DPEP1,Dipeptidase 1,Chapter IX Diseases of the circulatory system,"Stroke, including SAH",23031,763,1.02 [0.89-1.17],0.7949959547389438
DPEP1,Dipeptidase 1,Chapter IX Diseases of the circulatory system,Subarachnoid haemorrhage,22403,43,1.17 [0.64-2.13],0.6034366998131677
DPEP1,Dipeptidase 1,Chapter IX Diseases of the circulatory system,Thoracic aortic aneurysm,22132,112,0.83 [0.58-1.18],0.3037144959106306
DPEP1,Dipeptidase 1,Chapter IX Diseases of the circulatory system,Transient ischemic attack,22664,250,0.77 [0.61-0.97],0.0259748056777251
DPEP1,Dipeptidase 1,Chapter IX Diseases of the circulatory system,Unstable angina pectoris,22026,309,1.02 [0.82-1.27],0.8537773342056754
DPEP1,Dipeptidase 1,Chapter IX Diseases of the circulatory system,Varicose veins,22382,369,0.96 [0.79-1.17],0.714488107286514
DPEP1,Dipeptidase 1,Chapter IX Diseases of the circulatory system,Vascular diseases of the intestine,22038,74,1.34 [0.85-2.12],0.2105026561548423
DPEP1,Dipeptidase 1,Chapter IX Diseases of the circulatory system,Venous thromboembolism,23255,777,1.04 [0.91-1.20],0.5565876215076815
DPEP1,Dipeptidase 1,Chapter V Mental and behavioural disorders,"Alcohol use disorder, ICD-based",23296,491,0.98 [0.82-1.16],0.7924413817854625
DPEP1,Dipeptidase 1,Chapter V Mental and behavioural disorders,"Anxiety disorders, excluding more controls",20182,953,1.09 [0.96-1.23],0.1894912358134672
DPEP1,Dipeptidase 1,Chapter V Mental and behavioural disorders,Any mental disorder,22812,3583,0.99 [0.93-1.05],0.6718147536895862
DPEP1,Dipeptidase 1,Chapter V Mental and behavioural disorders,"Mental and behavioural disorders due to alcohol, excluding acute intoxication",23234,580,0.93 [0.79-1.09],0.3574593588295651
DPEP1,Dipeptidase 1,Chapter V Mental and behavioural disorders,"Mood disorders, excluding more controls",20386,1157,0.98 [0.87-1.09],0.6715087952039046
DPEP1,Dipeptidase 1,Chapter V Mental and behavioural disorders,"Schizophrenia or delusion, excluding more controls",19311,82,0.96 [0.63-1.47],0.858818595026355
DPEP1,Dipeptidase 1,Chapter V Mental and behavioural disorders,Smoking dependency,22849,1513,0.84 [0.76-0.92],0.0002676842652079
DPEP1,Dipeptidase 1,Chapter V Mental and behavioural disorders,"Substance abuse, excluding more controls",21075,1846,0.86 [0.79-0.94],0.0005349073148708
DPEP1,Dipeptidase 1,Chapter V Mental and behavioural disorders,Vascular dementia,22985,150,1.12 [0.82-1.53],0.4689185597578662
DPEP1,Dipeptidase 1,Chapter VI Diseases of the nervous system,Alzheimer disease,23490,296,1.21 [0.96-1.51],0.1027815604675674
DPEP1,Dipeptidase 1,Chapter VI Diseases of the nervous system,"AlzheimerÕs disease (Atypical or mixed), excluding more controls",15613,58,1.01 [0.61-1.67],0.9547718303148862
DPEP1,Dipeptidase 1,Chapter VI Diseases of the nervous system,Bell's palsy,22142,76,0.79 [0.51-1.20],0.2634003884344264
DPEP1,Dipeptidase 1,Chapter VI Diseases of the nervous system,Carpal tunnel syndrome,22404,338,0.83 [0.68-1.01],0.067212058745525
DPEP1,Dipeptidase 1,Chapter VI Diseases of the nervous system,Cerebral cysts,23095,233,1.28 [0.99-1.65],0.0630927785311765
DPEP1,Dipeptidase 1,Chapter VI Diseases of the nervous system,Cerebral palsy and other paralytic syndromes,23405,363,0.98 [0.80-1.19],0.8087224573445031
DPEP1,Dipeptidase 1,Chapter VI Diseases of the nervous system,Circumscribed brain atrophy,22983,60,1.19 [0.72-1.97],0.4990223255368606
DPEP1,Dipeptidase 1,Chapter VI Diseases of the nervous system,Diseases of the myoneural junction and muscle,23471,74,0.90 [0.58-1.39],0.6302855821361312
DPEP1,Dipeptidase 1,Chapter VI Diseases of the nervous system,"Disorders of brain, other and unspecified",22952,90,1.44 [0.95-2.19],0.0892657877883998
DPEP1,Dipeptidase 1,Chapter VI Diseases of the nervous system,Epilepsy,21894,284,0.93 [0.74-1.17],0.5327902037281909
DPEP1,Dipeptidase 1,Chapter VI Diseases of the nervous system,Episodal and paroxysmal disorders,22962,1352,0.95 [0.85-1.05],0.2948977346367855
DPEP1,Dipeptidase 1,Chapter VI Diseases of the nervous system,Extrapyramidal and movement disorders,23457,672,1.15 [0.99-1.34],0.063522786667707
DPEP1,Dipeptidase 1,Chapter VI Diseases of the nervous system,Falls/tendency to fall,22947,2185,0.99 [0.92-1.08],0.8896600805910063
DPEP1,Dipeptidase 1,Chapter VI Diseases of the nervous system,Generalized epilepsy,23109,60,1.04 [0.63-1.71],0.8857607656325358
DPEP1,Dipeptidase 1,Chapter VI Diseases of the nervous system,Hemiplegia,23323,281,0.96 [0.76-1.20],0.6987333453124218
DPEP1,Dipeptidase 1,Chapter VI Diseases of the nervous system,Hydrocephalus,22916,54,1.21 [0.71-2.07],0.4838105880290857
DPEP1,Dipeptidase 1,Chapter VI Diseases of the nervous system,Inflammatory diseases of the central nervous system,23474,60,0.81 [0.50-1.30],0.3755244122141351
DPEP1,Dipeptidase 1,Chapter VI Diseases of the nervous system,Lesion of plantar nerve,22087,21,2.44 [1.00-5.92],0.0494394449472841
DPEP1,Dipeptidase 1,Chapter VI Diseases of the nervous system,Lesion of ulnar nerve,22156,90,1.39 [0.91-2.10],0.1263088451788075
DPEP1,Dipeptidase 1,Chapter VI Diseases of the nervous system,Memory loss,22824,120,1.03 [0.72-1.46],0.8840763027478769
DPEP1,Dipeptidase 1,Chapter VI Diseases of the nervous system,Migraine,21803,193,0.99 [0.75-1.31],0.9374493995731692
DPEP1,Dipeptidase 1,Chapter VI Diseases of the nervous system,"Migraine, unspecified, drug-induced",23467,174,0.97 [0.72-1.29],0.8146108425264793
DPEP1,Dipeptidase 1,Chapter VI Diseases of the nervous system,Motor neuron disease,15716,148,1.29 [0.93-1.79],0.1202713403756249
DPEP1,Dipeptidase 1,Chapter VI Diseases of the nervous system,MS-disease / Multiple Sclerosis,23383,62,1.30 [0.78-2.16],0.307641755575663
DPEP1,Dipeptidase 1,Chapter VI Diseases of the nervous system,"Nerve, nerve root and plexus disorders",23030,964,0.97 [0.86-1.10],0.6343302336212795
DPEP1,Dipeptidase 1,Chapter VI Diseases of the nervous system,Neurological diseases,22200,3627,1.02 [0.96-1.09],0.5668106353568658
DPEP1,Dipeptidase 1,Chapter VI Diseases of the nervous system,Other and unspecified degenerative diseases of nervous system,23164,241,1.08 [0.84-1.38],0.5550285291686927
DPEP1,Dipeptidase 1,Chapter VI Diseases of the nervous system,"Other and unspecified nerve root and plexus disorders, also in other diseases",22449,383,1.00 [0.82-1.21],0.9837733928543468
DPEP1,Dipeptidase 1,Chapter VI Diseases of the nervous system,"Other and unspecified polyneuropathies, also in other diseases",23401,351,1.02 [0.84-1.25],0.8242277790018563
DPEP1,Dipeptidase 1,Chapter VI Diseases of the nervous system,Other degenerative diseases of the nervous system,18429,620,1.16 [0.99-1.36],0.0597319642340474
DPEP1,Dipeptidase 1,Chapter VI Diseases of the nervous system,Other diseases of spinal cord,22940,78,0.75 [0.50-1.13],0.1730089341891239
DPEP1,Dipeptidase 1,Chapter VI Diseases of the nervous system,Other disorders of nervous system,23013,151,0.77 [0.57-1.04],0.0914119775331875
DPEP1,Dipeptidase 1,Chapter VI Diseases of the nervous system,Other extrapyramidal and movement disorders in other diseases,22923,138,1.01 [0.73-1.40],0.9335448062609766
DPEP1,Dipeptidase 1,Chapter VI Diseases of the nervous system,Other facial nerve disorders,22161,95,0.84 [0.57-1.23],0.3593423949322186
DPEP1,Dipeptidase 1,Chapter VI Diseases of the nervous system,Other headache syndromes,21648,38,0.91 [0.49-1.69],0.7646827643404346
DPEP1,Dipeptidase 1,Chapter VI Diseases of the nervous system,Other neurological diseases,23376,514,1.08 [0.91-1.28],0.3567282789606322
DPEP1,Dipeptidase 1,Chapter VI Diseases of the nervous system,Other sleep disorders,22304,694,0.96 [0.83-1.11],0.5880636545447226
DPEP1,Dipeptidase 1,Chapter VI Diseases of the nervous system,Parkinson's disease,23469,526,1.21 [1.02-1.44],0.0257373448853364
DPEP1,Dipeptidase 1,Chapter VI Diseases of the nervous system,Postviral fatigue syndrome,22888,26,2.18 [0.99-4.82],0.053117195615332
DPEP1,Dipeptidase 1,Chapter VI Diseases of the nervous system,Restless leg syndrome,23491,51,1.06 [0.62-1.81],0.83458380490692
DPEP1,Dipeptidase 1,Chapter VI Diseases of the nervous system,Sleep apnoea,23193,624,0.97 [0.83-1.13],0.6986001841335745
DPEP1,Dipeptidase 1,Chapter VI Diseases of the nervous system,Small fibre neuropathy,23107,57,1.01 [0.61-1.69],0.9570882746162443
DPEP1,Dipeptidase 1,Chapter VI Diseases of the nervous system,Systemic atrophies primarily affecting the central nervous system,23474,174,1.24 [0.92-1.67],0.1580710356970476
DPEP1,Dipeptidase 1,Chapter VI Diseases of the nervous system,Trigeminal neuralgia,22099,33,1.01 [0.52-1.97],0.9795164432047953
DPEP1,Dipeptidase 1,Chapter VI Diseases of the nervous system,Unspecific neurodegenerative disorder,23490,299,1.21 [0.97-1.52],0.0887423398266707
DPEP1,Dipeptidase 1,Chapter VI Diseases of the nervous system,Vascular dementia (undefined),22954,146,1.11 [0.81-1.52],0.5208532500454303
DPEP1,Dipeptidase 1,"Chapter VII Diseases of the eye, adnexa, ear and mastoid process",Amblyopia ex anopsia,22945,85,0.93 [0.62-1.41],0.7472825856747587
DPEP1,Dipeptidase 1,"Chapter VII Diseases of the eye, adnexa, ear and mastoid process",Astigmatism,23148,295,0.76 [0.62-0.95],0.0134014727395987
DPEP1,Dipeptidase 1,"Chapter VII Diseases of the eye, adnexa, ear and mastoid process",Background diabetic retinopathy,23293,294,0.85 [0.69-1.06],0.1466147082896193
DPEP1,Dipeptidase 1,"Chapter VII Diseases of the eye, adnexa, ear and mastoid process",Blepharochalasis,22631,44,0.75 [0.43-1.30],0.309097529292679
DPEP1,Dipeptidase 1,"Chapter VII Diseases of the eye, adnexa, ear and mastoid process",Chalazion,22648,61,0.92 [0.56-1.49],0.7242026084440776
DPEP1,Dipeptidase 1,"Chapter VII Diseases of the eye, adnexa, ear and mastoid process","Conjunctivitis (acute, non atopic)",23399,42,1.16 [0.64-2.11],0.6218034244195831
DPEP1,Dipeptidase 1,"Chapter VII Diseases of the eye, adnexa, ear and mastoid process",Corneal degeneration,23259,119,0.80 [0.57-1.12],0.1857051563179715
DPEP1,Dipeptidase 1,"Chapter VII Diseases of the eye, adnexa, ear and mastoid process","Diabetic nephropathy, excluding more controls",2433,83,0.66 [0.44-0.97],0.0343078891458275
DPEP1,Dipeptidase 1,"Chapter VII Diseases of the eye, adnexa, ear and mastoid process",Diabetic neuropathy,2971,129,0.90 [0.65-1.25],0.533444687653983
DPEP1,Dipeptidase 1,"Chapter VII Diseases of the eye, adnexa, ear and mastoid process",Diplopia,22954,94,1.09 [0.73-1.63],0.6658343331547754
DPEP1,Dipeptidase 1,"Chapter VII Diseases of the eye, adnexa, ear and mastoid process",Disorders of choroid and retina,23248,988,0.90 [0.80-1.01],0.0830788832199239
DPEP1,Dipeptidase 1,"Chapter VII Diseases of the eye, adnexa, ear and mastoid process","Disorders of eyelid, lacrimal system and orbit",23191,604,0.97 [0.83-1.13],0.6880150829041377
DPEP1,Dipeptidase 1,"Chapter VII Diseases of the eye, adnexa, ear and mastoid process",Disorders of lacrimal system,22727,140,1.31 [0.94-1.81],0.1113405936921742
DPEP1,Dipeptidase 1,"Chapter VII Diseases of the eye, adnexa, ear and mastoid process","Disorders of ocular muscles, binocular movement, accommodation and refraction",23416,563,0.84 [0.72-0.98],0.0287515998350417
DPEP1,Dipeptidase 1,"Chapter VII Diseases of the eye, adnexa, ear and mastoid process",Disorders of optic nerve and visual pathways,23488,65,1.82 [1.11-3.01],0.0184428774908329
DPEP1,Dipeptidase 1,"Chapter VII Diseases of the eye, adnexa, ear and mastoid process",Disorders of refraction and accommodation,23347,494,0.79 [0.67-0.93],0.0054974776948835
DPEP1,Dipeptidase 1,"Chapter VII Diseases of the eye, adnexa, ear and mastoid process","Disorders of sclera, cornea, iris and ciliary body",23451,311,0.89 [0.72-1.10],0.2942110930099132
DPEP1,Dipeptidase 1,"Chapter VII Diseases of the eye, adnexa, ear and mastoid process",Disorders of vitreous body,23403,150,0.87 [0.64-1.19],0.3906806567269598
DPEP1,Dipeptidase 1,"Chapter VII Diseases of the eye, adnexa, ear and mastoid process",Ectropion of eyelid,22663,76,0.99 [0.64-1.53],0.9756743347490994
DPEP1,Dipeptidase 1,"Chapter VII Diseases of the eye, adnexa, ear and mastoid process",Entropion and trichiasis of eyelid,22670,83,0.96 [0.63-1.45],0.8327322149072034
DPEP1,Dipeptidase 1,"Chapter VII Diseases of the eye, adnexa, ear and mastoid process",Epiphora,22630,43,1.31 [0.72-2.35],0.3749006853660487
DPEP1,Dipeptidase 1,"Chapter VII Diseases of the eye, adnexa, ear and mastoid process",Glaucoma,23403,668,1.09 [0.94-1.27],0.2438884421041808
DPEP1,Dipeptidase 1,"Chapter VII Diseases of the eye, adnexa, ear and mastoid process",Glaucoma suspect,22914,179,1.05 [0.79-1.39],0.7567808846329924
DPEP1,Dipeptidase 1,"Chapter VII Diseases of the eye, adnexa, ear and mastoid process",Hypermetropia,22882,29,1.04 [0.51-2.12],0.9176139798273476
DPEP1,Dipeptidase 1,"Chapter VII Diseases of the eye, adnexa, ear and mastoid process",Iridocyclitis,23236,96,0.92 [0.63-1.36],0.6896901487763585
DPEP1,Dipeptidase 1,"Chapter VII Diseases of the eye, adnexa, ear and mastoid process",Keratitis,23362,222,0.85 [0.66-1.09],0.2114027121856486
DPEP1,Dipeptidase 1,"Chapter VII Diseases of the eye, adnexa, ear and mastoid process",Myopia,23021,168,0.74 [0.56-0.99],0.0419453534445476
DPEP1,Dipeptidase 1,"Chapter VII Diseases of the eye, adnexa, ear and mastoid process",Other and unspecified disorders of vitreous body,23337,84,0.86 [0.57-1.30],0.4766277282823882
DPEP1,Dipeptidase 1,"Chapter VII Diseases of the eye, adnexa, ear and mastoid process",Other and unspecified glaucoma,23187,452,1.10 [0.92-1.32],0.2890618192832037
DPEP1,Dipeptidase 1,"Chapter VII Diseases of the eye, adnexa, ear and mastoid process",Other and unspecified visual disturbances,22988,128,0.78 [0.57-1.09],0.1423722089713462
DPEP1,Dipeptidase 1,"Chapter VII Diseases of the eye, adnexa, ear and mastoid process",Other cataract,22137,1767,1.03 [0.94-1.12],0.5869367625755777
DPEP1,Dipeptidase 1,"Chapter VII Diseases of the eye, adnexa, ear and mastoid process",Other disorders of cornea,23331,191,0.74 [0.57-0.96],0.0231715565218895
DPEP1,Dipeptidase 1,"Chapter VII Diseases of the eye, adnexa, ear and mastoid process",Other disorders of eye and adnexa,23476,146,0.99 [0.73-1.36],0.9637640337334696
DPEP1,Dipeptidase 1,"Chapter VII Diseases of the eye, adnexa, ear and mastoid process",Other disorders of eyelid,22998,411,0.86 [0.71-1.03],0.102835542157598
DPEP1,Dipeptidase 1,"Chapter VII Diseases of the eye, adnexa, ear and mastoid process",Other disorders of iris and ciliary body,23205,65,1.24 [0.76-2.01],0.3876125009626571
DPEP1,Dipeptidase 1,"Chapter VII Diseases of the eye, adnexa, ear and mastoid process",Other disorders of optic [2nd] nerve and visual pathways,23477,54,1.85 [1.07-3.20],0.0269940533581964
DPEP1,Dipeptidase 1,"Chapter VII Diseases of the eye, adnexa, ear and mastoid process",Other inflammation of eyelid,22661,74,1.14 [0.73-1.78],0.5617461885384194
DPEP1,Dipeptidase 1,"Chapter VII Diseases of the eye, adnexa, ear and mastoid process",Other specified and unspecified  disorders of eyelid,22725,138,0.75 [0.55-1.02],0.0673839229059324
DPEP1,Dipeptidase 1,"Chapter VII Diseases of the eye, adnexa, ear and mastoid process",Other specified and unspecified retinal disorders,22389,129,0.98 [0.70-1.37],0.9126888637833828
DPEP1,Dipeptidase 1,"Chapter VII Diseases of the eye, adnexa, ear and mastoid process",Other strabismus,22904,51,1.49 [0.85-2.61],0.1613708582172789
DPEP1,Dipeptidase 1,"Chapter VII Diseases of the eye, adnexa, ear and mastoid process","Other, unspecified and serous retinal detachments",22323,63,0.64 [0.40-1.01],0.0550395154379583
DPEP1,Dipeptidase 1,"Chapter VII Diseases of the eye, adnexa, ear and mastoid process",Primary angle-closure glaucoma,22784,49,1.10 [0.63-1.92],0.730711297229059
DPEP1,Dipeptidase 1,"Chapter VII Diseases of the eye, adnexa, ear and mastoid process","Primary open-angle glaucoma, strict",22936,201,0.99 [0.76-1.30],0.9564209244622104
DPEP1,Dipeptidase 1,"Chapter VII Diseases of the eye, adnexa, ear and mastoid process",Ptosis of eyelid,22705,118,0.94 [0.66-1.33],0.7237355536277863
DPEP1,Dipeptidase 1,"Chapter VII Diseases of the eye, adnexa, ear and mastoid process",Retinal detachment with retinal break,22382,122,0.89 [0.63-1.26],0.5044416906066536
DPEP1,Dipeptidase 1,"Chapter VII Diseases of the eye, adnexa, ear and mastoid process",Retinal vascular occlusion,22352,92,0.94 [0.63-1.39],0.74286411493203
DPEP1,Dipeptidase 1,"Chapter VII Diseases of the eye, adnexa, ear and mastoid process",Senile cataract,21824,1454,0.94 [0.85-1.04],0.2074056419435783
DPEP1,Dipeptidase 1,"Chapter VII Diseases of the eye, adnexa, ear and mastoid process",Stenosis and insufficiency of lacrimal passages,22644,57,1.35 [0.80-2.26],0.2589808064059081
DPEP1,Dipeptidase 1,"Chapter VII Diseases of the eye, adnexa, ear and mastoid process",Visual disturbances,23245,385,0.93 [0.77-1.13],0.4499972867155863
DPEP1,Dipeptidase 1,"Chapter VII Diseases of the eye, adnexa, ear and mastoid process",Visual field defects,22930,70,0.84 [0.54-1.31],0.4453205944517571
DPEP1,Dipeptidase 1,"Chapter VII Diseases of the eye, adnexa, ear and mastoid process",Visual impairment including blindness (binocular or monocular),23029,169,0.94 [0.71-1.26],0.6920579190192608
DPEP1,Dipeptidase 1,Chapter VIII Diseases of the ear and mastoid process,Benign paroxysmal vertigo,23314,58,0.95 [0.58-1.56],0.8318484663524096
DPEP1,Dipeptidase 1,Chapter VIII Diseases of the ear and mastoid process,Diseases of external ear,23451,117,0.86 [0.61-1.22],0.4061690748796178
DPEP1,Dipeptidase 1,Chapter VIII Diseases of the ear and mastoid process,Diseases of middle ear and mastoid,23357,113,1.00 [0.70-1.44],0.9904493526080465
DPEP1,Dipeptidase 1,Chapter VIII Diseases of the ear and mastoid process,Labyrinthitis,23306,50,1.35 [0.77-2.37],0.3012215565414417
DPEP1,Dipeptidase 1,Chapter VIII Diseases of the ear and mastoid process,Mnire disease,23310,54,1.03 [0.61-1.74],0.9005892242753284
DPEP1,Dipeptidase 1,Chapter VIII Diseases of the ear and mastoid process,Other disorders of ear,23397,961,0.89 [0.79-1.01],0.0700061961592985
DPEP1,Dipeptidase 1,Chapter VIII Diseases of the ear and mastoid process,Other specified/unspecified hearing loss,23146,710,0.90 [0.78-1.03],0.1291161409495494
DPEP1,Dipeptidase 1,Chapter VIII Diseases of the ear and mastoid process,Sensorineural hearing loss,22563,127,0.87 [0.62-1.21],0.4126059490502135
DPEP1,Dipeptidase 1,Chapter VIII Diseases of the ear and mastoid process,Tinnitus,22522,86,1.27 [0.83-1.95],0.2675664992859051
DPEP1,Dipeptidase 1,Chapter X Diseases of the respiratory system,Acute pharyngitis,23282,62,1.18 [0.71-1.94],0.5235366752789693
DPEP1,Dipeptidase 1,Chapter X Diseases of the respiratory system,Acute upper respiratory infections,23409,189,1.09 [0.82-1.45],0.5495157087212388
DPEP1,Dipeptidase 1,Chapter X Diseases of the respiratory system,Acute upper respiratory infections of multiple and unspecified sites,23282,62,0.98 [0.61-1.59],0.935302819576276
DPEP1,Dipeptidase 1,Chapter X Diseases of the respiratory system,All influenza,21220,107,1.00 [0.69-1.44],0.9942814411417532
DPEP1,Dipeptidase 1,Chapter X Diseases of the respiratory system,All influenza (not pneumonia),21217,104,1.02 [0.70-1.48],0.9263968868565344
DPEP1,Dipeptidase 1,Chapter X Diseases of the respiratory system,Allergic asthma (mode),15387,106,1.18 [0.81-1.73],0.39343735831755
DPEP1,Dipeptidase 1,Chapter X Diseases of the respiratory system,Allergic rhinitis,23386,267,1.16 [0.92-1.48],0.2146714839175988
DPEP1,Dipeptidase 1,Chapter X Diseases of the respiratory system,"Asthma, excluding more controls",16357,1421,0.99 [0.89-1.09],0.8128569709447051
DPEP1,Dipeptidase 1,Chapter X Diseases of the respiratory system,"Asthma, unspecified (mode)",16676,1395,0.98 [0.89-1.09],0.7445023599508768
DPEP1,Dipeptidase 1,Chapter X Diseases of the respiratory system,Bacterial pneumonia (organism specified),23106,148,1.42 [1.03-1.97],0.0349726751770542
DPEP1,Dipeptidase 1,Chapter X Diseases of the respiratory system,"Bacterial pneumonia, not elsewhere classified",21208,95,1.59 [1.06-2.40],0.0265650990560849
DPEP1,Dipeptidase 1,Chapter X Diseases of the respiratory system,Bronchiectasis,20408,287,0.86 [0.69-1.07],0.1653954857269993
DPEP1,Dipeptidase 1,Chapter X Diseases of the respiratory system,"Bronchitis, not specified as acute or chronic",20164,43,0.92 [0.52-1.64],0.7887753682607979
DPEP1,Dipeptidase 1,Chapter X Diseases of the respiratory system,Chronic lower respiratory diseases,22657,2536,0.96 [0.89-1.04],0.3537088428787348
DPEP1,Dipeptidase 1,Chapter X Diseases of the respiratory system,"Chronic rhinitis, nasopharyngitis and pharyngitis",22064,78,1.45 [0.92-2.28],0.1122385044536639
DPEP1,Dipeptidase 1,Chapter X Diseases of the respiratory system,Chronic sinusitis,22145,159,1.07 [0.78-1.45],0.6748447235821017
DPEP1,Dipeptidase 1,Chapter X Diseases of the respiratory system,"COPD, hospital admissions 1, only main diagnosis",23267,1299,0.98 [0.88-1.09],0.7042920421443433
DPEP1,Dipeptidase 1,Chapter X Diseases of the respiratory system,Deviated nasal septum,22121,135,1.14 [0.81-1.59],0.4625796556459965
DPEP1,Dipeptidase 1,Chapter X Diseases of the respiratory system,Diseases of the respiratory system,21516,5227,1.00 [0.95-1.06],0.9461549725638928
DPEP1,Dipeptidase 1,Chapter X Diseases of the respiratory system,"Diseases of vocal cords and larynx+other diseases of upper respiratory tract, no elsewhere classified",22372,386,1.17 [0.95-1.42],0.1333025848901803
DPEP1,Dipeptidase 1,Chapter X Diseases of the respiratory system,Early onset COPD,22276,308,0.79 [0.64-0.98],0.0335919550885207
DPEP1,Dipeptidase 1,Chapter X Diseases of the respiratory system,Emphysema,20466,345,0.91 [0.75-1.12],0.3783797416631788
DPEP1,Dipeptidase 1,Chapter X Diseases of the respiratory system,Idiopathic pulmonary fibrosis,22581,333,0.91 [0.74-1.11],0.3443947567669962
DPEP1,Dipeptidase 1,Chapter X Diseases of the respiratory system,Influenza and pneumonia,23246,2133,0.98 [0.90-1.07],0.6625410638989709
DPEP1,Dipeptidase 1,Chapter X Diseases of the respiratory system,Interstitial lung disease,22608,360,0.87 [0.72-1.06],0.17081642704274
DPEP1,Dipeptidase 1,Chapter X Diseases of the respiratory system,Later onset COPD,22430,991,1.04 [0.92-1.18],0.4997062320221304
DPEP1,Dipeptidase 1,Chapter X Diseases of the respiratory system,Lung diseases due to external agents,23473,422,1.14 [0.94-1.37],0.1819978360756782
DPEP1,Dipeptidase 1,Chapter X Diseases of the respiratory system,Nasal polyp,22129,143,0.78 [0.57-1.07],0.12125797627452
DPEP1,Dipeptidase 1,Chapter X Diseases of the respiratory system,Other acute lower respiratory infections,23225,993,0.95 [0.84-1.07],0.4111522600645385
DPEP1,Dipeptidase 1,Chapter X Diseases of the respiratory system,Other diseases of pleura,23217,2179,0.97 [0.89-1.05],0.4636164120498055
DPEP1,Dipeptidase 1,Chapter X Diseases of the respiratory system,Other diseases of upper respiratory tract,22846,860,1.10 [0.96-1.26],0.1580253549902772
DPEP1,Dipeptidase 1,Chapter X Diseases of the respiratory system,Other pleural conditions,21102,64,1.51 [0.91-2.49],0.1076413233880138
DPEP1,Dipeptidase 1,Chapter X Diseases of the respiratory system,Other respiratory diseases principally affecting the interstitium,23401,442,0.97 [0.81-1.16],0.719834792370427
DPEP1,Dipeptidase 1,Chapter X Diseases of the respiratory system,Other respiratory disorders and diseases,23370,1388,0.96 [0.87-1.07],0.4846088704114009
DPEP1,Dipeptidase 1,Chapter X Diseases of the respiratory system,Pleural effusion,22140,1102,0.99 [0.89-1.11],0.9103600638754744
DPEP1,Dipeptidase 1,Chapter X Diseases of the respiratory system,Pleural plaque,21303,265,0.92 [0.73-1.16],0.4852598039326012
DPEP1,Dipeptidase 1,Chapter X Diseases of the respiratory system,"Pneumonia, organism unspecified",22982,1869,0.97 [0.89-1.06],0.5668628542988149
DPEP1,Dipeptidase 1,Chapter X Diseases of the respiratory system,Pneumonitis due to solids and liquids,23375,324,1.17 [0.94-1.45],0.165117669646498
DPEP1,Dipeptidase 1,Chapter X Diseases of the respiratory system,Pneumothorax,21177,139,0.76 [0.56-1.04],0.0883691991224662
DPEP1,Dipeptidase 1,Chapter X Diseases of the respiratory system,Pollen allergy,23476,232,1.14 [0.88-1.48],0.307053340796698
DPEP1,Dipeptidase 1,Chapter X Diseases of the respiratory system,Pulmonary oedema,23025,66,1.49 [0.92-2.41],0.1073149152601
DPEP1,Dipeptidase 1,Chapter X Diseases of the respiratory system,Respiratory insufficiency,15336,55,1.02 [0.61-1.71],0.9311035648489
DPEP1,Dipeptidase 1,Chapter X Diseases of the respiratory system,Unspecified acute lower respiratory infection,23207,975,0.95 [0.84-1.07],0.4262509597687467
DPEP1,Dipeptidase 1,Chapter X Diseases of the respiratory system,Vasomotor and allergic rhinitis,22255,269,1.18 [0.92-1.49],0.1859480219683194
DPEP1,Dipeptidase 1,Chapter X Diseases of the respiratory system,Viral pneumonia,21393,280,1.06 [0.84-1.33],0.6108824972170108
DPEP1,Dipeptidase 1,Chapter X Diseases of the respiratory system,"Viral pneumonia (unknown virus, not influenza)",23124,239,1.06 [0.82-1.35],0.6689948200596966
DPEP1,Dipeptidase 1,Chapter X Diseases of the respiratory system,Vocal cord dysfunction,10238,115,1.78 [1.21-2.61],0.003091996227903
DPEP1,Dipeptidase 1,Chapter XI Diseases of the digestive system,Abscess of anal and rectal regions,16400,89,0.93 [0.63-1.39],0.738133370930266
DPEP1,Dipeptidase 1,Chapter XI Diseases of the digestive system,Acute appendicitis,23360,141,0.92 [0.67-1.27],0.6284603469776533
DPEP1,Dipeptidase 1,Chapter XI Diseases of the digestive system,Acute gastritis,17746,90,1.05 [0.70-1.58],0.8036244785221089
DPEP1,Dipeptidase 1,Chapter XI Diseases of the digestive system,Acute pancreatitis,22160,200,1.00 [0.76-1.31],0.9872542468099392
DPEP1,Dipeptidase 1,Chapter XI Diseases of the digestive system,Acute peritonitis,23134,96,1.03 [0.70-1.52],0.8866403747930824
DPEP1,Dipeptidase 1,Chapter XI Diseases of the digestive system,Alcoholic liver disease,22609,109,1.49 [1.01-2.19],0.0430752675751617
DPEP1,Dipeptidase 1,Chapter XI Diseases of the digestive system,Barrett oesophagus,18179,523,0.94 [0.80-1.11],0.4805768208008583
DPEP1,Dipeptidase 1,Chapter XI Diseases of the digestive system,"Cholangitis (primary sclerosing, PSC)",22081,121,1.08 [0.76-1.53],0.6733772417914038
DPEP1,Dipeptidase 1,Chapter XI Diseases of the digestive system,"Cholangitis (primary sclerosing, PSC), with reimbursement 202",23096,121,1.08 [0.76-1.53],0.6769650873666093
DPEP1,Dipeptidase 1,Chapter XI Diseases of the digestive system,Cholecystitis,22178,218,1.17 [0.89-1.52],0.2560005901708279
DPEP1,Dipeptidase 1,Chapter XI Diseases of the digestive system,Cholelithiasis,22737,777,1.00 [0.87-1.15],0.9640101941331372
DPEP1,Dipeptidase 1,Chapter XI Diseases of the digestive system,Chronic gastritis,17915,259,1.04 [0.82-1.33],0.7279443858074046
DPEP1,Dipeptidase 1,Chapter XI Diseases of the digestive system,Chronic pancreatitis,22016,56,0.78 [0.48-1.29],0.3323950063583455
DPEP1,Dipeptidase 1,Chapter XI Diseases of the digestive system,"Cirrhosis of liver, NAS",23291,130,1.61 [1.14-2.28],0.0071137586379583
DPEP1,Dipeptidase 1,Chapter XI Diseases of the digestive system,Coeliac disease,21881,93,1.04 [0.70-1.56],0.8422368047850515
DPEP1,Dipeptidase 1,Chapter XI Diseases of the digestive system,Collagenous colitis,22068,47,1.71 [0.94-3.10],0.0762972792408717
DPEP1,Dipeptidase 1,Chapter XI Diseases of the digestive system,Colonic or urogenital fistula,23326,218,0.85 [0.66-1.10],0.2258595124522324
DPEP1,Dipeptidase 1,Chapter XI Diseases of the digestive system,Constipation,23333,1576,0.98 [0.89-1.08],0.7054286826226076
DPEP1,Dipeptidase 1,Chapter XI Diseases of the digestive system,Crohn disease,22110,89,0.97 [0.64-1.45],0.8749917510293468
DPEP1,Dipeptidase 1,Chapter XI Diseases of the digestive system,"Crohn disease (strict definition, all UC cases excluded)",23158,65,1.07 [0.66-1.74],0.7755783949574254
DPEP1,Dipeptidase 1,Chapter XI Diseases of the digestive system,Crohn's disease NAS,22096,75,0.94 [0.61-1.47],0.7981171202213748
DPEP1,Dipeptidase 1,Chapter XI Diseases of the digestive system,Dental caries,22853,223,0.96 [0.74-1.24],0.7471381584413561
DPEP1,Dipeptidase 1,Chapter XI Diseases of the digestive system,Diaphragmatic hernia,19893,1917,0.96 [0.88-1.05],0.3957821994192055
DPEP1,Dipeptidase 1,Chapter XI Diseases of the digestive system,Diseases of appendix,23389,170,0.92 [0.69-1.24],0.5959030585582412
DPEP1,Dipeptidase 1,Chapter XI Diseases of the digestive system,Diseases of liver,23351,851,1.14 [1.00-1.30],0.0543678972403587
DPEP1,Dipeptidase 1,Chapter XI Diseases of the digestive system,"Diseases of oesophagus, stomach and duodenum",21530,3874,0.99 [0.93-1.05],0.7347383019983982
DPEP1,Dipeptidase 1,Chapter XI Diseases of the digestive system,"Diseases of oral cavity, salivary glands and jaws",23135,505,0.85 [0.72-1.01],0.0655460878260993
DPEP1,Dipeptidase 1,Chapter XI Diseases of the digestive system,Diseases of peritoneum,23441,403,0.83 [0.69-1.00],0.0513368042724843
DPEP1,Dipeptidase 1,Chapter XI Diseases of the digestive system,Diseases of pulp and periapical tissues,22737,107,0.70 [0.49-0.99],0.0435441477557889
DPEP1,Dipeptidase 1,Chapter XI Diseases of the digestive system,Diseases of salivary glands,22597,65,1.14 [0.70-1.85],0.5955308911736419
DPEP1,Dipeptidase 1,Chapter XI Diseases of the digestive system,Diseases of the digestive system,23180,1392,1.01 [0.91-1.12],0.8230478836462664
DPEP1,Dipeptidase 1,Chapter XI Diseases of the digestive system,Diseases of tongue,22618,107,0.93 [0.64-1.34],0.6955261823089949
DPEP1,Dipeptidase 1,Chapter XI Diseases of the digestive system,"Disorders of gallbladder, biliary tract and pancreas",23134,1174,1.01 [0.90-1.12],0.928594380996702
DPEP1,Dipeptidase 1,Chapter XI Diseases of the digestive system,Diverticular disease of intestine,19325,3014,0.91 [0.85-0.97],0.0047800782761969
DPEP1,Dipeptidase 1,Chapter XI Diseases of the digestive system,Duodenal ulcer,17919,263,1.00 [0.79-1.26],0.9766794262032392
DPEP1,Dipeptidase 1,Chapter XI Diseases of the digestive system,"Duodenal ulcer - Unspecified as acute or chronic, without haemorrhage or perforation, drug-induced",23378,206,1.15 [0.88-1.51],0.3172888727594133
DPEP1,Dipeptidase 1,Chapter XI Diseases of the digestive system,Embedded and impacted teeth,23418,46,1.26 [0.70-2.27],0.4387220699319377
DPEP1,Dipeptidase 1,Chapter XI Diseases of the digestive system,Fibrosis and cirrhosis of liver,22652,152,1.50 [1.08-2.07],0.0141616364115773
DPEP1,Dipeptidase 1,Chapter XI Diseases of the digestive system,Fissure and fistula of anal and rectal regions,16490,179,0.92 [0.69-1.22],0.5646179890362137
DPEP1,Dipeptidase 1,Chapter XI Diseases of the digestive system,Functional dyspepsia,18072,416,1.10 [0.91-1.33],0.3427541118284597
DPEP1,Dipeptidase 1,Chapter XI Diseases of the digestive system,Gastric ulcer,18019,363,1.03 [0.84-1.26],0.774234198160245
DPEP1,Dipeptidase 1,Chapter XI Diseases of the digestive system,Gastro-oesophageal reflux disease,19782,2126,1.01 [0.93-1.10],0.7711853285298051
DPEP1,Dipeptidase 1,Chapter XI Diseases of the digestive system,Gastroduodenal ulcer,18249,593,1.02 [0.87-1.20],0.8024479049046471
DPEP1,Dipeptidase 1,Chapter XI Diseases of the digestive system,Gastrointestinal diseases,17976,7889,0.98 [0.93-1.02],0.2675535673337057
DPEP1,Dipeptidase 1,Chapter XI Diseases of the digestive system,GI-bleeding,22944,1156,1.01 [0.91-1.13],0.8181865303803815
DPEP1,Dipeptidase 1,Chapter XI Diseases of the digestive system,Gingivitis and periodontal diseases,22673,43,1.33 [0.73-2.44],0.3548330460841911
DPEP1,Dipeptidase 1,Chapter XI Diseases of the digestive system,Haemorrhoids and perianal venous thrombosis,17262,1222,0.95 [0.85-1.06],0.3479183656055779
DPEP1,Dipeptidase 1,Chapter XI Diseases of the digestive system,"Hepatic failure, not elsewhere classified",22584,84,1.10 [0.72-1.67],0.6615855022890469
DPEP1,Dipeptidase 1,Chapter XI Diseases of the digestive system,Hernia,21473,3497,0.98 [0.92-1.04],0.4700146970866234
DPEP1,Dipeptidase 1,Chapter XI Diseases of the digestive system,Impacted teeth,23421,43,1.12 [0.62-2.04],0.710059395399927
DPEP1,Dipeptidase 1,Chapter XI Diseases of the digestive system,Impaction of intestines,16357,46,1.03 [0.58-1.81],0.923501199149082
DPEP1,Dipeptidase 1,Chapter XI Diseases of the digestive system,Inguinal hernia,19593,1617,1.02 [0.92-1.12],0.7146584383063014
DPEP1,Dipeptidase 1,Chapter XI Diseases of the digestive system,"Inguinal hernia, bilateral",18171,195,1.00 [0.76-1.32],0.9854361933520274
DPEP1,Dipeptidase 1,Chapter XI Diseases of the digestive system,Intestinal adhesions without obstruction,16400,89,1.04 [0.69-1.57],0.8340736440905333
DPEP1,Dipeptidase 1,Chapter XI Diseases of the digestive system,Intestinal malabsorption,21894,106,1.07 [0.73-1.56],0.7406858165839025
DPEP1,Dipeptidase 1,Chapter XI Diseases of the digestive system,Irritable bowel syndrome,16575,264,1.02 [0.80-1.29],0.8768279235380954
DPEP1,Dipeptidase 1,Chapter XI Diseases of the digestive system,Nonalcoholic fatty liver disease,23450,372,1.03 [0.84-1.25],0.7876671207176987
DPEP1,Dipeptidase 1,Chapter XI Diseases of the digestive system,Noninfectious colitis NAS,22692,671,0.82 [0.71-0.95],0.0081709626433913
DPEP1,Dipeptidase 1,Chapter XI Diseases of the digestive system,Noninfective enteritis and colitis,22899,878,0.89 [0.78-1.01],0.0603050718593314
DPEP1,Dipeptidase 1,Chapter XI Diseases of the digestive system,Oesophageal obstruction,17865,209,0.87 [0.67-1.13],0.2816770394276601
DPEP1,Dipeptidase 1,Chapter XI Diseases of the digestive system,Oesophagitis,18269,613,1.02 [0.87-1.19],0.8107714784397075
DPEP1,Dipeptidase 1,Chapter XI Diseases of the digestive system,Oral lichen ruber planus,23440,112,1.09 [0.75-1.57],0.6530034558577896
DPEP1,Dipeptidase 1,Chapter XI Diseases of the digestive system,Other and unspecified abdominal hernia,18051,75,0.97 [0.62-1.50],0.8759316127101365
DPEP1,Dipeptidase 1,Chapter XI Diseases of the digestive system,Other diseases of anus and rectum,17719,1408,0.96 [0.86-1.06],0.4004989662218292
DPEP1,Dipeptidase 1,Chapter XI Diseases of the digestive system,Other diseases of biliary tract,22219,259,0.91 [0.72-1.15],0.4155196667649548
DPEP1,Dipeptidase 1,Chapter XI Diseases of the digestive system,Other diseases of gallbladder,22081,121,0.92 [0.65-1.30],0.6412635259923196
DPEP1,Dipeptidase 1,Chapter XI Diseases of the digestive system,Other diseases of intestine,18159,1848,0.97 [0.89-1.06],0.5179637097581529
DPEP1,Dipeptidase 1,Chapter XI Diseases of the digestive system,Other diseases of intestines,21712,5401,0.96 [0.91-1.01],0.1342403576984634
DPEP1,Dipeptidase 1,Chapter XI Diseases of the digestive system,Other diseases of lip and oral mucosa,22582,176,0.91 [0.68-1.21],0.5030363622549407
DPEP1,Dipeptidase 1,Chapter XI Diseases of the digestive system,Other diseases of liver,23181,681,1.11 [0.96-1.29],0.1706441186472287
DPEP1,Dipeptidase 1,Chapter XI Diseases of the digestive system,Other diseases of oesophagus,18384,728,0.95 [0.82-1.09],0.4389204664432043
DPEP1,Dipeptidase 1,Chapter XI Diseases of the digestive system,Other diseases of pancreas,22102,142,0.85 [0.62-1.17],0.3180011181549051
DPEP1,Dipeptidase 1,Chapter XI Diseases of the digestive system,Other diseases of peritoneum,23372,334,0.77 [0.63-0.94],0.0092526744756413
DPEP1,Dipeptidase 1,Chapter XI Diseases of the digestive system,Other diseases of stomach and duodenum,18454,798,1.05 [0.91-1.20],0.4966810451907224
DPEP1,Dipeptidase 1,Chapter XI Diseases of the digestive system,Other diseases of the digestive system,22955,1167,1.01 [0.90-1.13],0.847430039270139
DPEP1,Dipeptidase 1,Chapter XI Diseases of the digestive system,Other disorders of teeth and supporting structures,22806,176,1.04 [0.78-1.39],0.7991966919726113
DPEP1,Dipeptidase 1,Chapter XI Diseases of the digestive system,Other functional intestinal disorders,17925,1614,0.97 [0.88-1.06],0.5113867082833685
DPEP1,Dipeptidase 1,Chapter XI Diseases of the digestive system,Other gastritis (incl. Duodenitis),19496,1840,0.98 [0.90-1.07],0.6829540730464031
DPEP1,Dipeptidase 1,Chapter XI Diseases of the digestive system,Other inflammatory liver diseases,22596,96,1.95 [1.29-2.96],0.0016093901778175
DPEP1,Dipeptidase 1,Chapter XI Diseases of the digestive system,Other noninfective gastroenteritis and colitis,22788,767,0.86 [0.75-0.99],0.0339600697310743
DPEP1,Dipeptidase 1,Chapter XI Diseases of the digestive system,"Other or unspecified ileus, impaction or obstruction",16658,347,1.09 [0.89-1.34],0.4093954764917464
DPEP1,Dipeptidase 1,Chapter XI Diseases of the digestive system,Palatinal maxillary canine,23409,55,0.98 [0.58-1.66],0.952829952729188
DPEP1,Dipeptidase 1,Chapter XI Diseases of the digestive system,Paralytic ileus and intestinal obstruction,16781,470,1.05 [0.88-1.25],0.6160386381174257
DPEP1,Dipeptidase 1,Chapter XI Diseases of the digestive system,"Postprocedural disorders of digestive system, not elsewhere classified",21950,162,0.93 [0.69-1.25],0.6337359297520586
DPEP1,Dipeptidase 1,Chapter XI Diseases of the digestive system,Recurring oral aphthae,23477,41,0.89 [0.49-1.60],0.6939857279038435
DPEP1,Dipeptidase 1,Chapter XI Diseases of the digestive system,Stomatitis and related lesions,22637,104,0.73 [0.51-1.05],0.092670926883319
DPEP1,Dipeptidase 1,Chapter XI Diseases of the digestive system,Toxic colitis,22066,45,0.93 [0.53-1.64],0.8050567071319137
DPEP1,Dipeptidase 1,Chapter XI Diseases of the digestive system,Ulcer of oesophagus,17947,291,0.93 [0.75-1.17],0.5532978515472035
DPEP1,Dipeptidase 1,Chapter XI Diseases of the digestive system,Ulcerative colitis,22165,144,0.88 [0.64-1.21],0.4367483256925908
DPEP1,Dipeptidase 1,Chapter XI Diseases of the digestive system,"Ulcerative colitis, NAS",22141,120,0.92 [0.65-1.30],0.6351984031221771
DPEP1,Dipeptidase 1,Chapter XI Diseases of the digestive system,Umbilical hernia,18344,368,1.06 [0.87-1.30],0.5545715130560797
DPEP1,Dipeptidase 1,Chapter XI Diseases of the digestive system,Vascular disorders of the intestines,16468,157,0.98 [0.72-1.33],0.8896426809383646
DPEP1,Dipeptidase 1,Chapter XI Diseases of the digestive system,Ventral hernia,18234,258,0.92 [0.73-1.17],0.5142591814067191
DPEP1,Dipeptidase 1,Chapter XI Diseases of the digestive system,Volvulus,16382,71,1.09 [0.69-1.72],0.7255971782023374
DPEP1,Dipeptidase 1,Chapter XII Diseases of the skin and subcutaneous tissue,Actinic keratosis,23415,324,0.86 [0.70-1.06],0.1589539514479443
DPEP1,Dipeptidase 1,Chapter XII Diseases of the skin and subcutaneous tissue,Arthropathic psoriasis,23174,66,0.78 [0.49-1.23],0.2818700959057633
DPEP1,Dipeptidase 1,Chapter XII Diseases of the skin and subcutaneous tissue,Atrophic disorders of skin,21518,94,1.07 [0.72-1.59],0.7482045094334979
DPEP1,Dipeptidase 1,Chapter XII Diseases of the skin and subcutaneous tissue,Cellulitis,22768,754,1.00 [0.87-1.15],0.9899877281342324
DPEP1,Dipeptidase 1,Chapter XII Diseases of the skin and subcutaneous tissue,"Cutaneous abscess, furuncle and carbuncle",22213,199,1.03 [0.78-1.35],0.8529996985365321
DPEP1,Dipeptidase 1,Chapter XII Diseases of the skin and subcutaneous tissue,Decubitus ulcer and pressure area,21894,470,0.88 [0.74-1.04],0.1265610540040775
DPEP1,Dipeptidase 1,Chapter XII Diseases of the skin and subcutaneous tissue,Dermatitis,23199,266,0.91 [0.73-1.15],0.4475266726209727
DPEP1,Dipeptidase 1,Chapter XII Diseases of the skin and subcutaneous tissue,Dermatitis and eczema,23401,468,0.90 [0.76-1.07],0.2228647431951752
DPEP1,Dipeptidase 1,Chapter XII Diseases of the skin and subcutaneous tissue,Dermatitis due to substances taken internally,22978,45,0.91 [0.52-1.61],0.7568014518860555
DPEP1,Dipeptidase 1,Chapter XII Diseases of the skin and subcutaneous tissue,Diseases of the skin and subcutaneous tissue,22025,3147,0.97 [0.91-1.04],0.3592381931415672
DPEP1,Dipeptidase 1,Chapter XII Diseases of the skin and subcutaneous tissue,Disorders of skin appendages,23052,403,0.96 [0.80-1.16],0.6922701970685671
DPEP1,Dipeptidase 1,Chapter XII Diseases of the skin and subcutaneous tissue,Follicular cysts of skin and subcutaneous tissue,22941,292,0.96 [0.77-1.21],0.7534948103068864
DPEP1,Dipeptidase 1,Chapter XII Diseases of the skin and subcutaneous tissue,Infections of the skin and subcutaneous tissue,23035,1021,1.05 [0.93-1.18],0.4389867195698622
DPEP1,Dipeptidase 1,Chapter XII Diseases of the skin and subcutaneous tissue,"Lichen planus, including avohilmo",23481,30,0.74 [0.38-1.44],0.3754655385787977
DPEP1,Dipeptidase 1,Chapter XII Diseases of the skin and subcutaneous tissue,Lupus erythematosus,21447,23,1.43 [0.62-3.32],0.3987628300769981
DPEP1,Dipeptidase 1,Chapter XII Diseases of the skin and subcutaneous tissue,Nail disorders,22707,58,0.98 [0.60-1.62],0.9485853869097604
DPEP1,Dipeptidase 1,Chapter XII Diseases of the skin and subcutaneous tissue,Other and unspecified dermatitis,23194,261,0.92 [0.73-1.17],0.5102350012943155
DPEP1,Dipeptidase 1,Chapter XII Diseases of the skin and subcutaneous tissue,Other and unspecified disorders of skin and subcutaneous tissue,21904,480,1.08 [0.90-1.28],0.412548617126639
DPEP1,Dipeptidase 1,Chapter XII Diseases of the skin and subcutaneous tissue,Other and unspecified epidermal thickening,21502,78,0.65 [0.43-0.97],0.0348921970206754
DPEP1,Dipeptidase 1,Chapter XII Diseases of the skin and subcutaneous tissue,Other and unspecified erythematous conditions,23424,83,0.81 [0.54-1.22],0.3174745461714372
DPEP1,Dipeptidase 1,Chapter XII Diseases of the skin and subcutaneous tissue,Other and unspecified local infections of skin and subcutaneous tissue,22227,213,1.02 [0.79-1.33],0.8561103881083123
DPEP1,Dipeptidase 1,Chapter XII Diseases of the skin and subcutaneous tissue,Other and unspecified psoriasis,23322,214,0.96 [0.74-1.25],0.7880807267285725
DPEP1,Dipeptidase 1,Chapter XII Diseases of the skin and subcutaneous tissue,Other contact dermatitis,23004,71,1.00 [0.64-1.55],0.993843127138622
DPEP1,Dipeptidase 1,Chapter XII Diseases of the skin and subcutaneous tissue,Other disorders of pigmentation,21488,64,0.87 [0.55-1.40],0.5744547698652953
DPEP1,Dipeptidase 1,Chapter XII Diseases of the skin and subcutaneous tissue,Other disorders of skin and subcutaneous tissue,23044,1620,0.96 [0.88-1.06],0.4492016849724697
DPEP1,Dipeptidase 1,Chapter XII Diseases of the skin and subcutaneous tissue,"Other disorders of skin and subcutaneous tissue, not elsewhere classified",21943,519,1.02 [0.86-1.20],0.8505752702256246
DPEP1,Dipeptidase 1,Chapter XII Diseases of the skin and subcutaneous tissue,Other epidermal thickening,21505,81,0.67 [0.45-0.99],0.0466253787693281
DPEP1,Dipeptidase 1,Chapter XII Diseases of the skin and subcutaneous tissue,Papulosquamous disorders,23400,292,0.83 [0.66-1.03],0.0853476976007977
DPEP1,Dipeptidase 1,Chapter XII Diseases of the skin and subcutaneous tissue,Pruritus,22988,55,0.81 [0.49-1.32],0.389807821100863
DPEP1,Dipeptidase 1,Chapter XII Diseases of the skin and subcutaneous tissue,Psoriasis,23364,256,0.82 [0.65-1.04],0.104575690686471
DPEP1,Dipeptidase 1,Chapter XII Diseases of the skin and subcutaneous tissue,Radiation-related disorders of the skin and subcutaneous tissue,23435,344,0.88 [0.72-1.08],0.2325625041444662
DPEP1,Dipeptidase 1,Chapter XII Diseases of the skin and subcutaneous tissue,Scar conditions and fibrosis of skin,21511,87,1.10 [0.72-1.66],0.6627647509934274
DPEP1,Dipeptidase 1,Chapter XII Diseases of the skin and subcutaneous tissue,Seborrhoeic keratosis,21689,265,1.09 [0.86-1.39],0.4574385428598497
DPEP1,Dipeptidase 1,Chapter XII Diseases of the skin and subcutaneous tissue,Skin changes due to chronic exposure to nonionizing radiation,23428,337,0.88 [0.72-1.08],0.2161163352115513
DPEP1,Dipeptidase 1,Chapter XII Diseases of the skin and subcutaneous tissue,"Ulcer of lower limb, not elsewhere classified",21692,268,0.86 [0.69-1.08],0.1935977588142635
DPEP1,Dipeptidase 1,Chapter XII Diseases of the skin and subcutaneous tissue,Urticaria and erythema,23466,125,0.77 [0.56-1.07],0.1216586179807635
DPEP1,Dipeptidase 1,Chapter XIII Diseases of the musculoskeletal system and connective tissue,Adhesive capsulitis of shoulder,20272,92,1.07 [0.72-1.60],0.7449234080686409
DPEP1,Dipeptidase 1,Chapter XIII Diseases of the musculoskeletal system and connective tissue,Arthropathies,21436,4709,0.96 [0.90-1.01],0.1028723244272205
DPEP1,Dipeptidase 1,Chapter XIII Diseases of the musculoskeletal system and connective tissue,Arthrosis,20053,3326,0.93 [0.88-1.00],0.0412623448433157
DPEP1,Dipeptidase 1,Chapter XIII Diseases of the musculoskeletal system and connective tissue,Bursitis of shoulder,20253,73,0.84 [0.54-1.30],0.4388232355353031
DPEP1,Dipeptidase 1,Chapter XIII Diseases of the musculoskeletal system and connective tissue,Cervical disc disorders,20636,151,0.95 [0.70-1.29],0.7273391478203772
DPEP1,Dipeptidase 1,Chapter XIII Diseases of the musculoskeletal system and connective tissue,Cervicalgia,20627,142,1.15 [0.83-1.59],0.3967995982659325
DPEP1,Dipeptidase 1,Chapter XIII Diseases of the musculoskeletal system and connective tissue,Chondropathies,23295,66,0.83 [0.52-1.32],0.4327542261376256
DPEP1,Dipeptidase 1,Chapter XIII Diseases of the musculoskeletal system and connective tissue,"Collapsed vertebra, not elsewhere classified",20563,78,0.98 [0.64-1.51],0.9249723111189015
DPEP1,Dipeptidase 1,Chapter XIII Diseases of the musculoskeletal system and connective tissue,Coxarthrosis,17584,857,0.92 [0.81-1.05],0.2140656545741047
DPEP1,Dipeptidase 1,Chapter XIII Diseases of the musculoskeletal system and connective tissue,"Coxarthrosis, primary",23373,145,0.94 [0.69-1.29],0.7189737353551415
DPEP1,Dipeptidase 1,Chapter XIII Diseases of the musculoskeletal system and connective tissue,Deforming dorsopathies,20751,266,1.09 [0.86-1.38],0.4900775892976212
DPEP1,Dipeptidase 1,Chapter XIII Diseases of the musculoskeletal system and connective tissue,Diseases of the musculoskeletal system and connective tissue,19993,6176,0.98 [0.93-1.02],0.3248057557592839
DPEP1,Dipeptidase 1,Chapter XIII Diseases of the musculoskeletal system and connective tissue,Disorders of continuity of bone,22444,90,1.15 [0.76-1.73],0.5150311010194608
DPEP1,Dipeptidase 1,Chapter XIII Diseases of the musculoskeletal system and connective tissue,Disorders of muscles,20344,164,0.74 [0.56-0.99],0.0398597295328862
DPEP1,Dipeptidase 1,Chapter XIII Diseases of the musculoskeletal system and connective tissue,Disorders of synovium and tendon,20611,431,1.00 [0.83-1.20],0.9884697778550996
DPEP1,Dipeptidase 1,Chapter XIII Diseases of the musculoskeletal system and connective tissue,Dorsopathies,22686,2201,1.02 [0.94-1.11],0.5864732209036374
DPEP1,Dipeptidase 1,Chapter XIII Diseases of the musculoskeletal system and connective tissue,Fibroblastic disorders,20542,362,0.89 [0.73-1.08],0.2302483348731052
DPEP1,Dipeptidase 1,Chapter XIII Diseases of the musculoskeletal system and connective tissue,Fibromyalgia,20233,53,1.21 [0.70-2.07],0.4971361622373733
DPEP1,Dipeptidase 1,Chapter XIII Diseases of the musculoskeletal system and connective tissue,Ganglion,20273,93,0.97 [0.65-1.45],0.8853829144105356
DPEP1,Dipeptidase 1,Chapter XIII Diseases of the musculoskeletal system and connective tissue,Giant cell arteritis,23178,29,0.84 [0.43-1.67],0.6226345493073879
DPEP1,Dipeptidase 1,Chapter XIII Diseases of the musculoskeletal system and connective tissue,Gonarthrosis,18166,1439,0.88 [0.80-0.97],0.0091918593890651
DPEP1,Dipeptidase 1,Chapter XIII Diseases of the musculoskeletal system and connective tissue,Gout,17691,964,0.83 [0.73-0.93],0.0015452742836206
DPEP1,Dipeptidase 1,Chapter XIII Diseases of the musculoskeletal system and connective tissue,"Gout, unspecified",23360,951,0.82 [0.73-0.93],0.0014485156745344
DPEP1,Dipeptidase 1,Chapter XIII Diseases of the musculoskeletal system and connective tissue,Hallux rigidus,16775,48,1.35 [0.76-2.40],0.3076021272737225
DPEP1,Dipeptidase 1,Chapter XIII Diseases of the musculoskeletal system and connective tissue,Hallux valgus (acquired),16807,80,1.02 [0.66-1.56],0.9324371617882694
DPEP1,Dipeptidase 1,Chapter XIII Diseases of the musculoskeletal system and connective tissue,Impingement syndrome of shoulder,20450,270,1.13 [0.89-1.43],0.3167712176933336
DPEP1,Dipeptidase 1,Chapter XIII Diseases of the musculoskeletal system and connective tissue,Internal derangement of knee,17348,621,0.97 [0.84-1.14],0.7427589369450559
DPEP1,Dipeptidase 1,Chapter XIII Diseases of the musculoskeletal system and connective tissue,Kyphosis,20526,41,1.06 [0.58-1.93],0.857577805462876
DPEP1,Dipeptidase 1,Chapter XIII Diseases of the musculoskeletal system and connective tissue,Low back pain,21008,523,0.98 [0.83-1.15],0.791701686537451
DPEP1,Dipeptidase 1,Chapter XIII Diseases of the musculoskeletal system and connective tissue,Lumbar disc prolapse,20749,264,0.98 [0.78-1.24],0.8984923224714516
DPEP1,Dipeptidase 1,Chapter XIII Diseases of the musculoskeletal system and connective tissue,Meniscus derangement,17307,580,1.01 [0.86-1.19],0.8727485064465467
DPEP1,Dipeptidase 1,Chapter XIII Diseases of the musculoskeletal system and connective tissue,Myalgia,20245,65,0.93 [0.58-1.49],0.7696776054076937
DPEP1,Dipeptidase 1,Chapter XIII Diseases of the musculoskeletal system and connective tissue,"Neuralgia and neuritis, unspecified",20232,52,0.79 [0.47-1.32],0.3707737882939962
DPEP1,Dipeptidase 1,Chapter XIII Diseases of the musculoskeletal system and connective tissue,Osteomyelitis,22449,95,1.08 [0.73-1.60],0.7014470077110591
DPEP1,Dipeptidase 1,Chapter XIII Diseases of the musculoskeletal system and connective tissue,Osteopathies and chondropathies,23203,849,1.13 [0.99-1.29],0.0790927706640965
DPEP1,Dipeptidase 1,Chapter XIII Diseases of the musculoskeletal system and connective tissue,Osteoporosis,22751,397,1.19 [0.98-1.45],0.0859743317644215
DPEP1,Dipeptidase 1,Chapter XIII Diseases of the musculoskeletal system and connective tissue,"Other (seronegative) rheumatoid arthritis, wide",23409,282,1.02 [0.82-1.28],0.8363868906055779
DPEP1,Dipeptidase 1,Chapter XIII Diseases of the musculoskeletal system and connective tissue,Other arthrosis,18589,1862,0.94 [0.87-1.03],0.1948845597066708
DPEP1,Dipeptidase 1,Chapter XIII Diseases of the musculoskeletal system and connective tissue,Other articular cartilage disorders,16779,52,1.10 [0.64-1.89],0.7351896065008872
DPEP1,Dipeptidase 1,Chapter XIII Diseases of the musculoskeletal system and connective tissue,Other bursopathies,20261,81,1.02 [0.66-1.56],0.9335082017039958
DPEP1,Dipeptidase 1,Chapter XIII Diseases of the musculoskeletal system and connective tissue,Other crystal arthropathies,16783,56,1.04 [0.63-1.73],0.8727092920889467
DPEP1,Dipeptidase 1,Chapter XIII Diseases of the musculoskeletal system and connective tissue,Other deformities of toe(s),16773,46,0.84 [0.48-1.45],0.5225096399002779
DPEP1,Dipeptidase 1,Chapter XIII Diseases of the musculoskeletal system and connective tissue,Other disorders of bone,22531,177,0.86 [0.65-1.14],0.2881375844029925
DPEP1,Dipeptidase 1,Chapter XIII Diseases of the musculoskeletal system and connective tissue,Other disorders of bone density and structure,22512,158,1.18 [0.86-1.60],0.3073362967655525
DPEP1,Dipeptidase 1,Chapter XIII Diseases of the musculoskeletal system and connective tissue,Other disorders of the musculoskeletal system and connective tissue,23456,86,1.52 [0.99-2.33],0.0572045280832309
DPEP1,Dipeptidase 1,Chapter XIII Diseases of the musculoskeletal system and connective tissue,"Other dorsopathies, not elsewhere classified",21999,1514,1.00 [0.90-1.10],0.952502785761562
DPEP1,Dipeptidase 1,Chapter XIII Diseases of the musculoskeletal system and connective tissue,Other enthesopathies,20248,68,1.12 [0.70-1.80],0.629784551446839
DPEP1,Dipeptidase 1,Chapter XIII Diseases of the musculoskeletal system and connective tissue,Other hammer toe(s) (acquired),16767,40,1.14 [0.62-2.11],0.6710231251394665
DPEP1,Dipeptidase 1,Chapter XIII Diseases of the musculoskeletal system and connective tissue,Other intervertebral disc disorders,21091,606,1.08 [0.92-1.26],0.3258541534405144
DPEP1,Dipeptidase 1,Chapter XIII Diseases of the musculoskeletal system and connective tissue,Other joint disorders,18417,1690,0.94 [0.86-1.04],0.2254062983738161
DPEP1,Dipeptidase 1,Chapter XIII Diseases of the musculoskeletal system and connective tissue,Other necrotizing vasculopathies,23201,52,0.97 [0.57-1.63],0.8955221621973924
DPEP1,Dipeptidase 1,Chapter XIII Diseases of the musculoskeletal system and connective tissue,Other psoriatic arthropathies,23473,60,0.81 [0.50-1.31],0.3926730839868841
DPEP1,Dipeptidase 1,Chapter XIII Diseases of the musculoskeletal system and connective tissue,Other shoulder lesions,20261,81,0.77 [0.51-1.16],0.2046636169486907
DPEP1,Dipeptidase 1,Chapter XIII Diseases of the musculoskeletal system and connective tissue,"Other soft tissue disorders, not elsewhere classified",21152,972,1.07 [0.95-1.21],0.2719970530662854
DPEP1,Dipeptidase 1,Chapter XIII Diseases of the musculoskeletal system and connective tissue,Other specified disorders of muscle,20274,94,0.72 [0.49-1.05],0.0850547680343554
DPEP1,Dipeptidase 1,Chapter XIII Diseases of the musculoskeletal system and connective tissue,Other specified/unspecified arthritis,17907,1180,0.92 [0.82-1.03],0.1308993173917614
DPEP1,Dipeptidase 1,Chapter XIII Diseases of the musculoskeletal system and connective tissue,Other specified/unspecified disorders of  bone/cartilage,22432,78,0.85 [0.55-1.30],0.4450800509984003
DPEP1,Dipeptidase 1,Chapter XIII Diseases of the musculoskeletal system and connective tissue,Other specified/unspecified disorders of synovium and tendon +Other specified/unspecified bursopathies,20224,44,1.67 [0.90-3.11],0.1054446404255381
DPEP1,Dipeptidase 1,Chapter XIII Diseases of the musculoskeletal system and connective tissue,Other specified/unspecified inflammatory spondylopathies,20593,108,1.51 [1.03-2.21],0.0362321207667465
DPEP1,Dipeptidase 1,Chapter XIII Diseases of the musculoskeletal system and connective tissue,Other specified/unspecified soft tissue disorders,20676,496,1.12 [0.94-1.33],0.2142861248900676
DPEP1,Dipeptidase 1,Chapter XIII Diseases of the musculoskeletal system and connective tissue,Other systemic involvement of connective tissue,23342,193,1.40 [1.05-1.86],0.0208850659099196
DPEP1,Dipeptidase 1,Chapter XIII Diseases of the musculoskeletal system and connective tissue,Other/unspecified dorsalgia,20963,478,0.84 [0.71-0.99],0.041406502210426
DPEP1,Dipeptidase 1,Chapter XIII Diseases of the musculoskeletal system and connective tissue,Other/unspecified rheumatoid arthritis,23418,276,1.02 [0.81-1.28],0.8857377609320783
DPEP1,Dipeptidase 1,Chapter XIII Diseases of the musculoskeletal system and connective tissue,Other/unspecified seropositive rheumatoid arthritis,23476,39,0.61 [0.35-1.08],0.0896206977393512
DPEP1,Dipeptidase 1,Chapter XIII Diseases of the musculoskeletal system and connective tissue,Other/unspecified synovitis and tenosynovitis,20328,148,0.91 [0.66-1.24],0.5479256975411064
DPEP1,Dipeptidase 1,Chapter XIII Diseases of the musculoskeletal system and connective tissue,Pain in joint,19270,567,0.96 [0.82-1.13],0.6269965706555343
DPEP1,Dipeptidase 1,Chapter XIII Diseases of the musculoskeletal system and connective tissue,Pain in limb,20656,476,1.05 [0.88-1.25],0.6044946031251437
DPEP1,Dipeptidase 1,Chapter XIII Diseases of the musculoskeletal system and connective tissue,Palmar fascial fibromatosis [Dupuytren],20508,328,0.86 [0.70-1.06],0.146330460782417
DPEP1,Dipeptidase 1,Chapter XIII Diseases of the musculoskeletal system and connective tissue,"Polyarthritis, unspecified",16756,29,0.98 [0.49-1.97],0.9518314219811224
DPEP1,Dipeptidase 1,Chapter XIII Diseases of the musculoskeletal system and connective tissue,Polyarthropathies,18953,2226,0.90 [0.83-0.98],0.0120635303447061
DPEP1,Dipeptidase 1,Chapter XIII Diseases of the musculoskeletal system and connective tissue,Polyarthrosis,17173,446,0.97 [0.81-1.16],0.7648860143633627
DPEP1,Dipeptidase 1,Chapter XIII Diseases of the musculoskeletal system and connective tissue,Polymyalgia rheumatica,23313,164,1.27 [0.94-1.73],0.1225607398020126
DPEP1,Dipeptidase 1,Chapter XIII Diseases of the musculoskeletal system and connective tissue,"Postprocedural musculoskeletal disorders, not elsewhere classified",23418,48,2.11 [1.18-3.75],0.0111724469874136
DPEP1,Dipeptidase 1,Chapter XIII Diseases of the musculoskeletal system and connective tissue,"Primary gonarthrosis, bilateral",21535,45,0.60 [0.36-1.02],0.0608589431959919
DPEP1,Dipeptidase 1,Chapter XIII Diseases of the musculoskeletal system and connective tissue,Psoriatic arthropathies,16789,62,0.81 [0.50-1.29],0.3663542655175607
DPEP1,Dipeptidase 1,Chapter XIII Diseases of the musculoskeletal system and connective tissue,Radiculopathy,20572,87,0.73 [0.49-1.08],0.1120304120899691
DPEP1,Dipeptidase 1,Chapter XIII Diseases of the musculoskeletal system and connective tissue,Rheumatoid arthritis,17017,290,0.99 [0.79-1.24],0.9226279407260648
DPEP1,Dipeptidase 1,Chapter XIII Diseases of the musculoskeletal system and connective tissue,Rotator cuff syndrome,20457,277,0.83 [0.66-1.03],0.0970226558879122
DPEP1,Dipeptidase 1,Chapter XIII Diseases of the musculoskeletal system and connective tissue,Sciatica+with lumbago,20697,212,0.93 [0.72-1.21],0.6098742468810834
DPEP1,Dipeptidase 1,Chapter XIII Diseases of the musculoskeletal system and connective tissue,Scoliosis,20575,90,1.18 [0.78-1.77],0.4366017485546984
DPEP1,Dipeptidase 1,Chapter XIII Diseases of the musculoskeletal system and connective tissue,Seronegative rheumatoid arthritis,18664,31,1.34 [0.66-2.69],0.4161520694928439
DPEP1,Dipeptidase 1,Chapter XIII Diseases of the musculoskeletal system and connective tissue,"Seropositive rheumatoid arthritis, wide",23477,40,0.58 [0.33-1.00],0.0510656086027866
DPEP1,Dipeptidase 1,Chapter XIII Diseases of the musculoskeletal system and connective tissue,Shoulder lesions,20709,529,0.92 [0.78-1.08],0.3077983537532416
DPEP1,Dipeptidase 1,Chapter XIII Diseases of the musculoskeletal system and connective tissue,Sicca syndrome [Sjgren],23168,19,1.46 [0.59-3.59],0.4138537938293587
DPEP1,Dipeptidase 1,Chapter XIII Diseases of the musculoskeletal system and connective tissue,Soft tissue disorders,22428,2248,1.00 [0.93-1.09],0.913667581881668
DPEP1,Dipeptidase 1,Chapter XIII Diseases of the musculoskeletal system and connective tissue,"Soft tissue disorders related to use, overuse and pressure",20284,104,0.99 [0.68-1.44],0.9576085962609644
DPEP1,Dipeptidase 1,Chapter XIII Diseases of the musculoskeletal system and connective tissue,Spinal stenosis,20981,496,1.12 [0.95-1.33],0.1838926596082891
DPEP1,Dipeptidase 1,Chapter XIII Diseases of the musculoskeletal system and connective tissue,Spondyloarthritis,22453,192,1.41 [1.06-1.88],0.018284673252864
DPEP1,Dipeptidase 1,Chapter XIII Diseases of the musculoskeletal system and connective tissue,Spondylolisthesis/Spondylolysis,20613,128,1.16 [0.82-1.63],0.4039264611134001
DPEP1,Dipeptidase 1,Chapter XIII Diseases of the musculoskeletal system and connective tissue,Spondylopathies,21771,1286,1.06 [0.95-1.18],0.3038838880358399
DPEP1,Dipeptidase 1,Chapter XIII Diseases of the musculoskeletal system and connective tissue,Spondylosis,21292,807,0.96 [0.84-1.10],0.5963072210954811
DPEP1,Dipeptidase 1,Chapter XIII Diseases of the musculoskeletal system and connective tissue,Synovial cyst of popliteal space [Baker],20222,42,0.89 [0.50-1.59],0.687591303432262
DPEP1,Dipeptidase 1,Chapter XIII Diseases of the musculoskeletal system and connective tissue,Systemic lupus erythematosus,23185,36,1.41 [0.72-2.74],0.3150668196230667
DPEP1,Dipeptidase 1,Chapter XIII Diseases of the musculoskeletal system and connective tissue,Trigger finger,20297,117,0.78 [0.56-1.10],0.1647120390151397
DPEP1,Dipeptidase 1,Chapter XIII Diseases of the musculoskeletal system and connective tissue,Trochanteric bursitis,20201,21,1.49 [0.63-3.54],0.3685614312168632
DPEP1,Dipeptidase 1,Chapter XIII Diseases of the musculoskeletal system and connective tissue,Wrist or foot drop (acquired),16786,59,0.61 [0.39-0.97],0.0360481286773622
DPEP1,Dipeptidase 1,Chapter XIV Diseases of the genitourinary system,Acute renal failure,22510,1855,0.97 [0.89-1.06],0.562506760631145
DPEP1,Dipeptidase 1,Chapter XIV Diseases of the genitourinary system,Calculus of kidney and ureter,23024,403,1.14 [0.94-1.38],0.1903069675108488
DPEP1,Dipeptidase 1,Chapter XIV Diseases of the genitourinary system,Calculus of lower urinary tract,22758,137,1.29 [0.93-1.81],0.1308843487759517
DPEP1,Dipeptidase 1,Chapter XIV Diseases of the genitourinary system,Chronic kidney disease,22173,1518,0.96 [0.88-1.06],0.4643025484848401
DPEP1,Dipeptidase 1,Chapter XIV Diseases of the genitourinary system,Chronic nephritic syndrome,23238,82,0.88 [0.58-1.32],0.5381402220948575
DPEP1,Dipeptidase 1,Chapter XIV Diseases of the genitourinary system,Cyst of kidney,23218,356,1.08 [0.88-1.33],0.4407028085770964
DPEP1,Dipeptidase 1,Chapter XIV Diseases of the genitourinary system,Cystitis,20650,207,1.08 [0.83-1.41],0.5677927039530832
DPEP1,Dipeptidase 1,Chapter XIV Diseases of the genitourinary system,Dialysis,20758,103,0.85 [0.59-1.23],0.383002723873696
DPEP1,Dipeptidase 1,Chapter XIV Diseases of the genitourinary system,Diseases of male genital organs,22235,3287,1.03 [0.96-1.10],0.3730447001372658
DPEP1,Dipeptidase 1,Chapter XIV Diseases of the genitourinary system,Genitourinary diseases,21160,5518,1.03 [0.98-1.08],0.2926327694448537
DPEP1,Dipeptidase 1,Chapter XIV Diseases of the genitourinary system,Glomerular disorders in diseases classified elsewhere,23258,102,0.75 [0.52-1.07],0.1125830560112528
DPEP1,Dipeptidase 1,Chapter XIV Diseases of the genitourinary system,Hydrocele,19152,204,1.21 [0.92-1.60],0.1730285158442262
DPEP1,Dipeptidase 1,Chapter XIV Diseases of the genitourinary system,Hydronephrosis,20762,370,1.39 [1.13-1.72],0.0016497845204641
DPEP1,Dipeptidase 1,Chapter XIV Diseases of the genitourinary system,Hyperplasia of prostate,21525,2577,1.05 [0.98-1.14],0.1714803555147223
DPEP1,Dipeptidase 1,Chapter XIV Diseases of the genitourinary system,Inflammatory diseases of prostate (prostatitis),19181,233,1.02 [0.79-1.32],0.8597383882820376
DPEP1,Dipeptidase 1,Chapter XIV Diseases of the genitourinary system,Neuromuscular dysfunction of bladder,20518,75,0.90 [0.58-1.38],0.614531251644129
DPEP1,Dipeptidase 1,Chapter XIV Diseases of the genitourinary system,Orchitis and epididymitis,19054,106,0.76 [0.53-1.08],0.12431033929838
DPEP1,Dipeptidase 1,Chapter XIV Diseases of the genitourinary system,"Other chronic cystitis, drug-induced",23479,61,0.90 [0.55-1.45],0.6571327749661471
DPEP1,Dipeptidase 1,Chapter XIV Diseases of the genitourinary system,"Other cystitis, drug-induced",23485,57,0.76 [0.47-1.24],0.2678006774469786
DPEP1,Dipeptidase 1,Chapter XIV Diseases of the genitourinary system,Other diseases of urinary system,22664,2221,1.10 [1.01-1.19],0.0257887259327466
DPEP1,Dipeptidase 1,Chapter XIV Diseases of the genitourinary system,Other disorders of  bladder,21381,938,1.12 [0.98-1.27],0.0904892345772356
DPEP1,Dipeptidase 1,Chapter XIV Diseases of the genitourinary system,Other disorders of kidney and ureter,23421,559,1.05 [0.90-1.24],0.5313725806569138
DPEP1,Dipeptidase 1,Chapter XIV Diseases of the genitourinary system,Other disorders of male genital organs,19254,306,0.84 [0.67-1.04],0.1053938867058141
DPEP1,Dipeptidase 1,Chapter XIV Diseases of the genitourinary system,Other disorders of penis,19228,280,0.97 [0.77-1.22],0.7975578689120044
DPEP1,Dipeptidase 1,Chapter XIV Diseases of the genitourinary system,Other disorders of prostate,19180,232,0.93 [0.73-1.19],0.5775928439772795
DPEP1,Dipeptidase 1,Chapter XIV Diseases of the genitourinary system,Other disorders of the genitourinary system,23475,46,1.02 [0.58-1.78],0.95178647749932
DPEP1,Dipeptidase 1,Chapter XIV Diseases of the genitourinary system,Other disorders of urethra and urinary system,21963,1520,1.11 [1.01-1.23],0.0320373837435676
DPEP1,Dipeptidase 1,Chapter XIV Diseases of the genitourinary system,Other obstructive and reflux uropathy,20807,415,1.27 [1.05-1.55],0.0145364431979276
DPEP1,Dipeptidase 1,Chapter XIV Diseases of the genitourinary system,Other specified disorders of kidney and ureter,23052,190,0.95 [0.72-1.25],0.6995180499193033
DPEP1,Dipeptidase 1,Chapter XIV Diseases of the genitourinary system,Recurrent and persistent haematuria,23216,60,1.00 [0.61-1.65],0.9939246324850448
DPEP1,Dipeptidase 1,Chapter XIV Diseases of the genitourinary system,"Redundant prepuce, phimosis and paraphimosis",19212,264,1.00 [0.79-1.26],0.995565559148544
DPEP1,Dipeptidase 1,Chapter XIV Diseases of the genitourinary system,Renal tubulo-interstitial diseases,23192,2800,0.98 [0.91-1.06],0.6323224392204863
DPEP1,Dipeptidase 1,Chapter XIV Diseases of the genitourinary system,"Tubulo-interstitial nephritis, not specified as acute or chronic",20466,74,1.14 [0.72-1.79],0.5724629038545533
DPEP1,Dipeptidase 1,Chapter XIV Diseases of the genitourinary system,Unspecified kidney failure,20810,155,0.82 [0.61-1.11],0.1945384639891061
DPEP1,Dipeptidase 1,Chapter XIV Diseases of the genitourinary system,Unspecified renal colic,22696,75,1.12 [0.72-1.76],0.6060731622922284
DPEP1,Dipeptidase 1,Chapter XIV Diseases of the genitourinary system,Urethral stricture,20733,290,1.04 [0.83-1.30],0.7494793326949107
DPEP1,Dipeptidase 1,Chapter XIV Diseases of the genitourinary system,Urolithiasis,23138,517,1.17 [0.99-1.39],0.0654909795836597
