Protein,Protein_definition,Disease_category,Disease,NB_individual,NB_case,HR[95%CI],P_value
TNFRSF13C,Tumor necrosis factor receptor superfamily member 13C,Chapter I Certain infectious and parasitic diseases,"Bacterial infection, other or unspecified",22161,176,0.70 [0.51-0.97],0.0324765483995651
TNFRSF13C,Tumor necrosis factor receptor superfamily member 13C,Chapter I Certain infectious and parasitic diseases,"Bacterial intestinal infections, IBD co-morbidities",23178,186,1.40 [1.06-1.83],0.0158554374782004
TNFRSF13C,Tumor necrosis factor receptor superfamily member 13C,Chapter I Certain infectious and parasitic diseases,"Bacterial, viral and other infectious agents",22935,1384,1.06 [0.95-1.19],0.2871321273716812
TNFRSF13C,Tumor necrosis factor receptor superfamily member 13C,Chapter I Certain infectious and parasitic diseases,Candidiasis,23189,365,1.08 [0.87-1.34],0.4725083634045747
TNFRSF13C,Tumor necrosis factor receptor superfamily member 13C,Chapter I Certain infectious and parasitic diseases,Certain infectious and parasitic diseases,22508,3396,1.06 [0.99-1.14],0.108595464696567
TNFRSF13C,Tumor necrosis factor receptor superfamily member 13C,Chapter I Certain infectious and parasitic diseases,Condition for Implicit Sepsis (Organ dysfunction codes),22469,3415,1.10 [1.03-1.18],0.0074814298882515
TNFRSF13C,Tumor necrosis factor receptor superfamily member 13C,Chapter I Certain infectious and parasitic diseases,Diarrhoea and gastroenteritis of presumed infectious origin,22980,1025,1.04 [0.91-1.18],0.5570804508614478
TNFRSF13C,Tumor necrosis factor receptor superfamily member 13C,Chapter I Certain infectious and parasitic diseases,Enterocolitis due to Clostridium difficile,23113,79,1.42 [0.93-2.14],0.10103300462679
TNFRSF13C,Tumor necrosis factor receptor superfamily member 13C,Chapter I Certain infectious and parasitic diseases,Explicit Sepsis,21013,1098,1.24 [1.10-1.40],0.0005263553746513
TNFRSF13C,Tumor necrosis factor receptor superfamily member 13C,Chapter I Certain infectious and parasitic diseases,Implicit bacterial Sepsis,20269,1212,1.20 [1.07-1.34],0.0023288008803246
TNFRSF13C,Tumor necrosis factor receptor superfamily member 13C,Chapter I Certain infectious and parasitic diseases,Implicit fungal Sepsis,19998,243,1.20 [0.92-1.55],0.1781175238068548
TNFRSF13C,Tumor necrosis factor receptor superfamily member 13C,Chapter I Certain infectious and parasitic diseases,Implicit Sepsis,16319,2226,1.07 [0.98-1.17],0.1104167867869331
TNFRSF13C,Tumor necrosis factor receptor superfamily member 13C,Chapter I Certain infectious and parasitic diseases,Implicit viral Sepsis,19935,397,1.42 [1.17-1.73],0.0003485075168764
TNFRSF13C,Tumor necrosis factor receptor superfamily member 13C,Chapter I Certain infectious and parasitic diseases,Intestinal infectious diseases,23178,1223,1.10 [0.98-1.24],0.0970451318043725
TNFRSF13C,Tumor necrosis factor receptor superfamily member 13C,Chapter I Certain infectious and parasitic diseases,Mycoses,23278,454,1.05 [0.86-1.27],0.6477201154081225
TNFRSF13C,Tumor necrosis factor receptor superfamily member 13C,Chapter I Certain infectious and parasitic diseases,Other bacterial agents as the cause of diseases classified to other chapters,22434,883,1.10 [0.96-1.26],0.178574249878013
TNFRSF13C,Tumor necrosis factor receptor superfamily member 13C,Chapter I Certain infectious and parasitic diseases,Other bacterial diseases,23200,1215,1.17 [1.04-1.32],0.0070547745778241
TNFRSF13C,Tumor necrosis factor receptor superfamily member 13C,Chapter I Certain infectious and parasitic diseases,Other bacterial intestinal infections,22143,188,1.38 [1.05-1.82],0.0217679529604736
TNFRSF13C,Tumor necrosis factor receptor superfamily member 13C,Chapter I Certain infectious and parasitic diseases,Other infectious diseases,23316,51,1.26 [0.72-2.19],0.4120653341565045
TNFRSF13C,Tumor necrosis factor receptor superfamily member 13C,Chapter I Certain infectious and parasitic diseases,Other septicaemia,23045,1060,1.25 [1.10-1.41],0.0003940749808748
TNFRSF13C,Tumor necrosis factor receptor superfamily member 13C,Chapter I Certain infectious and parasitic diseases,Other specified/unspecified bacterial intestinal infections,23103,69,1.31 [0.83-2.07],0.2514081630822384
TNFRSF13C,Tumor necrosis factor receptor superfamily member 13C,Chapter I Certain infectious and parasitic diseases,Other viral diseases,23258,118,1.64 [1.18-2.29],0.0036013837386266
TNFRSF13C,Tumor necrosis factor receptor superfamily member 13C,Chapter I Certain infectious and parasitic diseases,"Other viral diseases, not elsewhere classified",23240,100,1.58 [1.09-2.30],0.0161360126947344
TNFRSF13C,Tumor necrosis factor receptor superfamily member 13C,Chapter I Certain infectious and parasitic diseases,Streptococcus and staphylococcus as the cause of diseases classified to other chapters,22027,476,1.08 [0.90-1.31],0.4144471427477978
TNFRSF13C,Tumor necrosis factor receptor superfamily member 13C,Chapter I Certain infectious and parasitic diseases,Viral agents as the cause of diseases classified to other chapters,21835,284,1.12 [0.88-1.43],0.3530390852852343
TNFRSF13C,Tumor necrosis factor receptor superfamily member 13C,Chapter I Certain infectious and parasitic diseases,Viral and other specified intestinal infections,22042,87,1.32 [0.87-1.99],0.1936996443161745
TNFRSF13C,Tumor necrosis factor receptor superfamily member 13C,Chapter I Certain infectious and parasitic diseases,Viral hepatitis,23297,67,1.30 [0.81-2.07],0.2755403143325007
TNFRSF13C,Tumor necrosis factor receptor superfamily member 13C,Chapter I Certain infectious and parasitic diseases,Viral infections characterized by skin and mucous membrane lesions,23262,137,1.51 [1.11-2.06],0.0080806229594107
TNFRSF13C,Tumor necrosis factor receptor superfamily member 13C,Chapter I Certain infectious and parasitic diseases,Viral warts,23176,51,1.33 [0.77-2.28],0.3013851836565807
TNFRSF13C,Tumor necrosis factor receptor superfamily member 13C,Chapter I Certain infectious and parasitic diseases,Zoster [herpes zoster],23171,46,2.12 [1.44-3.13],0.0001570573550889
TNFRSF13C,Tumor necrosis factor receptor superfamily member 13C,Chapter II Neoplasms,Benign lipomatous neoplasm,23011,339,0.99 [0.79-1.24],0.8991497428972324
TNFRSF13C,Tumor necrosis factor receptor superfamily member 13C,Chapter II Neoplasms,Benign lipomatous neoplasm of skin and subcutaneous tissue of limbs,23247,45,0.71 [0.37-1.34],0.2880200627356899
TNFRSF13C,Tumor necrosis factor receptor superfamily member 13C,Chapter II Neoplasms,Benign lipomatous neoplasm of skin and subcutaneous tissue of trunk,23217,53,0.95 [0.53-1.71],0.8716240947704497
TNFRSF13C,Tumor necrosis factor receptor superfamily member 13C,Chapter II Neoplasms,Benign lipomatous neoplasm of spermatic cord,23268,129,1.14 [0.80-1.62],0.4850388421152315
TNFRSF13C,Tumor necrosis factor receptor superfamily member 13C,Chapter II Neoplasms,"Benign neoplasm of colon, rectum, anus and anal canal",22947,1610,0.93 [0.84-1.04],0.201114276265903
TNFRSF13C,Tumor necrosis factor receptor superfamily member 13C,Chapter II Neoplasms,Benign neoplasm of meninges,23317,31,1.78 [1.00-3.17],0.0505080952229532
TNFRSF13C,Tumor necrosis factor receptor superfamily member 13C,Chapter II Neoplasms,Benign neoplasm of other and ill-defined parts of digestive system,23256,65,1.35 [0.85-2.16],0.2058195344760759
TNFRSF13C,Tumor necrosis factor receptor superfamily member 13C,Chapter II Neoplasms,Benign neoplasm of other and unspecified endocrine glands,23301,74,1.34 [0.86-2.09],0.1961419602225183
TNFRSF13C,Tumor necrosis factor receptor superfamily member 13C,Chapter II Neoplasms,Benign neoplasm: Ascending colon,23292,436,0.95 [0.78-1.16],0.5972437549028351
TNFRSF13C,Tumor necrosis factor receptor superfamily member 13C,Chapter II Neoplasms,Benign neoplasm: Caecum,23286,334,0.95 [0.76-1.19],0.6601235043911455
TNFRSF13C,Tumor necrosis factor receptor superfamily member 13C,Chapter II Neoplasms,"Benign neoplasm: Colon, unspecified",23188,79,1.01 [0.64-1.61],0.9555341780335588
TNFRSF13C,Tumor necrosis factor receptor superfamily member 13C,Chapter II Neoplasms,Benign neoplasm: Descending colon,23286,270,0.92 [0.71-1.18],0.5035474336557146
TNFRSF13C,Tumor necrosis factor receptor superfamily member 13C,Chapter II Neoplasms,Benign neoplasm: Rectum,23247,412,0.89 [0.72-1.09],0.2645870509656931
TNFRSF13C,Tumor necrosis factor receptor superfamily member 13C,Chapter II Neoplasms,Benign neoplasm: Sigmoid colon,23195,711,0.88 [0.75-1.03],0.1135132399782398
TNFRSF13C,Tumor necrosis factor receptor superfamily member 13C,Chapter II Neoplasms,Benign neoplasm: Transverse colon,23273,547,1.01 [0.85-1.21],0.894860904319366
TNFRSF13C,Tumor necrosis factor receptor superfamily member 13C,Chapter II Neoplasms,"Chronic lymphocytic leukaemia and small lyphocytis leukaemia, excluding all cancers (controls excluding all cancers)",18124,68,4.06 [3.44-4.79],2.040906845988937e-61
TNFRSF13C,Tumor necrosis factor receptor superfamily member 13C,Chapter II Neoplasms,"Diffuse large B-cell lymphoma, excluding all cancers (controls excluding all cancers)",18125,69,3.93 [3.05-5.07],5.595068313877396e-26
TNFRSF13C,Tumor necrosis factor receptor superfamily member 13C,Chapter II Neoplasms,"Haemangioma and lymphangioma, any site",23285,97,0.77 [0.50-1.19],0.2441243170378148
TNFRSF13C,Tumor necrosis factor receptor superfamily member 13C,Chapter II Neoplasms,"Haemangioma, any site",23285,94,0.79 [0.51-1.23],0.2947795698976366
TNFRSF13C,Tumor necrosis factor receptor superfamily member 13C,Chapter II Neoplasms,Lung cancer and mesothelioma,15531,340,0.74 [0.58-0.94],0.0146274549281457
TNFRSF13C,Tumor necrosis factor receptor superfamily member 13C,Chapter II Neoplasms,Lymphoid leukaemia,18119,63,3.94 [3.31-4.69],6.242798713980626e-54
TNFRSF13C,Tumor necrosis factor receptor superfamily member 13C,Chapter II Neoplasms,"Malignant melanoma of skin, excluding all cancers (controls excluding all cancers)",18250,194,1.40 [1.03-1.92],0.0330411273565801
TNFRSF13C,Tumor necrosis factor receptor superfamily member 13C,Chapter II Neoplasms,"Malignant neoplasm of bladder, excluding all cancers (controls excluding all cancers)",18340,284,1.09 [0.84-1.41],0.5315483209268805
TNFRSF13C,Tumor necrosis factor receptor superfamily member 13C,Chapter II Neoplasms,"Malignant neoplasm of intrahepatic ducts, biliary tract and gallbladder, excluding all cancers (controls excluding all cancers)",18143,87,1.16 [0.73-1.85],0.5264798637671195
TNFRSF13C,Tumor necrosis factor receptor superfamily member 13C,Chapter II Neoplasms,"Malignant neoplasm of kidney, except renal pelvis, excluding all cancers (controls excluding all cancers)",18198,142,1.26 [0.88-1.82],0.2079558888439937
TNFRSF13C,Tumor necrosis factor receptor superfamily member 13C,Chapter II Neoplasms,"Malignant neoplasm of oesophagus, excluding all cancers (controls excluding all cancers)",18193,137,1.18 [0.82-1.71],0.3750008714651496
TNFRSF13C,Tumor necrosis factor receptor superfamily member 13C,Chapter II Neoplasms,"Malignant neoplasm of pancreas, excluding all cancers (controls excluding all cancers)",18133,77,0.96 [0.58-1.59],0.8666150979262581
TNFRSF13C,Tumor necrosis factor receptor superfamily member 13C,Chapter II Neoplasms,"Malignant neoplasm of prostate, excluding all cancers (controls excluding all cancers)",19412,1356,1.17 [1.04-1.31],0.0100840907777343
TNFRSF13C,Tumor necrosis factor receptor superfamily member 13C,Chapter II Neoplasms,"Malignant neoplasm of rectum, excluding all cancers (controls excluding all cancers)",18199,143,0.64 [0.44-0.93],0.0182160629194546
TNFRSF13C,Tumor necrosis factor receptor superfamily member 13C,Chapter II Neoplasms,"Malignant neoplasm of stomach, excluding all cancers (controls excluding all cancers)",18159,103,1.16 [0.76-1.79],0.483988839371363
TNFRSF13C,Tumor necrosis factor receptor superfamily member 13C,Chapter II Neoplasms,Malignant neoplasms of independent (primary) multiple sites,18183,127,1.43 [0.98-2.10],0.0637610958731329
TNFRSF13C,Tumor necrosis factor receptor superfamily member 13C,Chapter II Neoplasms,Melanocytic naevi,23190,168,1.40 [1.04-1.88],0.0257180243196981
TNFRSF13C,Tumor necrosis factor receptor superfamily member 13C,Chapter II Neoplasms,Melanocytic naevi of trunk,23283,93,1.30 [0.87-1.95],0.2044435980071556
TNFRSF13C,Tumor necrosis factor receptor superfamily member 13C,Chapter II Neoplasms,Melanoma in situ,18088,71,0.76 [0.45-1.30],0.3222840729889606
TNFRSF13C,Tumor necrosis factor receptor superfamily member 13C,Chapter II Neoplasms,"Non-follicular lymphoma, hilmo, excluding all cancers",18153,97,3.92 [3.15-4.88],3.121785458498203e-34
TNFRSF13C,Tumor necrosis factor receptor superfamily member 13C,Chapter II Neoplasms,"Non-Hodgkin lymphoma, all, excluding all cancers (controls excluding all cancers)",18216,160,3.41 [2.84-4.08],3.3793116888313806e-40
TNFRSF13C,Tumor necrosis factor receptor superfamily member 13C,Chapter II Neoplasms,"Non-small cell lung cancer, excluding all cancers (controls excluding all cancers)",18272,216,0.76 [0.57-1.03],0.0748312757699754
TNFRSF13C,Tumor necrosis factor receptor superfamily member 13C,Chapter II Neoplasms,"Other and unspecified types of non-Hodgkin lymphoma, hilmo, excluding all cancers",18156,100,3.23 [2.50-4.18],2.2681572004535015e-19
TNFRSF13C,Tumor necrosis factor receptor superfamily member 13C,Chapter II Neoplasms,Other benign neoplasms of skin,23188,137,0.98 [0.68-1.40],0.899838478602224
TNFRSF13C,Tumor necrosis factor receptor superfamily member 13C,Chapter II Neoplasms,"Other malignant neoplasms of skin (=non-melanoma skin cancer), excluding all cancers (controls excluding all cancers)",19239,1183,1.11 [0.98-1.26],0.1055232059651982
TNFRSF13C,Tumor necrosis factor receptor superfamily member 13C,Chapter II Neoplasms,"Squamous cell neoplasms and carcinomas of the skin, excluding all cancers (controls excluding all cancers)",19314,1258,1.10 [0.97-1.25],0.1266258465304079
TNFRSF13C,Tumor necrosis factor receptor superfamily member 13C,Chapter III Diseases of the blood and blood-forming organs and certain disorders involving the immune mechanism,Agranulocytosis,23042,298,1.82 [1.51-2.20],6.602925603452286e-10
TNFRSF13C,Tumor necrosis factor receptor superfamily member 13C,Chapter III Diseases of the blood and blood-forming organs and certain disorders involving the immune mechanism,Anaemia in chronic diseases classified elsewhere,21628,113,2.00 [1.55-2.57],8.280067656142952e-08
TNFRSF13C,Tumor necrosis factor receptor superfamily member 13C,Chapter III Diseases of the blood and blood-forming organs and certain disorders involving the immune mechanism,Diseases of spleen,22815,71,1.53 [0.97-2.40],0.0644805993896209
TNFRSF13C,Tumor necrosis factor receptor superfamily member 13C,Chapter III Diseases of the blood and blood-forming organs and certain disorders involving the immune mechanism,Diseases of the blood and blood-forming organs and certain disorders involving the immune mechanism,22769,2707,1.17 [1.08-1.27],9.657873097575976e-05
TNFRSF13C,Tumor necrosis factor receptor superfamily member 13C,Chapter III Diseases of the blood and blood-forming organs and certain disorders involving the immune mechanism,Folate deficiency anaemia,22063,61,0.89 [0.52-1.54],0.684289215906926
TNFRSF13C,Tumor necrosis factor receptor superfamily member 13C,Chapter III Diseases of the blood and blood-forming organs and certain disorders involving the immune mechanism,Idiopathic thrombocytopenic purpura,22906,53,1.54 [0.94-2.51],0.0838491129632481
TNFRSF13C,Tumor necrosis factor receptor superfamily member 13C,Chapter III Diseases of the blood and blood-forming organs and certain disorders involving the immune mechanism,Other anaemias,22944,1429,1.04 [0.94-1.16],0.4340759889196011
TNFRSF13C,Tumor necrosis factor receptor superfamily member 13C,Chapter III Diseases of the blood and blood-forming organs and certain disorders involving the immune mechanism,Other and unspecified anaemias,22942,1427,1.04 [0.94-1.17],0.4331232009897645
TNFRSF13C,Tumor necrosis factor receptor superfamily member 13C,Chapter III Diseases of the blood and blood-forming organs and certain disorders involving the immune mechanism,Other and unspecified aplastic anaemias,21616,101,0.79 [0.51-1.22],0.2867018539540892
TNFRSF13C,Tumor necrosis factor receptor superfamily member 13C,Chapter III Diseases of the blood and blood-forming organs and certain disorders involving the immune mechanism,Other and unspecified iron deficiency,23080,1078,1.17 [1.03-1.32],0.0124247635194448
TNFRSF13C,Tumor necrosis factor receptor superfamily member 13C,Chapter III Diseases of the blood and blood-forming organs and certain disorders involving the immune mechanism,Other coagulation defects,22954,101,1.12 [0.75-1.69],0.5809111773596239
TNFRSF13C,Tumor necrosis factor receptor superfamily member 13C,Chapter III Diseases of the blood and blood-forming organs and certain disorders involving the immune mechanism,Other diseases of blood and blood-forming organs,22819,75,1.79 [1.20-2.68],0.0042779837212094
TNFRSF13C,Tumor necrosis factor receptor superfamily member 13C,Chapter III Diseases of the blood and blood-forming organs and certain disorders involving the immune mechanism,Other disorders of white blood cells,22804,60,1.30 [0.77-2.18],0.3199560216360179
TNFRSF13C,Tumor necrosis factor receptor superfamily member 13C,Chapter III Diseases of the blood and blood-forming organs and certain disorders involving the immune mechanism,Purpura and other haemorrhagic conditions,23158,305,1.52 [1.24-1.86],5.840481436894214e-05
TNFRSF13C,Tumor necrosis factor receptor superfamily member 13C,Chapter III Diseases of the blood and blood-forming organs and certain disorders involving the immune mechanism,Sarcoidosis,23223,46,1.26 [0.70-2.28],0.4476032637738719
TNFRSF13C,Tumor necrosis factor receptor superfamily member 13C,Chapter III Diseases of the blood and blood-forming organs and certain disorders involving the immune mechanism,"Thrombocytopenia, unspecified",23100,247,1.61 [1.29-1.99],1.763760231705772e-05
TNFRSF13C,Tumor necrosis factor receptor superfamily member 13C,Chapter III Diseases of the blood and blood-forming organs and certain disorders involving the immune mechanism,Vitamin B12 deficiency anaemia,22077,75,1.07 [0.67-1.71],0.7844437482312351
TNFRSF13C,Tumor necrosis factor receptor superfamily member 13C,"Chapter IV Endocrine, nutritional and metabolic diseases",Acidosis,17200,363,1.19 [0.97-1.47],0.1016556382263876
TNFRSF13C,Tumor necrosis factor receptor superfamily member 13C,"Chapter IV Endocrine, nutritional and metabolic diseases",Acute alcohol intoxication,21316,162,0.49 [0.35-0.68],3.314489671079391e-05
TNFRSF13C,Tumor necrosis factor receptor superfamily member 13C,"Chapter IV Endocrine, nutritional and metabolic diseases",Alcohol dependence,21340,186,0.41 [0.30-0.56],3.3468239662949843e-08
TNFRSF13C,Tumor necrosis factor receptor superfamily member 13C,"Chapter IV Endocrine, nutritional and metabolic diseases",Alkalosis,16892,55,1.56 [0.96-2.52],0.0700725621972905
TNFRSF13C,Tumor necrosis factor receptor superfamily member 13C,"Chapter IV Endocrine, nutritional and metabolic diseases",Bipolar affective disorders,21963,64,1.23 [0.75-2.01],0.4181968993428215
TNFRSF13C,Tumor necrosis factor receptor superfamily member 13C,"Chapter IV Endocrine, nutritional and metabolic diseases",Deficiency of other B group vitamins,21207,223,0.82 [0.62-1.09],0.1775494645269701
TNFRSF13C,Tumor necrosis factor receptor superfamily member 13C,"Chapter IV Endocrine, nutritional and metabolic diseases","Delirium, not induced by alcohol and other psychoactive substances",22823,607,0.95 [0.80-1.13],0.5504646850545017
TNFRSF13C,Tumor necrosis factor receptor superfamily member 13C,"Chapter IV Endocrine, nutritional and metabolic diseases",Dementia in Alzheimer disease,22453,237,1.15 [0.89-1.49],0.294983564910172
TNFRSF13C,Tumor necrosis factor receptor superfamily member 13C,"Chapter IV Endocrine, nutritional and metabolic diseases",Dementia in other diseases classified elsewhere,22379,163,0.64 [0.46-0.90],0.0111360344987113
TNFRSF13C,Tumor necrosis factor receptor superfamily member 13C,"Chapter IV Endocrine, nutritional and metabolic diseases",Depression,23017,1118,1.00 [0.88-1.13],0.9615721756822404
TNFRSF13C,Tumor necrosis factor receptor superfamily member 13C,"Chapter IV Endocrine, nutritional and metabolic diseases",Depression or dysthymia,19938,1074,0.96 [0.85-1.10],0.581619555153446
TNFRSF13C,Tumor necrosis factor receptor superfamily member 13C,"Chapter IV Endocrine, nutritional and metabolic diseases","Disorder of lipoprotein metabolism, unspecified",16909,72,1.05 [0.64-1.72],0.8507257424508362
TNFRSF13C,Tumor necrosis factor receptor superfamily member 13C,"Chapter IV Endocrine, nutritional and metabolic diseases","Disorder of thyroid, unspecified",22452,39,0.64 [0.32-1.25],0.1914471561061957
TNFRSF13C,Tumor necrosis factor receptor superfamily member 13C,"Chapter IV Endocrine, nutritional and metabolic diseases",Disorders of calcium metabolism,17104,267,1.30 [1.02-1.65],0.031497921955337
TNFRSF13C,Tumor necrosis factor receptor superfamily member 13C,"Chapter IV Endocrine, nutritional and metabolic diseases",Disorders of iron metabolism,16908,71,1.15 [0.70-1.89],0.5746600743188526
TNFRSF13C,Tumor necrosis factor receptor superfamily member 13C,"Chapter IV Endocrine, nutritional and metabolic diseases",Disorders of lipoprotein metabolism and other lipidaemias,20620,3783,0.94 [0.88-1.01],0.1084562178907592
TNFRSF13C,Tumor necrosis factor receptor superfamily member 13C,"Chapter IV Endocrine, nutritional and metabolic diseases",Disorders of magnesium metabolism,17022,185,0.86 [0.62-1.18],0.3402116294959463
TNFRSF13C,Tumor necrosis factor receptor superfamily member 13C,"Chapter IV Endocrine, nutritional and metabolic diseases",Disorders of mineral metabolism,17393,556,1.10 [0.92-1.31],0.3067628018895269
TNFRSF13C,Tumor necrosis factor receptor superfamily member 13C,"Chapter IV Endocrine, nutritional and metabolic diseases",Disorders of other endocrine glands,23259,272,1.26 [0.99-1.60],0.0565134648218962
TNFRSF13C,Tumor necrosis factor receptor superfamily member 13C,"Chapter IV Endocrine, nutritional and metabolic diseases",Disorders of parathyroid gland,23077,90,1.91 [1.40-2.61],5.025337071661474e-05
TNFRSF13C,Tumor necrosis factor receptor superfamily member 13C,"Chapter IV Endocrine, nutritional and metabolic diseases",Disorders of phosphorus metabolism and phosphatases,16986,149,1.15 [0.82-1.62],0.4159562785310379
TNFRSF13C,Tumor necrosis factor receptor superfamily member 13C,"Chapter IV Endocrine, nutritional and metabolic diseases","Disorders of plasma-protein metabolism, not elsewhere classified",16903,66,0.80 [0.47-1.37],0.4238015623501164
TNFRSF13C,Tumor necrosis factor receptor superfamily member 13C,"Chapter IV Endocrine, nutritional and metabolic diseases",Disorders of the thyroid gland,23142,729,1.18 [1.02-1.37],0.0298228391439272
TNFRSF13C,Tumor necrosis factor receptor superfamily member 13C,"Chapter IV Endocrine, nutritional and metabolic diseases",Fluid overload,17137,300,1.37 [1.11-1.71],0.0040378972155457
TNFRSF13C,Tumor necrosis factor receptor superfamily member 13C,"Chapter IV Endocrine, nutritional and metabolic diseases",Hyperkalaemia,17208,371,1.19 [0.96-1.46],0.1052132841688266
TNFRSF13C,Tumor necrosis factor receptor superfamily member 13C,"Chapter IV Endocrine, nutritional and metabolic diseases","Hyperlipidaemia, other/unspecified",17553,716,0.91 [0.78-1.07],0.2567112312246475
TNFRSF13C,Tumor necrosis factor receptor superfamily member 13C,"Chapter IV Endocrine, nutritional and metabolic diseases",Hyperosmolality and hypernatraemia,16979,142,1.20 [0.85-1.68],0.3009515198510628
TNFRSF13C,Tumor necrosis factor receptor superfamily member 13C,"Chapter IV Endocrine, nutritional and metabolic diseases",Hyperparathyroidism,23070,83,1.95 [1.42-2.68],3.247058034492932e-05
TNFRSF13C,Tumor necrosis factor receptor superfamily member 13C,"Chapter IV Endocrine, nutritional and metabolic diseases",Hypo-osmolality and hyponatraemia,17397,560,0.91 [0.76-1.10],0.3302832731000519
TNFRSF13C,Tumor necrosis factor receptor superfamily member 13C,"Chapter IV Endocrine, nutritional and metabolic diseases",Hypokalaemia,17222,385,0.86 [0.69-1.07],0.1884853258561062
TNFRSF13C,Tumor necrosis factor receptor superfamily member 13C,"Chapter IV Endocrine, nutritional and metabolic diseases",Iron deficiency,21053,69,1.13 [0.70-1.83],0.6213733013490954
TNFRSF13C,Tumor necrosis factor receptor superfamily member 13C,"Chapter IV Endocrine, nutritional and metabolic diseases",Metabolic disorders,21902,5065,0.97 [0.91-1.03],0.3215255705902046
TNFRSF13C,Tumor necrosis factor receptor superfamily member 13C,"Chapter IV Endocrine, nutritional and metabolic diseases",Nontoxic multinodular goitre,22432,19,1.03 [0.40-2.66],0.9448522192623005
TNFRSF13C,Tumor necrosis factor receptor superfamily member 13C,"Chapter IV Endocrine, nutritional and metabolic diseases",Nontoxic single thyroid nodule,22435,22,1.16 [0.49-2.72],0.7386568730118088
TNFRSF13C,Tumor necrosis factor receptor superfamily member 13C,"Chapter IV Endocrine, nutritional and metabolic diseases",Obesity,23148,1751,0.91 [0.83-1.01],0.0824004803083396
TNFRSF13C,Tumor necrosis factor receptor superfamily member 13C,"Chapter IV Endocrine, nutritional and metabolic diseases","Obesity, other/unspecified",23145,1747,0.91 [0.82-1.01],0.0745880290479289
TNFRSF13C,Tumor necrosis factor receptor superfamily member 13C,"Chapter IV Endocrine, nutritional and metabolic diseases",Other and/or unspecified nontoxic goitre,22435,22,1.86 [0.96-3.60],0.0639939889340755
TNFRSF13C,Tumor necrosis factor receptor superfamily member 13C,"Chapter IV Endocrine, nutritional and metabolic diseases",Other anxiety disorders,23047,790,1.04 [0.89-1.20],0.6271199404328998
TNFRSF13C,Tumor necrosis factor receptor superfamily member 13C,"Chapter IV Endocrine, nutritional and metabolic diseases","Other disorders of fluid, electrolyte and acid-base balance",18419,1582,1.09 [0.98-1.20],0.1156813708652173
TNFRSF13C,Tumor necrosis factor receptor superfamily member 13C,"Chapter IV Endocrine, nutritional and metabolic diseases",Other disorders of glucose regulation and pancreatic internal secretion,23305,260,1.50 [1.20-1.87],0.0003375078670718
TNFRSF13C,Tumor necrosis factor receptor superfamily member 13C,"Chapter IV Endocrine, nutritional and metabolic diseases",Other mental disorders due to brain damage and dysfunction and to physical disease,22323,107,0.81 [0.54-1.22],0.307930716508251
TNFRSF13C,Tumor necrosis factor receptor superfamily member 13C,"Chapter IV Endocrine, nutritional and metabolic diseases",Panic disorder,22332,75,0.89 [0.55-1.46],0.6523063116436727
TNFRSF13C,Tumor necrosis factor receptor superfamily member 13C,"Chapter IV Endocrine, nutritional and metabolic diseases",Phobic anxiety disorders,22339,82,0.97 [0.61-1.53],0.880385356403155
TNFRSF13C,Tumor necrosis factor receptor superfamily member 13C,"Chapter IV Endocrine, nutritional and metabolic diseases","Postprocedural endocrine and metabolic disorders, not elsewhere classified",16901,64,1.19 [0.71-2.00],0.5008854295153875
TNFRSF13C,Tumor necrosis factor receptor superfamily member 13C,"Chapter IV Endocrine, nutritional and metabolic diseases",Type 1 diabetes without complications,20590,163,1.63 [1.24-2.13],0.0004011846011696
TNFRSF13C,Tumor necrosis factor receptor superfamily member 13C,"Chapter IV Endocrine, nutritional and metabolic diseases",Type 2 diabetes with neurological complications,2444,122,1.23 [0.86-1.76],0.2491879748168557
TNFRSF13C,Tumor necrosis factor receptor superfamily member 13C,"Chapter IV Endocrine, nutritional and metabolic diseases",Type 2 diabetes with ophthalmic complications,2601,309,1.35 [1.09-1.67],0.0061546661324073
TNFRSF13C,Tumor necrosis factor receptor superfamily member 13C,"Chapter IV Endocrine, nutritional and metabolic diseases",Type 2 diabetes with peripheral circulatory complications,20526,99,1.27 [0.85-1.89],0.2393699334773271
TNFRSF13C,Tumor necrosis factor receptor superfamily member 13C,"Chapter IV Endocrine, nutritional and metabolic diseases",Type 2 diabetes with renal complications,2400,80,2.71 [1.96-3.75],1.595720548732181e-09
TNFRSF13C,Tumor necrosis factor receptor superfamily member 13C,"Chapter IV Endocrine, nutritional and metabolic diseases",Type 2 diabetes without complications,22537,2110,1.13 [1.04-1.23],0.0061448684225668
TNFRSF13C,Tumor necrosis factor receptor superfamily member 13C,"Chapter IV Endocrine, nutritional and metabolic diseases",Unspecified dementia,22570,354,1.08 [0.87-1.34],0.4932505838442216
TNFRSF13C,Tumor necrosis factor receptor superfamily member 13C,"Chapter IV Endocrine, nutritional and metabolic diseases",Vitamin D deficiency,21221,237,1.05 [0.81-1.37],0.6935197828727429
TNFRSF13C,Tumor necrosis factor receptor superfamily member 13C,"Chapter IV Endocrine, nutritional and metabolic diseases",Volume depletion,17617,780,1.08 [0.93-1.26],0.2874381411430155
TNFRSF13C,Tumor necrosis factor receptor superfamily member 13C,Chapter IX Diseases of the circulatory system,"!Phlebitis/thrombophlebitis venae iliacae [externae/internae/communis], drug-induced",23200,247,1.26 [0.98-1.61],0.0748830469895197
TNFRSF13C,Tumor necrosis factor receptor superfamily member 13C,Chapter IX Diseases of the circulatory system,Abdominal aortic aneurysm (AAA),22111,269,1.19 [0.94-1.50],0.15164266275662
TNFRSF13C,Tumor necrosis factor receptor superfamily member 13C,Chapter IX Diseases of the circulatory system,Angina pectoris,20449,1465,1.03 [0.92-1.14],0.6476900437543622
TNFRSF13C,Tumor necrosis factor receptor superfamily member 13C,Chapter IX Diseases of the circulatory system,Aortic aneurysm,22218,376,1.09 [0.89-1.34],0.4132868526720353
TNFRSF13C,Tumor necrosis factor receptor superfamily member 13C,Chapter IX Diseases of the circulatory system,Arterial embolism and thrombosis of lower extremity artery,21923,81,0.68 [0.43-1.09],0.1104872493193646
TNFRSF13C,Tumor necrosis factor receptor superfamily member 13C,Chapter IX Diseases of the circulatory system,"Atherosclerosis, excluding cerebral and coronary sclerosis",22083,241,0.97 [0.74-1.26],0.7999730015967544
TNFRSF13C,Tumor necrosis factor receptor superfamily member 13C,Chapter IX Diseases of the circulatory system,Atrial fibrillation and flutter,13668,2269,1.05 [0.96-1.15],0.3073043986063559
TNFRSF13C,Tumor necrosis factor receptor superfamily member 13C,Chapter IX Diseases of the circulatory system,AV-block,18735,605,0.96 [0.81-1.14],0.6385475064035139
TNFRSF13C,Tumor necrosis factor receptor superfamily member 13C,Chapter IX Diseases of the circulatory system,"Bradycardia, unspecified, drug-induced",23241,525,1.11 [0.93-1.33],0.2332381981601597
TNFRSF13C,Tumor necrosis factor receptor superfamily member 13C,Chapter IX Diseases of the circulatory system,Cardiac arrest,11649,250,0.98 [0.75-1.29],0.9057575471376718
TNFRSF13C,Tumor necrosis factor receptor superfamily member 13C,Chapter IX Diseases of the circulatory system,Cardiomyopathy,18328,198,1.20 [0.90-1.59],0.2116767736778601
TNFRSF13C,Tumor necrosis factor receptor superfamily member 13C,Chapter IX Diseases of the circulatory system,"Cardiomyopathy, other and unspecified",18239,109,1.36 [0.94-1.96],0.1013663477634718
TNFRSF13C,Tumor necrosis factor receptor superfamily member 13C,Chapter IX Diseases of the circulatory system,Cerebral atherosclerosis,23317,66,0.96 [0.57-1.59],0.8675425325065147
TNFRSF13C,Tumor necrosis factor receptor superfamily member 13C,Chapter IX Diseases of the circulatory system,Conduction disorders,19467,1337,1.02 [0.91-1.15],0.7128941388367989
TNFRSF13C,Tumor necrosis factor receptor superfamily member 13C,Chapter IX Diseases of the circulatory system,Coronary atherosclerosis,21548,2587,0.99 [0.91-1.07],0.7768760679874598
TNFRSF13C,Tumor necrosis factor receptor superfamily member 13C,Chapter IX Diseases of the circulatory system,Death due to cardiac causes,19622,7573,1.03 [0.98-1.08],0.2711343478812065
TNFRSF13C,Tumor necrosis factor receptor superfamily member 13C,Chapter IX Diseases of the circulatory system,DVT of lower extremities,22122,270,1.22 [0.96-1.56],0.1052443564952698
TNFRSF13C,Tumor necrosis factor receptor superfamily member 13C,Chapter IX Diseases of the circulatory system,Endocarditis,18216,86,0.90 [0.57-1.43],0.6620599769993194
TNFRSF13C,Tumor necrosis factor receptor superfamily member 13C,Chapter IX Diseases of the circulatory system,"Heart failure, strict",23008,1305,1.08 [0.97-1.21],0.1569305510764611
TNFRSF13C,Tumor necrosis factor receptor superfamily member 13C,Chapter IX Diseases of the circulatory system,Hypertension,20803,6601,1.04 [0.98-1.09],0.1861249845865677
TNFRSF13C,Tumor necrosis factor receptor superfamily member 13C,Chapter IX Diseases of the circulatory system,"Hypertension, essential",20828,6626,1.04 [0.99-1.10],0.1328858537049271
TNFRSF13C,Tumor necrosis factor receptor superfamily member 13C,Chapter IX Diseases of the circulatory system,"Hypertension, portal",23092,107,0.85 [0.56-1.28],0.4396134479719535
TNFRSF13C,Tumor necrosis factor receptor superfamily member 13C,Chapter IX Diseases of the circulatory system,"Hypertension, Pulmonary Arterial",14385,183,1.17 [0.87-1.58],0.2993307272522421
TNFRSF13C,Tumor necrosis factor receptor superfamily member 13C,Chapter IX Diseases of the circulatory system,Hypertensive Renal Disease,14370,168,2.56 [2.12-3.10],4.794879567518579e-22
TNFRSF13C,Tumor necrosis factor receptor superfamily member 13C,Chapter IX Diseases of the circulatory system,Hypotension,23171,1212,1.03 [0.91-1.16],0.6561943394664104
TNFRSF13C,Tumor necrosis factor receptor superfamily member 13C,Chapter IX Diseases of the circulatory system,Intracerebral haemorrhage,22260,115,0.82 [0.55-1.21],0.3128164357017108
TNFRSF13C,Tumor necrosis factor receptor superfamily member 13C,Chapter IX Diseases of the circulatory system,"Ischaemic heart disease, wide definition",21677,2693,1.01 [0.93-1.09],0.8793943821852369
TNFRSF13C,Tumor necrosis factor receptor superfamily member 13C,Chapter IX Diseases of the circulatory system,"Ischaemic Stroke, excluding all haemorrhages",22890,642,0.90 [0.77-1.07],0.2297113974143036
TNFRSF13C,Tumor necrosis factor receptor superfamily member 13C,Chapter IX Diseases of the circulatory system,Left bundle-branch block,18540,410,1.17 [0.96-1.43],0.128743872097794
TNFRSF13C,Tumor necrosis factor receptor superfamily member 13C,Chapter IX Diseases of the circulatory system,Major coronary heart disease event,22599,1040,1.10 [0.97-1.24],0.1524224427781055
TNFRSF13C,Tumor necrosis factor receptor superfamily member 13C,Chapter IX Diseases of the circulatory system,"Myocardial infarction, strict",19882,898,1.13 [0.98-1.29],0.0831723859893057
TNFRSF13C,Tumor necrosis factor receptor superfamily member 13C,Chapter IX Diseases of the circulatory system,"Myocardial infarction, with ST-elevation",23155,217,1.12 [0.85-1.48],0.4040706582247667
TNFRSF13C,Tumor necrosis factor receptor superfamily member 13C,Chapter IX Diseases of the circulatory system,"Myocardial infarction, without ST-elevation",23266,363,1.04 [0.84-1.29],0.7428903572969974
TNFRSF13C,Tumor necrosis factor receptor superfamily member 13C,Chapter IX Diseases of the circulatory system,Oesophageal varices,21917,65,1.41 [0.88-2.24],0.1489706101612188
TNFRSF13C,Tumor necrosis factor receptor superfamily member 13C,Chapter IX Diseases of the circulatory system,Other aneurysm,21937,95,0.91 [0.59-1.39],0.6603807681925867
TNFRSF13C,Tumor necrosis factor receptor superfamily member 13C,Chapter IX Diseases of the circulatory system,Other arrhythmias,18602,472,1.01 [0.83-1.23],0.9078182680036806
TNFRSF13C,Tumor necrosis factor receptor superfamily member 13C,Chapter IX Diseases of the circulatory system,Other arterial embolism and thrombosis,21972,130,0.94 [0.66-1.35],0.7484684865217969
TNFRSF13C,Tumor necrosis factor receptor superfamily member 13C,Chapter IX Diseases of the circulatory system,Other diseases of arteries and capillaries,22118,276,0.99 [0.77-1.27],0.9227598421640568
TNFRSF13C,Tumor necrosis factor receptor superfamily member 13C,Chapter IX Diseases of the circulatory system,Other diseases of pericardium,18318,188,1.00 [0.73-1.36],0.9944589101768364
TNFRSF13C,Tumor necrosis factor receptor superfamily member 13C,Chapter IX Diseases of the circulatory system,Other disorders of veins,21946,94,1.09 [0.71-1.67],0.6816913853892426
TNFRSF13C,Tumor necrosis factor receptor superfamily member 13C,Chapter IX Diseases of the circulatory system,Other embolism and thrombosis,21900,48,1.25 [0.70-2.22],0.4529100734828147
TNFRSF13C,Tumor necrosis factor receptor superfamily member 13C,Chapter IX Diseases of the circulatory system,Other intracranial haemorrhages,21747,90,1.40 [0.95-2.07],0.0896113897441334
TNFRSF13C,Tumor necrosis factor receptor superfamily member 13C,Chapter IX Diseases of the circulatory system,Other noninfective disorders of lymphatic vessels and lymph nodes,21954,102,0.81 [0.53-1.23],0.3218861608515264
TNFRSF13C,Tumor necrosis factor receptor superfamily member 13C,Chapter IX Diseases of the circulatory system,Other or ill-defined heart diseases,19368,1238,0.99 [0.88-1.12],0.907193298529118
TNFRSF13C,Tumor necrosis factor receptor superfamily member 13C,Chapter IX Diseases of the circulatory system,Other other unspecified disorders of the circulatory system,22022,63,1.21 [0.74-2.00],0.4458541108456535
TNFRSF13C,Tumor necrosis factor receptor superfamily member 13C,Chapter IX Diseases of the circulatory system,Other peripheral vascular diseases,22410,568,1.02 [0.86-1.21],0.8215106337347652
TNFRSF13C,Tumor necrosis factor receptor superfamily member 13C,Chapter IX Diseases of the circulatory system,Other pulmonary heart/vessel disease,22684,361,1.19 [0.97-1.46],0.1035568537480522
TNFRSF13C,Tumor necrosis factor receptor superfamily member 13C,Chapter IX Diseases of the circulatory system,"Other specified cerebrovascular diseases, other cerebrovascular disorders in diseases classified elsewhere",22320,663,0.91 [0.77-1.07],0.2450358096386686
TNFRSF13C,Tumor necrosis factor receptor superfamily member 13C,Chapter IX Diseases of the circulatory system,Paroxysmal tachycardia,11768,369,1.03 [0.82-1.29],0.8031416970061713
TNFRSF13C,Tumor necrosis factor receptor superfamily member 13C,Chapter IX Diseases of the circulatory system,Peripheral artery disease,22319,525,1.00 [0.84-1.20],0.9906089186687552
TNFRSF13C,Tumor necrosis factor receptor superfamily member 13C,Chapter IX Diseases of the circulatory system,Phlebitis and thrombophlebitis (not including DVT),22201,349,1.13 [0.91-1.41],0.2661917998891966
TNFRSF13C,Tumor necrosis factor receptor superfamily member 13C,Chapter IX Diseases of the circulatory system,Pulmonary embolism,22815,492,1.10 [0.91-1.32],0.3113556697229676
TNFRSF13C,Tumor necrosis factor receptor superfamily member 13C,Chapter IX Diseases of the circulatory system,Rheumatic valve diseases,23255,700,1.06 [0.91-1.24],0.4581761827262405
TNFRSF13C,Tumor necrosis factor receptor superfamily member 13C,Chapter IX Diseases of the circulatory system,Right bundle-branch block,18598,468,1.16 [0.96-1.40],0.1134953678056438
TNFRSF13C,Tumor necrosis factor receptor superfamily member 13C,Chapter IX Diseases of the circulatory system,Secondary right heart disease,22682,359,1.18 [0.95-1.45],0.1277208906843414
TNFRSF13C,Tumor necrosis factor receptor superfamily member 13C,Chapter IX Diseases of the circulatory system,Sequelae of cerebrovascular disease,21875,218,0.96 [0.73-1.28],0.803860976123821
TNFRSF13C,Tumor necrosis factor receptor superfamily member 13C,Chapter IX Diseases of the circulatory system,"Stroke, excluding SAH",22874,729,0.89 [0.76-1.04],0.1382968364909108
TNFRSF13C,Tumor necrosis factor receptor superfamily member 13C,Chapter IX Diseases of the circulatory system,"Stroke, including SAH",22860,758,0.89 [0.76-1.03],0.1234048427796194
TNFRSF13C,Tumor necrosis factor receptor superfamily member 13C,Chapter IX Diseases of the circulatory system,Subarachnoid haemorrhage,22240,47,0.59 [0.32-1.10],0.0988706004316293
TNFRSF13C,Tumor necrosis factor receptor superfamily member 13C,Chapter IX Diseases of the circulatory system,Thoracic aortic aneurysm,21955,114,0.85 [0.57-1.27],0.4337648609503863
TNFRSF13C,Tumor necrosis factor receptor superfamily member 13C,Chapter IX Diseases of the circulatory system,Transient ischemic attack,22492,244,0.85 [0.65-1.12],0.2565109257150451
TNFRSF13C,Tumor necrosis factor receptor superfamily member 13C,Chapter IX Diseases of the circulatory system,Unstable angina pectoris,21873,314,1.08 [0.86-1.36],0.4904484305703481
TNFRSF13C,Tumor necrosis factor receptor superfamily member 13C,Chapter IX Diseases of the circulatory system,Varicose veins,22223,371,0.91 [0.73-1.13],0.3783566942245076
TNFRSF13C,Tumor necrosis factor receptor superfamily member 13C,Chapter IX Diseases of the circulatory system,Vascular diseases of the intestine,21858,69,0.95 [0.57-1.58],0.8486762288174422
TNFRSF13C,Tumor necrosis factor receptor superfamily member 13C,Chapter IX Diseases of the circulatory system,Venous thromboembolism,23090,771,1.10 [0.95-1.28],0.1912479925163767
TNFRSF13C,Tumor necrosis factor receptor superfamily member 13C,Chapter V Mental and behavioural disorders,"Alcohol use disorder, ICD-based",23123,491,0.62 [0.51-0.75],1.133952963199446e-06
TNFRSF13C,Tumor necrosis factor receptor superfamily member 13C,Chapter V Mental and behavioural disorders,"Anxiety disorders, excluding more controls",20039,958,1.00 [0.87-1.14],0.9542964690956388
TNFRSF13C,Tumor necrosis factor receptor superfamily member 13C,Chapter V Mental and behavioural disorders,Any mental disorder,22643,3562,0.97 [0.90-1.04],0.3401671745914172
TNFRSF13C,Tumor necrosis factor receptor superfamily member 13C,Chapter V Mental and behavioural disorders,"Mental and behavioural disorders due to alcohol, excluding acute intoxication",23064,581,0.64 [0.54-0.76],7.851416515073471e-07
TNFRSF13C,Tumor necrosis factor receptor superfamily member 13C,Chapter V Mental and behavioural disorders,"Mood disorders, excluding more controls",20234,1153,0.99 [0.87-1.12],0.8508154980513394
TNFRSF13C,Tumor necrosis factor receptor superfamily member 13C,Chapter V Mental and behavioural disorders,"Schizophrenia or delusion, excluding more controls",19165,84,1.10 [0.70-1.71],0.6860237006315196
TNFRSF13C,Tumor necrosis factor receptor superfamily member 13C,Chapter V Mental and behavioural disorders,Smoking dependency,22686,1497,0.92 [0.83-1.03],0.1443489502617637
TNFRSF13C,Tumor necrosis factor receptor superfamily member 13C,Chapter V Mental and behavioural disorders,"Substance abuse, excluding more controls",20914,1833,0.88 [0.80-0.97],0.0086175973338399
TNFRSF13C,Tumor necrosis factor receptor superfamily member 13C,Chapter V Mental and behavioural disorders,Vascular dementia,22816,150,0.98 [0.70-1.37],0.8925174073963685
TNFRSF13C,Tumor necrosis factor receptor superfamily member 13C,Chapter VI Diseases of the nervous system,Alzheimer disease,23316,292,1.09 [0.86-1.39],0.4619789903895233
TNFRSF13C,Tumor necrosis factor receptor superfamily member 13C,Chapter VI Diseases of the nervous system,"AlzheimerÕs disease (Atypical or mixed), excluding more controls",15483,58,1.49 [0.94-2.37],0.0904872752082456
TNFRSF13C,Tumor necrosis factor receptor superfamily member 13C,Chapter VI Diseases of the nervous system,Bell's palsy,21981,75,0.99 [0.61-1.60],0.968198353483431
TNFRSF13C,Tumor necrosis factor receptor superfamily member 13C,Chapter VI Diseases of the nervous system,Carpal tunnel syndrome,22241,335,0.93 [0.74-1.17],0.5551245557883885
TNFRSF13C,Tumor necrosis factor receptor superfamily member 13C,Chapter VI Diseases of the nervous system,Cerebral cysts,22926,233,1.28 [0.99-1.66],0.0610301967983518
TNFRSF13C,Tumor necrosis factor receptor superfamily member 13C,Chapter VI Diseases of the nervous system,Cerebral palsy and other paralytic syndromes,23230,356,0.86 [0.69-1.07],0.1733507711615554
TNFRSF13C,Tumor necrosis factor receptor superfamily member 13C,Chapter VI Diseases of the nervous system,Circumscribed brain atrophy,22818,58,0.86 [0.50-1.51],0.608194523474894
TNFRSF13C,Tumor necrosis factor receptor superfamily member 13C,Chapter VI Diseases of the nervous system,Diseases of the myoneural junction and muscle,23296,73,1.10 [0.68-1.77],0.6988702454753432
TNFRSF13C,Tumor necrosis factor receptor superfamily member 13C,Chapter VI Diseases of the nervous system,"Disorders of brain, other and unspecified",22782,89,1.08 [0.70-1.67],0.7237382756988114
TNFRSF13C,Tumor necrosis factor receptor superfamily member 13C,Chapter VI Diseases of the nervous system,Epilepsy,21731,278,0.95 [0.74-1.22],0.6681527345473195
TNFRSF13C,Tumor necrosis factor receptor superfamily member 13C,Chapter VI Diseases of the nervous system,Episodal and paroxysmal disorders,22785,1332,1.11 [1.00-1.25],0.0577470550448065
TNFRSF13C,Tumor necrosis factor receptor superfamily member 13C,Chapter VI Diseases of the nervous system,Extrapyramidal and movement disorders,23280,666,0.90 [0.76-1.06],0.2028462955984924
TNFRSF13C,Tumor necrosis factor receptor superfamily member 13C,Chapter VI Diseases of the nervous system,Falls/tendency to fall,22782,2179,0.98 [0.90-1.07],0.6653485272812751
TNFRSF13C,Tumor necrosis factor receptor superfamily member 13C,Chapter VI Diseases of the nervous system,Generalized epilepsy,22938,57,1.29 [0.77-2.16],0.3393698261077573
TNFRSF13C,Tumor necrosis factor receptor superfamily member 13C,Chapter VI Diseases of the nervous system,Hemiplegia,23146,272,0.89 [0.69-1.15],0.3797775771818393
TNFRSF13C,Tumor necrosis factor receptor superfamily member 13C,Chapter VI Diseases of the nervous system,Hydrocephalus,22748,55,0.67 [0.38-1.20],0.178527175491001
TNFRSF13C,Tumor necrosis factor receptor superfamily member 13C,Chapter VI Diseases of the nervous system,Inflammatory diseases of the central nervous system,23298,57,1.49 [0.92-2.41],0.1050188868818236
TNFRSF13C,Tumor necrosis factor receptor superfamily member 13C,Chapter VI Diseases of the nervous system,Lesion of plantar nerve,21926,20,0.63 [0.24-1.66],0.3457753038304831
TNFRSF13C,Tumor necrosis factor receptor superfamily member 13C,Chapter VI Diseases of the nervous system,Lesion of ulnar nerve,21996,90,0.76 [0.49-1.19],0.2261804868043774
TNFRSF13C,Tumor necrosis factor receptor superfamily member 13C,Chapter VI Diseases of the nervous system,Memory loss,22658,121,1.12 [0.78-1.63],0.5360607749705975
TNFRSF13C,Tumor necrosis factor receptor superfamily member 13C,Chapter VI Diseases of the nervous system,Migraine,21646,193,1.29 [0.97-1.72],0.0847752097293085
TNFRSF13C,Tumor necrosis factor receptor superfamily member 13C,Chapter VI Diseases of the nervous system,"Migraine, unspecified, drug-induced",23292,175,1.37 [1.02-1.84],0.0366000743657231
TNFRSF13C,Tumor necrosis factor receptor superfamily member 13C,Chapter VI Diseases of the nervous system,Motor neuron disease,15586,149,1.21 [0.87-1.68],0.2613963488468153
TNFRSF13C,Tumor necrosis factor receptor superfamily member 13C,Chapter VI Diseases of the nervous system,MS-disease / Multiple Sclerosis,23209,63,0.63 [0.37-1.09],0.0982246423634234
TNFRSF13C,Tumor necrosis factor receptor superfamily member 13C,Chapter VI Diseases of the nervous system,"Nerve, nerve root and plexus disorders",22856,950,1.05 [0.92-1.20],0.4586335690593641
TNFRSF13C,Tumor necrosis factor receptor superfamily member 13C,Chapter VI Diseases of the nervous system,Neurological diseases,22020,3592,1.03 [0.96-1.10],0.4516143088119628
TNFRSF13C,Tumor necrosis factor receptor superfamily member 13C,Chapter VI Diseases of the nervous system,Other and unspecified degenerative diseases of nervous system,22995,235,1.01 [0.77-1.32],0.9320165738058172
TNFRSF13C,Tumor necrosis factor receptor superfamily member 13C,Chapter VI Diseases of the nervous system,"Other and unspecified nerve root and plexus disorders, also in other diseases",22288,382,1.06 [0.86-1.30],0.6039690461827363
TNFRSF13C,Tumor necrosis factor receptor superfamily member 13C,Chapter VI Diseases of the nervous system,"Other and unspecified polyneuropathies, also in other diseases",23225,343,1.13 [0.91-1.41],0.2666581383996358
TNFRSF13C,Tumor necrosis factor receptor superfamily member 13C,Chapter VI Diseases of the nervous system,Other degenerative diseases of the nervous system,18268,608,0.95 [0.80-1.13],0.590142101797952
TNFRSF13C,Tumor necrosis factor receptor superfamily member 13C,Chapter VI Diseases of the nervous system,Other diseases of spinal cord,22768,75,1.08 [0.67-1.74],0.7373635210866056
TNFRSF13C,Tumor necrosis factor receptor superfamily member 13C,Chapter VI Diseases of the nervous system,Other disorders of nervous system,22843,150,1.07 [0.76-1.50],0.6975725879165551
TNFRSF13C,Tumor necrosis factor receptor superfamily member 13C,Chapter VI Diseases of the nervous system,Other extrapyramidal and movement disorders in other diseases,22748,134,1.41 [1.02-1.94],0.0366613161228601
TNFRSF13C,Tumor necrosis factor receptor superfamily member 13C,Chapter VI Diseases of the nervous system,Other facial nerve disorders,21999,93,1.08 [0.71-1.66],0.7087665030824057
TNFRSF13C,Tumor necrosis factor receptor superfamily member 13C,Chapter VI Diseases of the nervous system,Other headache syndromes,21488,35,0.77 [0.37-1.58],0.47592486060762
TNFRSF13C,Tumor necrosis factor receptor superfamily member 13C,Chapter VI Diseases of the nervous system,Other neurological diseases,23204,511,1.07 [0.89-1.28],0.4823239881779539
TNFRSF13C,Tumor necrosis factor receptor superfamily member 13C,Chapter VI Diseases of the nervous system,Other sleep disorders,22139,686,1.26 [1.08-1.47],0.0030156612681851
TNFRSF13C,Tumor necrosis factor receptor superfamily member 13C,Chapter VI Diseases of the nervous system,Parkinson's disease,23294,524,0.80 [0.66-0.96],0.0173155206256622
TNFRSF13C,Tumor necrosis factor receptor superfamily member 13C,Chapter VI Diseases of the nervous system,Postviral fatigue syndrome,22720,27,1.63 [0.84-3.19],0.1502914630737197
TNFRSF13C,Tumor necrosis factor receptor superfamily member 13C,Chapter VI Diseases of the nervous system,Restless leg syndrome,23316,48,1.25 [0.71-2.20],0.4338343907553803
TNFRSF13C,Tumor necrosis factor receptor superfamily member 13C,Chapter VI Diseases of the nervous system,Sleep apnoea,23013,617,1.33 [1.13-1.55],0.0004823936390056
TNFRSF13C,Tumor necrosis factor receptor superfamily member 13C,Chapter VI Diseases of the nervous system,Small fibre neuropathy,22936,54,1.36 [0.80-2.30],0.2579181200697004
TNFRSF13C,Tumor necrosis factor receptor superfamily member 13C,Chapter VI Diseases of the nervous system,Systemic atrophies primarily affecting the central nervous system,23300,174,1.10 [0.81-1.49],0.557403202490191
TNFRSF13C,Tumor necrosis factor receptor superfamily member 13C,Chapter VI Diseases of the nervous system,Trigeminal neuralgia,21940,34,0.63 [0.30-1.31],0.2132900235386389
TNFRSF13C,Tumor necrosis factor receptor superfamily member 13C,Chapter VI Diseases of the nervous system,Unspecific neurodegenerative disorder,23316,295,1.11 [0.87-1.40],0.4006942603473691
TNFRSF13C,Tumor necrosis factor receptor superfamily member 13C,Chapter VI Diseases of the nervous system,Vascular dementia (undefined),22787,146,0.95 [0.67-1.34],0.7660041062024953
TNFRSF13C,Tumor necrosis factor receptor superfamily member 13C,"Chapter VII Diseases of the eye, adnexa, ear and mastoid process",Amblyopia ex anopsia,22773,86,0.70 [0.44-1.12],0.1362074556949778
TNFRSF13C,Tumor necrosis factor receptor superfamily member 13C,"Chapter VII Diseases of the eye, adnexa, ear and mastoid process",Astigmatism,22981,292,0.93 [0.73-1.19],0.5603491588529161
TNFRSF13C,Tumor necrosis factor receptor superfamily member 13C,"Chapter VII Diseases of the eye, adnexa, ear and mastoid process",Background diabetic retinopathy,23120,287,1.47 [1.18-1.82],0.0005338128972005
TNFRSF13C,Tumor necrosis factor receptor superfamily member 13C,"Chapter VII Diseases of the eye, adnexa, ear and mastoid process",Blepharochalasis,22473,44,0.59 [0.31-1.13],0.1114633761940179
TNFRSF13C,Tumor necrosis factor receptor superfamily member 13C,"Chapter VII Diseases of the eye, adnexa, ear and mastoid process",Chalazion,22491,62,0.85 [0.49-1.44],0.5384259476580523
TNFRSF13C,Tumor necrosis factor receptor superfamily member 13C,"Chapter VII Diseases of the eye, adnexa, ear and mastoid process","Conjunctivitis (acute, non atopic)",23225,44,0.64 [0.34-1.22],0.1749027539848038
TNFRSF13C,Tumor necrosis factor receptor superfamily member 13C,"Chapter VII Diseases of the eye, adnexa, ear and mastoid process",Corneal degeneration,23087,120,1.40 [0.99-1.98],0.0536490028169164
TNFRSF13C,Tumor necrosis factor receptor superfamily member 13C,"Chapter VII Diseases of the eye, adnexa, ear and mastoid process","Diabetic nephropathy, excluding more controls",2404,82,2.68 [1.94-3.70],1.9850949980623064e-09
TNFRSF13C,Tumor necrosis factor receptor superfamily member 13C,"Chapter VII Diseases of the eye, adnexa, ear and mastoid process",Diabetic neuropathy,2933,130,1.24 [0.90-1.71],0.1855472741968844
TNFRSF13C,Tumor necrosis factor receptor superfamily member 13C,"Chapter VII Diseases of the eye, adnexa, ear and mastoid process",Diplopia,22782,95,1.20 [0.80-1.81],0.3824409988239229
TNFRSF13C,Tumor necrosis factor receptor superfamily member 13C,"Chapter VII Diseases of the eye, adnexa, ear and mastoid process",Disorders of choroid and retina,23076,976,1.06 [0.93-1.21],0.4026239155979612
TNFRSF13C,Tumor necrosis factor receptor superfamily member 13C,"Chapter VII Diseases of the eye, adnexa, ear and mastoid process","Disorders of eyelid, lacrimal system and orbit",23022,593,0.85 [0.71-1.01],0.0657537032733686
TNFRSF13C,Tumor necrosis factor receptor superfamily member 13C,"Chapter VII Diseases of the eye, adnexa, ear and mastoid process",Disorders of lacrimal system,22568,139,0.79 [0.55-1.13],0.2013642016022688
TNFRSF13C,Tumor necrosis factor receptor superfamily member 13C,"Chapter VII Diseases of the eye, adnexa, ear and mastoid process","Disorders of ocular muscles, binocular movement, accommodation and refraction",23244,555,0.88 [0.74-1.06],0.1774937065483092
TNFRSF13C,Tumor necrosis factor receptor superfamily member 13C,"Chapter VII Diseases of the eye, adnexa, ear and mastoid process",Disorders of optic nerve and visual pathways,23313,63,0.96 [0.56-1.62],0.8653233854861123
TNFRSF13C,Tumor necrosis factor receptor superfamily member 13C,"Chapter VII Diseases of the eye, adnexa, ear and mastoid process",Disorders of refraction and accommodation,23175,486,0.90 [0.74-1.09],0.2653596743623087
TNFRSF13C,Tumor necrosis factor receptor superfamily member 13C,"Chapter VII Diseases of the eye, adnexa, ear and mastoid process","Disorders of sclera, cornea, iris and ciliary body",23278,311,1.19 [0.95-1.49],0.130183576223359
TNFRSF13C,Tumor necrosis factor receptor superfamily member 13C,"Chapter VII Diseases of the eye, adnexa, ear and mastoid process",Disorders of vitreous body,23231,145,1.24 [0.89-1.72],0.202767691871221
TNFRSF13C,Tumor necrosis factor receptor superfamily member 13C,"Chapter VII Diseases of the eye, adnexa, ear and mastoid process",Ectropion of eyelid,22506,77,1.17 [0.74-1.86],0.5023973384395591
TNFRSF13C,Tumor necrosis factor receptor superfamily member 13C,"Chapter VII Diseases of the eye, adnexa, ear and mastoid process",Entropion and trichiasis of eyelid,22510,81,0.68 [0.42-1.10],0.1138562387793012
TNFRSF13C,Tumor necrosis factor receptor superfamily member 13C,"Chapter VII Diseases of the eye, adnexa, ear and mastoid process",Epiphora,22471,42,0.74 [0.38-1.42],0.365024672573996
TNFRSF13C,Tumor necrosis factor receptor superfamily member 13C,"Chapter VII Diseases of the eye, adnexa, ear and mastoid process",Glaucoma,23225,665,1.18 [1.01-1.38],0.0334663059436164
TNFRSF13C,Tumor necrosis factor receptor superfamily member 13C,"Chapter VII Diseases of the eye, adnexa, ear and mastoid process",Glaucoma suspect,22738,178,0.86 [0.63-1.19],0.3652811811327177
TNFRSF13C,Tumor necrosis factor receptor superfamily member 13C,"Chapter VII Diseases of the eye, adnexa, ear and mastoid process",Hypermetropia,22716,27,0.63 [0.27-1.44],0.2737943053790757
TNFRSF13C,Tumor necrosis factor receptor superfamily member 13C,"Chapter VII Diseases of the eye, adnexa, ear and mastoid process",Iridocyclitis,23062,95,1.40 [0.95-2.07],0.0898113635516259
TNFRSF13C,Tumor necrosis factor receptor superfamily member 13C,"Chapter VII Diseases of the eye, adnexa, ear and mastoid process",Keratitis,23189,222,1.16 [0.88-1.52],0.289993721785815
TNFRSF13C,Tumor necrosis factor receptor superfamily member 13C,"Chapter VII Diseases of the eye, adnexa, ear and mastoid process",Myopia,22853,164,0.91 [0.65-1.26],0.5715641828242785
TNFRSF13C,Tumor necrosis factor receptor superfamily member 13C,"Chapter VII Diseases of the eye, adnexa, ear and mastoid process",Other and unspecified disorders of vitreous body,23168,82,0.84 [0.52-1.35],0.4669855442216601
TNFRSF13C,Tumor necrosis factor receptor superfamily member 13C,"Chapter VII Diseases of the eye, adnexa, ear and mastoid process",Other and unspecified glaucoma,23012,452,1.29 [1.07-1.54],0.0063889344566912
TNFRSF13C,Tumor necrosis factor receptor superfamily member 13C,"Chapter VII Diseases of the eye, adnexa, ear and mastoid process",Other and unspecified visual disturbances,22813,126,1.37 [0.98-1.92],0.0641946248803239
TNFRSF13C,Tumor necrosis factor receptor superfamily member 13C,"Chapter VII Diseases of the eye, adnexa, ear and mastoid process",Other cataract,21978,1753,1.03 [0.94-1.14],0.5028907918311455
TNFRSF13C,Tumor necrosis factor receptor superfamily member 13C,"Chapter VII Diseases of the eye, adnexa, ear and mastoid process",Other disorders of cornea,23159,192,1.13 [0.84-1.51],0.4160662443910269
TNFRSF13C,Tumor necrosis factor receptor superfamily member 13C,"Chapter VII Diseases of the eye, adnexa, ear and mastoid process",Other disorders of eye and adnexa,23300,142,1.20 [0.86-1.68],0.2918609338811642
TNFRSF13C,Tumor necrosis factor receptor superfamily member 13C,"Chapter VII Diseases of the eye, adnexa, ear and mastoid process",Other disorders of eyelid,22827,398,0.83 [0.67-1.03],0.0900550596329127
TNFRSF13C,Tumor necrosis factor receptor superfamily member 13C,"Chapter VII Diseases of the eye, adnexa, ear and mastoid process",Other disorders of iris and ciliary body,23031,64,1.52 [0.96-2.40],0.0747725785751933
TNFRSF13C,Tumor necrosis factor receptor superfamily member 13C,"Chapter VII Diseases of the eye, adnexa, ear and mastoid process",Other disorders of optic [2nd] nerve and visual pathways,23302,52,0.89 [0.50-1.61],0.7092920962854181
TNFRSF13C,Tumor necrosis factor receptor superfamily member 13C,"Chapter VII Diseases of the eye, adnexa, ear and mastoid process",Other inflammation of eyelid,22500,71,0.92 [0.56-1.52],0.7482451095008855
TNFRSF13C,Tumor necrosis factor receptor superfamily member 13C,"Chapter VII Diseases of the eye, adnexa, ear and mastoid process",Other specified and unspecified  disorders of eyelid,22557,128,0.61 [0.42-0.90],0.0116386014008337
TNFRSF13C,Tumor necrosis factor receptor superfamily member 13C,"Chapter VII Diseases of the eye, adnexa, ear and mastoid process",Other specified and unspecified retinal disorders,22222,122,1.19 [0.83-1.70],0.3549394941763716
TNFRSF13C,Tumor necrosis factor receptor superfamily member 13C,"Chapter VII Diseases of the eye, adnexa, ear and mastoid process",Other strabismus,22739,50,0.65 [0.35-1.19],0.1657067807745555
TNFRSF13C,Tumor necrosis factor receptor superfamily member 13C,"Chapter VII Diseases of the eye, adnexa, ear and mastoid process","Other, unspecified and serous retinal detachments",22161,61,0.94 [0.55-1.62],0.8269203035974457
TNFRSF13C,Tumor necrosis factor receptor superfamily member 13C,"Chapter VII Diseases of the eye, adnexa, ear and mastoid process",Primary angle-closure glaucoma,22612,52,1.34 [0.79-2.28],0.2734538334360337
TNFRSF13C,Tumor necrosis factor receptor superfamily member 13C,"Chapter VII Diseases of the eye, adnexa, ear and mastoid process","Primary open-angle glaucoma, strict",22762,202,1.02 [0.76-1.37],0.8836666522351835
TNFRSF13C,Tumor necrosis factor receptor superfamily member 13C,"Chapter VII Diseases of the eye, adnexa, ear and mastoid process",Ptosis of eyelid,22544,115,0.94 [0.64-1.39],0.7716156627833801
TNFRSF13C,Tumor necrosis factor receptor superfamily member 13C,"Chapter VII Diseases of the eye, adnexa, ear and mastoid process",Retinal detachment with retinal break,22219,119,1.28 [0.88-1.84],0.1928070559362752
TNFRSF13C,Tumor necrosis factor receptor superfamily member 13C,"Chapter VII Diseases of the eye, adnexa, ear and mastoid process",Retinal vascular occlusion,22191,91,1.03 [0.66-1.58],0.9107801815737652
TNFRSF13C,Tumor necrosis factor receptor superfamily member 13C,"Chapter VII Diseases of the eye, adnexa, ear and mastoid process",Senile cataract,21658,1433,0.97 [0.87-1.08],0.5476437052304242
TNFRSF13C,Tumor necrosis factor receptor superfamily member 13C,"Chapter VII Diseases of the eye, adnexa, ear and mastoid process",Stenosis and insufficiency of lacrimal passages,22484,55,0.56 [0.31-1.00],0.048081552630038
TNFRSF13C,Tumor necrosis factor receptor superfamily member 13C,"Chapter VII Diseases of the eye, adnexa, ear and mastoid process",Visual disturbances,23075,388,1.11 [0.90-1.36],0.3210865068542113
TNFRSF13C,Tumor necrosis factor receptor superfamily member 13C,"Chapter VII Diseases of the eye, adnexa, ear and mastoid process",Visual field defects,22757,70,1.37 [0.87-2.15],0.1684566258472441
TNFRSF13C,Tumor necrosis factor receptor superfamily member 13C,"Chapter VII Diseases of the eye, adnexa, ear and mastoid process",Visual impairment including blindness (binocular or monocular),22853,166,1.24 [0.91-1.68],0.1769807379737696
TNFRSF13C,Tumor necrosis factor receptor superfamily member 13C,Chapter VIII Diseases of the ear and mastoid process,Benign paroxysmal vertigo,23145,54,1.43 [0.85-2.39],0.1742750098088766
TNFRSF13C,Tumor necrosis factor receptor superfamily member 13C,Chapter VIII Diseases of the ear and mastoid process,Diseases of external ear,23274,119,0.98 [0.67-1.43],0.9111705459309928
TNFRSF13C,Tumor necrosis factor receptor superfamily member 13C,Chapter VIII Diseases of the ear and mastoid process,Diseases of middle ear and mastoid,23189,107,1.13 [0.76-1.67],0.5399062677341311
TNFRSF13C,Tumor necrosis factor receptor superfamily member 13C,Chapter VIII Diseases of the ear and mastoid process,Labyrinthitis,23139,48,1.09 [0.60-1.98],0.7805473286473202
TNFRSF13C,Tumor necrosis factor receptor superfamily member 13C,Chapter VIII Diseases of the ear and mastoid process,Mnire disease,23143,52,1.59 [0.98-2.59],0.0593585476570965
TNFRSF13C,Tumor necrosis factor receptor superfamily member 13C,Chapter VIII Diseases of the ear and mastoid process,Other disorders of ear,23222,942,1.04 [0.91-1.19],0.5790463163642454
TNFRSF13C,Tumor necrosis factor receptor superfamily member 13C,Chapter VIII Diseases of the ear and mastoid process,Other specified/unspecified hearing loss,22981,701,1.05 [0.90-1.23],0.5376269628119439
TNFRSF13C,Tumor necrosis factor receptor superfamily member 13C,Chapter VIII Diseases of the ear and mastoid process,Sensorineural hearing loss,22402,122,0.69 [0.47-1.02],0.0602912370144309
TNFRSF13C,Tumor necrosis factor receptor superfamily member 13C,Chapter VIII Diseases of the ear and mastoid process,Tinnitus,22365,85,1.19 [0.77-1.84],0.4396864390976643
TNFRSF13C,Tumor necrosis factor receptor superfamily member 13C,Chapter X Diseases of the respiratory system,Acute pharyngitis,23109,62,0.95 [0.56-1.62],0.8599671673848982
TNFRSF13C,Tumor necrosis factor receptor superfamily member 13C,Chapter X Diseases of the respiratory system,Acute upper respiratory infections,23233,186,1.22 [0.91-1.64],0.1768978008924059
TNFRSF13C,Tumor necrosis factor receptor superfamily member 13C,Chapter X Diseases of the respiratory system,Acute upper respiratory infections of multiple and unspecified sites,23108,61,1.69 [1.11-2.58],0.0148515327982339
TNFRSF13C,Tumor necrosis factor receptor superfamily member 13C,Chapter X Diseases of the respiratory system,All influenza,21077,105,1.00 [0.66-1.51],0.9932283627659884
TNFRSF13C,Tumor necrosis factor receptor superfamily member 13C,Chapter X Diseases of the respiratory system,All influenza (not pneumonia),21074,102,0.98 [0.64-1.49],0.9106372371939678
TNFRSF13C,Tumor necrosis factor receptor superfamily member 13C,Chapter X Diseases of the respiratory system,Allergic asthma (mode),15291,100,0.68 [0.43-1.05],0.0827756427704346
TNFRSF13C,Tumor necrosis factor receptor superfamily member 13C,Chapter X Diseases of the respiratory system,Allergic rhinitis,23210,258,1.09 [0.84-1.41],0.5013935789466782
TNFRSF13C,Tumor necrosis factor receptor superfamily member 13C,Chapter X Diseases of the respiratory system,"Asthma, excluding more controls",16250,1402,0.97 [0.86-1.09],0.6131980836949344
TNFRSF13C,Tumor necrosis factor receptor superfamily member 13C,Chapter X Diseases of the respiratory system,"Asthma, unspecified (mode)",16568,1377,0.99 [0.88-1.11],0.8768595198315124
TNFRSF13C,Tumor necrosis factor receptor superfamily member 13C,Chapter X Diseases of the respiratory system,Bacterial pneumonia (organism specified),22938,146,1.27 [0.92-1.76],0.1499757216700402
TNFRSF13C,Tumor necrosis factor receptor superfamily member 13C,Chapter X Diseases of the respiratory system,"Bacterial pneumonia, not elsewhere classified",21066,94,1.07 [0.70-1.65],0.7508793039308377
TNFRSF13C,Tumor necrosis factor receptor superfamily member 13C,Chapter X Diseases of the respiratory system,Bronchiectasis,20276,279,1.23 [0.97-1.57],0.0885030242949913
TNFRSF13C,Tumor necrosis factor receptor superfamily member 13C,Chapter X Diseases of the respiratory system,"Bronchitis, not specified as acute or chronic",20037,40,1.29 [0.69-2.43],0.4223071385888144
TNFRSF13C,Tumor necrosis factor receptor superfamily member 13C,Chapter X Diseases of the respiratory system,Chronic lower respiratory diseases,22486,2489,1.05 [0.96-1.14],0.2979226881114226
TNFRSF13C,Tumor necrosis factor receptor superfamily member 13C,Chapter X Diseases of the respiratory system,"Chronic rhinitis, nasopharyngitis and pharyngitis",21907,77,0.97 [0.60-1.58],0.9177061418351468
TNFRSF13C,Tumor necrosis factor receptor superfamily member 13C,Chapter X Diseases of the respiratory system,Chronic sinusitis,21985,155,1.15 [0.83-1.60],0.3866104745233901
TNFRSF13C,Tumor necrosis factor receptor superfamily member 13C,Chapter X Diseases of the respiratory system,"COPD, hospital admissions 1, only main diagnosis",23095,1273,1.01 [0.90-1.13],0.8801968703842311
TNFRSF13C,Tumor necrosis factor receptor superfamily member 13C,Chapter X Diseases of the respiratory system,Deviated nasal septum,21965,135,0.86 [0.59-1.25],0.4262823275495516
TNFRSF13C,Tumor necrosis factor receptor superfamily member 13C,Chapter X Diseases of the respiratory system,Diseases of the respiratory system,21341,5154,1.04 [0.98-1.10],0.2067665415401608
TNFRSF13C,Tumor necrosis factor receptor superfamily member 13C,Chapter X Diseases of the respiratory system,"Diseases of vocal cords and larynx+other diseases of upper respiratory tract, no elsewhere classified",22210,380,1.07 [0.87-1.32],0.5324518095888049
TNFRSF13C,Tumor necrosis factor receptor superfamily member 13C,Chapter X Diseases of the respiratory system,Early onset COPD,22121,299,1.15 [0.91-1.46],0.2510031391531081
TNFRSF13C,Tumor necrosis factor receptor superfamily member 13C,Chapter X Diseases of the respiratory system,Emphysema,20335,338,1.23 [0.99-1.53],0.0654460716438229
TNFRSF13C,Tumor necrosis factor receptor superfamily member 13C,Chapter X Diseases of the respiratory system,Idiopathic pulmonary fibrosis,22413,330,1.24 [1.00-1.54],0.0518503436948579
TNFRSF13C,Tumor necrosis factor receptor superfamily member 13C,Chapter X Diseases of the respiratory system,Influenza and pneumonia,23073,2101,1.06 [0.96-1.15],0.2445214530009011
TNFRSF13C,Tumor necrosis factor receptor superfamily member 13C,Chapter X Diseases of the respiratory system,Interstitial lung disease,22441,358,1.29 [1.06-1.59],0.0133584930409575
TNFRSF13C,Tumor necrosis factor receptor superfamily member 13C,Chapter X Diseases of the respiratory system,Later onset COPD,22272,974,0.96 [0.84-1.09],0.5245751018577184
TNFRSF13C,Tumor necrosis factor receptor superfamily member 13C,Chapter X Diseases of the respiratory system,Lung diseases due to external agents,23299,424,0.98 [0.80-1.20],0.8275989617850823
TNFRSF13C,Tumor necrosis factor receptor superfamily member 13C,Chapter X Diseases of the respiratory system,Nasal polyp,21969,139,1.25 [0.89-1.75],0.1916454193294922
TNFRSF13C,Tumor necrosis factor receptor superfamily member 13C,Chapter X Diseases of the respiratory system,Other acute lower respiratory infections,23048,979,1.25 [1.10-1.42],0.0006305538795112
TNFRSF13C,Tumor necrosis factor receptor superfamily member 13C,Chapter X Diseases of the respiratory system,Other diseases of pleura,23042,2143,1.07 [0.98-1.17],0.1196880224486383
TNFRSF13C,Tumor necrosis factor receptor superfamily member 13C,Chapter X Diseases of the respiratory system,Other diseases of upper respiratory tract,22668,838,1.11 [0.96-1.27],0.1658160266065222
TNFRSF13C,Tumor necrosis factor receptor superfamily member 13C,Chapter X Diseases of the respiratory system,Other pleural conditions,20963,64,1.54 [0.97-2.43],0.0651163089321838
TNFRSF13C,Tumor necrosis factor receptor superfamily member 13C,Chapter X Diseases of the respiratory system,Other respiratory diseases principally affecting the interstitium,23223,437,1.35 [1.12-1.62],0.0013299527452792
TNFRSF13C,Tumor necrosis factor receptor superfamily member 13C,Chapter X Diseases of the respiratory system,Other respiratory disorders and diseases,23197,1359,1.08 [0.97-1.21],0.1503555654205746
TNFRSF13C,Tumor necrosis factor receptor superfamily member 13C,Chapter X Diseases of the respiratory system,Pleural effusion,21995,1096,1.07 [0.95-1.22],0.2637281897161234
TNFRSF13C,Tumor necrosis factor receptor superfamily member 13C,Chapter X Diseases of the respiratory system,Pleural plaque,21157,258,0.97 [0.74-1.26],0.8044933073858943
TNFRSF13C,Tumor necrosis factor receptor superfamily member 13C,Chapter X Diseases of the respiratory system,"Pneumonia, organism unspecified",22816,1844,1.05 [0.95-1.15],0.3626946813834568
TNFRSF13C,Tumor necrosis factor receptor superfamily member 13C,Chapter X Diseases of the respiratory system,Pneumonitis due to solids and liquids,23199,324,0.94 [0.74-1.19],0.6001990547914716
TNFRSF13C,Tumor necrosis factor receptor superfamily member 13C,Chapter X Diseases of the respiratory system,Pneumothorax,21039,140,0.82 [0.57-1.18],0.2868203354651607
TNFRSF13C,Tumor necrosis factor receptor superfamily member 13C,Chapter X Diseases of the respiratory system,Pollen allergy,23301,225,1.09 [0.82-1.43],0.5584744660775318
TNFRSF13C,Tumor necrosis factor receptor superfamily member 13C,Chapter X Diseases of the respiratory system,Pulmonary oedema,22851,65,1.43 [0.90-2.27],0.1268938481919889
TNFRSF13C,Tumor necrosis factor receptor superfamily member 13C,Chapter X Diseases of the respiratory system,Respiratory insufficiency,15245,54,0.70 [0.38-1.28],0.2432386554182847
TNFRSF13C,Tumor necrosis factor receptor superfamily member 13C,Chapter X Diseases of the respiratory system,Unspecified acute lower respiratory infection,23034,965,1.25 [1.10-1.42],0.0007359665074159
TNFRSF13C,Tumor necrosis factor receptor superfamily member 13C,Chapter X Diseases of the respiratory system,Vasomotor and allergic rhinitis,22090,260,1.07 [0.83-1.39],0.5907599042132323
TNFRSF13C,Tumor necrosis factor receptor superfamily member 13C,Chapter X Diseases of the respiratory system,Viral pneumonia,21249,277,1.10 [0.86-1.42],0.4324114251663595
TNFRSF13C,Tumor necrosis factor receptor superfamily member 13C,Chapter X Diseases of the respiratory system,"Viral pneumonia (unknown virus, not influenza)",22953,236,1.12 [0.86-1.46],0.4084023959553029
TNFRSF13C,Tumor necrosis factor receptor superfamily member 13C,Chapter X Diseases of the respiratory system,Vocal cord dysfunction,10157,112,1.10 [0.74-1.62],0.6501370191740974
TNFRSF13C,Tumor necrosis factor receptor superfamily member 13C,Chapter XI Diseases of the digestive system,Abscess of anal and rectal regions,16292,86,0.83 [0.52-1.31],0.4176625478608703
TNFRSF13C,Tumor necrosis factor receptor superfamily member 13C,Chapter XI Diseases of the digestive system,Acute appendicitis,23182,144,0.98 [0.69-1.39],0.9130316752347925
TNFRSF13C,Tumor necrosis factor receptor superfamily member 13C,Chapter XI Diseases of the digestive system,Acute gastritis,17596,87,1.17 [0.76-1.79],0.4844907293569718
TNFRSF13C,Tumor necrosis factor receptor superfamily member 13C,Chapter XI Diseases of the digestive system,Acute pancreatitis,21996,201,1.05 [0.79-1.41],0.7405827461227483
TNFRSF13C,Tumor necrosis factor receptor superfamily member 13C,Chapter XI Diseases of the digestive system,Acute peritonitis,22968,97,1.18 [0.78-1.77],0.4315030384671117
TNFRSF13C,Tumor necrosis factor receptor superfamily member 13C,Chapter XI Diseases of the digestive system,Alcoholic liver disease,22449,112,0.84 [0.56-1.25],0.3913063658140011
TNFRSF13C,Tumor necrosis factor receptor superfamily member 13C,Chapter XI Diseases of the digestive system,Barrett oesophagus,18033,524,1.00 [0.83-1.20],0.982922924689902
TNFRSF13C,Tumor necrosis factor receptor superfamily member 13C,Chapter XI Diseases of the digestive system,"Cholangitis (primary sclerosing, PSC)",21913,118,1.05 [0.72-1.53],0.7983427384121877
TNFRSF13C,Tumor necrosis factor receptor superfamily member 13C,Chapter XI Diseases of the digestive system,"Cholangitis (primary sclerosing, PSC), with reimbursement 202",22922,118,1.03 [0.70-1.51],0.8802997025886811
TNFRSF13C,Tumor necrosis factor receptor superfamily member 13C,Chapter XI Diseases of the digestive system,Cholecystitis,22008,213,1.17 [0.89-1.54],0.2576783818392581
TNFRSF13C,Tumor necrosis factor receptor superfamily member 13C,Chapter XI Diseases of the digestive system,Cholelithiasis,22564,769,1.27 [1.11-1.46],0.0007945038903762
TNFRSF13C,Tumor necrosis factor receptor superfamily member 13C,Chapter XI Diseases of the digestive system,Chronic gastritis,17773,264,1.34 [1.06-1.70],0.0144237911625948
TNFRSF13C,Tumor necrosis factor receptor superfamily member 13C,Chapter XI Diseases of the digestive system,Chronic pancreatitis,21852,57,0.67 [0.38-1.17],0.158578767653368
TNFRSF13C,Tumor necrosis factor receptor superfamily member 13C,Chapter XI Diseases of the digestive system,"Cirrhosis of liver, NAS",23116,131,1.18 [0.83-1.67],0.3556505634613182
TNFRSF13C,Tumor necrosis factor receptor superfamily member 13C,Chapter XI Diseases of the digestive system,Coeliac disease,21724,91,0.93 [0.60-1.46],0.7660959528491587
TNFRSF13C,Tumor necrosis factor receptor superfamily member 13C,Chapter XI Diseases of the digestive system,Collagenous colitis,21922,49,1.00 [0.55-1.81],0.9916226656279284
TNFRSF13C,Tumor necrosis factor receptor superfamily member 13C,Chapter XI Diseases of the digestive system,Colonic or urogenital fistula,23152,213,0.96 [0.72-1.28],0.7942320552624123
TNFRSF13C,Tumor necrosis factor receptor superfamily member 13C,Chapter XI Diseases of the digestive system,Constipation,23158,1548,0.97 [0.87-1.08],0.5594628099852572
TNFRSF13C,Tumor necrosis factor receptor superfamily member 13C,Chapter XI Diseases of the digestive system,Crohn disease,21961,88,0.54 [0.34-0.86],0.0086221201990586
TNFRSF13C,Tumor necrosis factor receptor superfamily member 13C,Chapter XI Diseases of the digestive system,"Crohn disease (strict definition, all UC cases excluded)",22982,64,0.57 [0.33-0.97],0.0392406900101584
TNFRSF13C,Tumor necrosis factor receptor superfamily member 13C,Chapter XI Diseases of the digestive system,Crohn's disease NAS,21948,75,0.66 [0.40-1.08],0.0998326069412131
TNFRSF13C,Tumor necrosis factor receptor superfamily member 13C,Chapter XI Diseases of the digestive system,Dental caries,22690,223,0.95 [0.72-1.26],0.7362203128409659
TNFRSF13C,Tumor necrosis factor receptor superfamily member 13C,Chapter XI Diseases of the digestive system,Diaphragmatic hernia,19739,1923,1.00 [0.91-1.09],0.9353203169867396
TNFRSF13C,Tumor necrosis factor receptor superfamily member 13C,Chapter XI Diseases of the digestive system,Diseases of appendix,23213,175,0.90 [0.65-1.24],0.527527251701021
TNFRSF13C,Tumor necrosis factor receptor superfamily member 13C,Chapter XI Diseases of the digestive system,Diseases of liver,23179,842,1.05 [0.91-1.21],0.5333874131463918
TNFRSF13C,Tumor necrosis factor receptor superfamily member 13C,Chapter XI Diseases of the digestive system,"Diseases of oesophagus, stomach and duodenum",21352,3843,1.05 [0.98-1.12],0.1749739327057937
TNFRSF13C,Tumor necrosis factor receptor superfamily member 13C,Chapter XI Diseases of the digestive system,"Diseases of oral cavity, salivary glands and jaws",22973,506,1.11 [0.92-1.33],0.2729281189435303
TNFRSF13C,Tumor necrosis factor receptor superfamily member 13C,Chapter XI Diseases of the digestive system,Diseases of peritoneum,23269,398,1.03 [0.84-1.27],0.7764819567497468
TNFRSF13C,Tumor necrosis factor receptor superfamily member 13C,Chapter XI Diseases of the digestive system,Diseases of pulp and periapical tissues,22579,112,1.06 [0.72-1.57],0.753040287730109
TNFRSF13C,Tumor necrosis factor receptor superfamily member 13C,Chapter XI Diseases of the digestive system,Diseases of salivary glands,22435,65,1.03 [0.62-1.71],0.9141816007561072
TNFRSF13C,Tumor necrosis factor receptor superfamily member 13C,Chapter XI Diseases of the digestive system,Diseases of the digestive system,23003,1370,1.03 [0.92-1.15],0.5913719997163529
TNFRSF13C,Tumor necrosis factor receptor superfamily member 13C,Chapter XI Diseases of the digestive system,Diseases of tongue,22456,106,0.85 [0.56-1.28],0.4281638296522757
TNFRSF13C,Tumor necrosis factor receptor superfamily member 13C,Chapter XI Diseases of the digestive system,"Disorders of gallbladder, biliary tract and pancreas",22960,1165,1.14 [1.02-1.29],0.0262647888074314
TNFRSF13C,Tumor necrosis factor receptor superfamily member 13C,Chapter XI Diseases of the digestive system,Diverticular disease of intestine,19189,2983,0.93 [0.86-1.00],0.0550945448102237
TNFRSF13C,Tumor necrosis factor receptor superfamily member 13C,Chapter XI Diseases of the digestive system,Duodenal ulcer,17776,267,1.22 [0.96-1.56],0.1062715035757068
TNFRSF13C,Tumor necrosis factor receptor superfamily member 13C,Chapter XI Diseases of the digestive system,"Duodenal ulcer - Unspecified as acute or chronic, without haemorrhage or perforation, drug-induced",23201,210,0.96 [0.72-1.28],0.7908955924697371
TNFRSF13C,Tumor necrosis factor receptor superfamily member 13C,Chapter XI Diseases of the digestive system,Embedded and impacted teeth,23245,44,0.64 [0.34-1.21],0.1709155601073705
TNFRSF13C,Tumor necrosis factor receptor superfamily member 13C,Chapter XI Diseases of the digestive system,Fibrosis and cirrhosis of liver,22491,154,1.30 [0.95-1.78],0.0976481760130095
TNFRSF13C,Tumor necrosis factor receptor superfamily member 13C,Chapter XI Diseases of the digestive system,Fissure and fistula of anal and rectal regions,16382,176,0.93 [0.68-1.27],0.6498895924017226
TNFRSF13C,Tumor necrosis factor receptor superfamily member 13C,Chapter XI Diseases of the digestive system,Functional dyspepsia,17926,417,0.94 [0.77-1.16],0.560869963308994
TNFRSF13C,Tumor necrosis factor receptor superfamily member 13C,Chapter XI Diseases of the digestive system,Gastric ulcer,17869,360,1.07 [0.86-1.33],0.5359109877709245
TNFRSF13C,Tumor necrosis factor receptor superfamily member 13C,Chapter XI Diseases of the digestive system,Gastro-oesophageal reflux disease,19612,2103,1.01 [0.92-1.10],0.8830979371085378
TNFRSF13C,Tumor necrosis factor receptor superfamily member 13C,Chapter XI Diseases of the digestive system,Gastroduodenal ulcer,18098,589,1.08 [0.91-1.28],0.3896511546526318
TNFRSF13C,Tumor necrosis factor receptor superfamily member 13C,Chapter XI Diseases of the digestive system,Gastrointestinal diseases,17818,7808,0.99 [0.95-1.04],0.8187514602140566
TNFRSF13C,Tumor necrosis factor receptor superfamily member 13C,Chapter XI Diseases of the digestive system,GI-bleeding,22770,1137,1.08 [0.96-1.22],0.2017285453512358
TNFRSF13C,Tumor necrosis factor receptor superfamily member 13C,Chapter XI Diseases of the digestive system,Gingivitis and periodontal diseases,22509,42,1.28 [0.69-2.36],0.4277823217185064
TNFRSF13C,Tumor necrosis factor receptor superfamily member 13C,Chapter XI Diseases of the digestive system,Haemorrhoids and perianal venous thrombosis,17151,1208,0.96 [0.85-1.08],0.4698589248329987
TNFRSF13C,Tumor necrosis factor receptor superfamily member 13C,Chapter XI Diseases of the digestive system,"Hepatic failure, not elsewhere classified",22423,86,1.47 [0.99-2.18],0.0560667442884888
TNFRSF13C,Tumor necrosis factor receptor superfamily member 13C,Chapter XI Diseases of the digestive system,Hernia,21310,3494,0.92 [0.86-0.99],0.0276201483943506
TNFRSF13C,Tumor necrosis factor receptor superfamily member 13C,Chapter XI Diseases of the digestive system,Impacted teeth,23248,41,0.68 [0.35-1.31],0.2488488742850091
TNFRSF13C,Tumor necrosis factor receptor superfamily member 13C,Chapter XI Diseases of the digestive system,Impaction of intestines,16252,46,1.10 [0.60-2.02],0.7556024103670856
TNFRSF13C,Tumor necrosis factor receptor superfamily member 13C,Chapter XI Diseases of the digestive system,Inguinal hernia,19428,1612,0.87 [0.78-0.97],0.0093596048204662
TNFRSF13C,Tumor necrosis factor receptor superfamily member 13C,Chapter XI Diseases of the digestive system,"Inguinal hernia, bilateral",18009,193,0.72 [0.53-0.98],0.0396033605374755
TNFRSF13C,Tumor necrosis factor receptor superfamily member 13C,Chapter XI Diseases of the digestive system,Intestinal adhesions without obstruction,16293,87,0.90 [0.57-1.42],0.6565458963786163
TNFRSF13C,Tumor necrosis factor receptor superfamily member 13C,Chapter XI Diseases of the digestive system,Intestinal malabsorption,21737,104,0.91 [0.60-1.39],0.6765744532293847
TNFRSF13C,Tumor necrosis factor receptor superfamily member 13C,Chapter XI Diseases of the digestive system,Irritable bowel syndrome,16471,265,0.85 [0.65-1.11],0.2289284688381704
TNFRSF13C,Tumor necrosis factor receptor superfamily member 13C,Chapter XI Diseases of the digestive system,Nonalcoholic fatty liver disease,23275,368,1.09 [0.88-1.35],0.4408512703839762
TNFRSF13C,Tumor necrosis factor receptor superfamily member 13C,Chapter XI Diseases of the digestive system,Noninfectious colitis NAS,22530,657,1.12 [0.96-1.31],0.1471648837703999
TNFRSF13C,Tumor necrosis factor receptor superfamily member 13C,Chapter XI Diseases of the digestive system,Noninfective enteritis and colitis,22734,861,1.05 [0.91-1.21],0.4779296185558016
TNFRSF13C,Tumor necrosis factor receptor superfamily member 13C,Chapter XI Diseases of the digestive system,Oesophageal obstruction,17722,213,1.03 [0.78-1.38],0.8190052559358131
TNFRSF13C,Tumor necrosis factor receptor superfamily member 13C,Chapter XI Diseases of the digestive system,Oesophagitis,18122,613,1.06 [0.90-1.25],0.4834749918418581
TNFRSF13C,Tumor necrosis factor receptor superfamily member 13C,Chapter XI Diseases of the digestive system,Oral lichen ruber planus,23265,110,0.92 [0.61-1.37],0.671492491336372
TNFRSF13C,Tumor necrosis factor receptor superfamily member 13C,Chapter XI Diseases of the digestive system,Other and unspecified abdominal hernia,17892,76,0.64 [0.39-1.05],0.0783936419667719
TNFRSF13C,Tumor necrosis factor receptor superfamily member 13C,Chapter XI Diseases of the digestive system,Other diseases of anus and rectum,17599,1393,1.02 [0.92-1.15],0.6790468102479679
TNFRSF13C,Tumor necrosis factor receptor superfamily member 13C,Chapter XI Diseases of the digestive system,Other diseases of biliary tract,22049,254,0.96 [0.74-1.25],0.7615673558069592
TNFRSF13C,Tumor necrosis factor receptor superfamily member 13C,Chapter XI Diseases of the digestive system,Other diseases of gallbladder,21914,119,1.24 [0.86-1.78],0.2492994419914116
TNFRSF13C,Tumor necrosis factor receptor superfamily member 13C,Chapter XI Diseases of the digestive system,Other diseases of intestine,18040,1834,1.02 [0.92-1.12],0.704217316092786
TNFRSF13C,Tumor necrosis factor receptor superfamily member 13C,Chapter XI Diseases of the digestive system,Other diseases of intestines,21536,5330,0.97 [0.91-1.03],0.2785931321849758
TNFRSF13C,Tumor necrosis factor receptor superfamily member 13C,Chapter XI Diseases of the digestive system,Other diseases of lip and oral mucosa,22417,172,0.92 [0.67-1.27],0.6176352840404777
TNFRSF13C,Tumor necrosis factor receptor superfamily member 13C,Chapter XI Diseases of the digestive system,Other diseases of liver,23007,670,1.03 [0.87-1.20],0.7530871045230103
TNFRSF13C,Tumor necrosis factor receptor superfamily member 13C,Chapter XI Diseases of the digestive system,Other diseases of oesophagus,18238,729,0.99 [0.85-1.16],0.949430929962081
TNFRSF13C,Tumor necrosis factor receptor superfamily member 13C,Chapter XI Diseases of the digestive system,Other diseases of pancreas,21935,140,1.09 [0.77-1.54],0.6262798419376875
TNFRSF13C,Tumor necrosis factor receptor superfamily member 13C,Chapter XI Diseases of the digestive system,Other diseases of peritoneum,23197,326,0.98 [0.77-1.23],0.8366187511616714
TNFRSF13C,Tumor necrosis factor receptor superfamily member 13C,Chapter XI Diseases of the digestive system,Other diseases of stomach and duodenum,18290,781,1.14 [0.98-1.31],0.0877021268847864
TNFRSF13C,Tumor necrosis factor receptor superfamily member 13C,Chapter XI Diseases of the digestive system,Other diseases of the digestive system,22782,1149,1.09 [0.97-1.23],0.1639040077163264
TNFRSF13C,Tumor necrosis factor receptor superfamily member 13C,Chapter XI Diseases of the digestive system,Other disorders of teeth and supporting structures,22644,177,1.44 [1.09-1.90],0.0111034396387341
TNFRSF13C,Tumor necrosis factor receptor superfamily member 13C,Chapter XI Diseases of the digestive system,Other functional intestinal disorders,17791,1585,0.96 [0.87-1.07],0.4970176930718307
TNFRSF13C,Tumor necrosis factor receptor superfamily member 13C,Chapter XI Diseases of the digestive system,Other gastritis (incl. Duodenitis),19334,1825,1.07 [0.97-1.18],0.1632184331818449
TNFRSF13C,Tumor necrosis factor receptor superfamily member 13C,Chapter XI Diseases of the digestive system,Other inflammatory liver diseases,22430,93,1.47 [1.01-2.15],0.0455902469860239
TNFRSF13C,Tumor necrosis factor receptor superfamily member 13C,Chapter XI Diseases of the digestive system,Other noninfective gastroenteritis and colitis,22627,754,1.09 [0.94-1.26],0.2718325708287967
TNFRSF13C,Tumor necrosis factor receptor superfamily member 13C,Chapter XI Diseases of the digestive system,"Other or unspecified ileus, impaction or obstruction",16549,343,1.17 [0.95-1.45],0.1479665996289529
TNFRSF13C,Tumor necrosis factor receptor superfamily member 13C,Chapter XI Diseases of the digestive system,Palatinal maxillary canine,23236,53,0.71 [0.40-1.27],0.2505499015719553
TNFRSF13C,Tumor necrosis factor receptor superfamily member 13C,Chapter XI Diseases of the digestive system,Paralytic ileus and intestinal obstruction,16673,467,1.09 [0.91-1.32],0.3552150931559074
TNFRSF13C,Tumor necrosis factor receptor superfamily member 13C,Chapter XI Diseases of the digestive system,"Postprocedural disorders of digestive system, not elsewhere classified",21792,159,0.84 [0.60-1.18],0.3066212099825886
TNFRSF13C,Tumor necrosis factor receptor superfamily member 13C,Chapter XI Diseases of the digestive system,Recurring oral aphthae,23303,38,0.79 [0.39-1.57],0.4964213828142619
TNFRSF13C,Tumor necrosis factor receptor superfamily member 13C,Chapter XI Diseases of the digestive system,Stomatitis and related lesions,22476,100,1.00 [0.66-1.53],0.9853392025318584
TNFRSF13C,Tumor necrosis factor receptor superfamily member 13C,Chapter XI Diseases of the digestive system,Toxic colitis,21917,44,1.11 [0.60-2.05],0.7370385032788621
TNFRSF13C,Tumor necrosis factor receptor superfamily member 13C,Chapter XI Diseases of the digestive system,Ulcer of oesophagus,17802,293,0.95 [0.74-1.21],0.6628773704776663
TNFRSF13C,Tumor necrosis factor receptor superfamily member 13C,Chapter XI Diseases of the digestive system,Ulcerative colitis,22017,144,0.99 [0.69-1.40],0.9356151522222108
TNFRSF13C,Tumor necrosis factor receptor superfamily member 13C,Chapter XI Diseases of the digestive system,"Ulcerative colitis, NAS",21995,122,0.74 [0.50-1.10],0.1391311566380637
TNFRSF13C,Tumor necrosis factor receptor superfamily member 13C,Chapter XI Diseases of the digestive system,Umbilical hernia,18179,363,0.95 [0.77-1.19],0.6814805275951773
TNFRSF13C,Tumor necrosis factor receptor superfamily member 13C,Chapter XI Diseases of the digestive system,Vascular disorders of the intestines,16356,150,0.92 [0.65-1.30],0.6173942137587998
TNFRSF13C,Tumor necrosis factor receptor superfamily member 13C,Chapter XI Diseases of the digestive system,Ventral hernia,18075,259,0.80 [0.62-1.05],0.1057759659330151
TNFRSF13C,Tumor necrosis factor receptor superfamily member 13C,Chapter XI Diseases of the digestive system,Volvulus,16279,73,0.86 [0.52-1.42],0.5578403095871693
TNFRSF13C,Tumor necrosis factor receptor superfamily member 13C,Chapter XII Diseases of the skin and subcutaneous tissue,Actinic keratosis,23241,323,1.05 [0.83-1.33],0.673571617617921
TNFRSF13C,Tumor necrosis factor receptor superfamily member 13C,Chapter XII Diseases of the skin and subcutaneous tissue,Arthropathic psoriasis,23005,66,0.97 [0.58-1.63],0.9070664972068608
TNFRSF13C,Tumor necrosis factor receptor superfamily member 13C,Chapter XII Diseases of the skin and subcutaneous tissue,Atrophic disorders of skin,21351,96,0.92 [0.59-1.42],0.6997976835487792
TNFRSF13C,Tumor necrosis factor receptor superfamily member 13C,Chapter XII Diseases of the skin and subcutaneous tissue,Cellulitis,22597,733,0.94 [0.80-1.10],0.4412584752773121
TNFRSF13C,Tumor necrosis factor receptor superfamily member 13C,Chapter XII Diseases of the skin and subcutaneous tissue,"Cutaneous abscess, furuncle and carbuncle",22061,197,0.84 [0.62-1.13],0.2471507057144507
TNFRSF13C,Tumor necrosis factor receptor superfamily member 13C,Chapter XII Diseases of the skin and subcutaneous tissue,Decubitus ulcer and pressure area,21720,465,1.04 [0.86-1.27],0.6613940388000343
TNFRSF13C,Tumor necrosis factor receptor superfamily member 13C,Chapter XII Diseases of the skin and subcutaneous tissue,Dermatitis,23032,265,1.03 [0.80-1.32],0.8425317611846059
TNFRSF13C,Tumor necrosis factor receptor superfamily member 13C,Chapter XII Diseases of the skin and subcutaneous tissue,Dermatitis and eczema,23230,463,1.04 [0.86-1.26],0.68965803100392
TNFRSF13C,Tumor necrosis factor receptor superfamily member 13C,Chapter XII Diseases of the skin and subcutaneous tissue,Dermatitis due to substances taken internally,22811,44,1.68 [1.02-2.77],0.0431199279308193
TNFRSF13C,Tumor necrosis factor receptor superfamily member 13C,Chapter XII Diseases of the skin and subcutaneous tissue,Diseases of the skin and subcutaneous tissue,21869,3121,0.96 [0.89-1.03],0.247554019948082
TNFRSF13C,Tumor necrosis factor receptor superfamily member 13C,Chapter XII Diseases of the skin and subcutaneous tissue,Disorders of skin appendages,22878,399,1.04 [0.84-1.28],0.7218891401246808
TNFRSF13C,Tumor necrosis factor receptor superfamily member 13C,Chapter XII Diseases of the skin and subcutaneous tissue,Follicular cysts of skin and subcutaneous tissue,22768,289,1.01 [0.79-1.29],0.9205397125070348
TNFRSF13C,Tumor necrosis factor receptor superfamily member 13C,Chapter XII Diseases of the skin and subcutaneous tissue,Infections of the skin and subcutaneous tissue,22867,1003,0.93 [0.81-1.06],0.2817410037558246
TNFRSF13C,Tumor necrosis factor receptor superfamily member 13C,Chapter XII Diseases of the skin and subcutaneous tissue,"Lichen planus, including avohilmo",23306,31,0.48 [0.22-1.03],0.0603342874263801
TNFRSF13C,Tumor necrosis factor receptor superfamily member 13C,Chapter XII Diseases of the skin and subcutaneous tissue,Lupus erythematosus,21278,23,1.19 [0.51-2.75],0.6906643896132033
TNFRSF13C,Tumor necrosis factor receptor superfamily member 13C,Chapter XII Diseases of the skin and subcutaneous tissue,Nail disorders,22535,56,1.23 [0.73-2.07],0.4344440026518464
TNFRSF13C,Tumor necrosis factor receptor superfamily member 13C,Chapter XII Diseases of the skin and subcutaneous tissue,Other and unspecified dermatitis,23027,260,1.03 [0.80-1.34],0.7954293169850941
TNFRSF13C,Tumor necrosis factor receptor superfamily member 13C,Chapter XII Diseases of the skin and subcutaneous tissue,Other and unspecified disorders of skin and subcutaneous tissue,21727,472,0.84 [0.69-1.02],0.0802059131741427
TNFRSF13C,Tumor necrosis factor receptor superfamily member 13C,Chapter XII Diseases of the skin and subcutaneous tissue,Other and unspecified epidermal thickening,21334,79,1.65 [1.13-2.39],0.0090570228166825
TNFRSF13C,Tumor necrosis factor receptor superfamily member 13C,Chapter XII Diseases of the skin and subcutaneous tissue,Other and unspecified erythematous conditions,23251,81,0.79 [0.49-1.27],0.3289375907714266
TNFRSF13C,Tumor necrosis factor receptor superfamily member 13C,Chapter XII Diseases of the skin and subcutaneous tissue,Other and unspecified local infections of skin and subcutaneous tissue,22077,213,0.93 [0.69-1.24],0.6044018258793906
TNFRSF13C,Tumor necrosis factor receptor superfamily member 13C,Chapter XII Diseases of the skin and subcutaneous tissue,Other and unspecified psoriasis,23149,210,0.64 [0.48-0.87],0.0035864147619268
TNFRSF13C,Tumor necrosis factor receptor superfamily member 13C,Chapter XII Diseases of the skin and subcutaneous tissue,Other contact dermatitis,22838,71,1.07 [0.66-1.75],0.7751835915365244
TNFRSF13C,Tumor necrosis factor receptor superfamily member 13C,Chapter XII Diseases of the skin and subcutaneous tissue,Other disorders of pigmentation,21323,68,0.81 [0.48-1.37],0.4322826515080343
TNFRSF13C,Tumor necrosis factor receptor superfamily member 13C,Chapter XII Diseases of the skin and subcutaneous tissue,Other disorders of skin and subcutaneous tissue,22871,1616,1.01 [0.91-1.12],0.8091889630563762
TNFRSF13C,Tumor necrosis factor receptor superfamily member 13C,Chapter XII Diseases of the skin and subcutaneous tissue,"Other disorders of skin and subcutaneous tissue, not elsewhere classified",21766,511,0.85 [0.70-1.02],0.0846251042275891
TNFRSF13C,Tumor necrosis factor receptor superfamily member 13C,Chapter XII Diseases of the skin and subcutaneous tissue,Other epidermal thickening,21337,82,1.58 [1.08-2.31],0.0185343157058086
TNFRSF13C,Tumor necrosis factor receptor superfamily member 13C,Chapter XII Diseases of the skin and subcutaneous tissue,Papulosquamous disorders,23230,291,0.70 [0.54-0.90],0.0055779303989568
TNFRSF13C,Tumor necrosis factor receptor superfamily member 13C,Chapter XII Diseases of the skin and subcutaneous tissue,Pruritus,22819,52,1.24 [0.72-2.13],0.4446594659400457
TNFRSF13C,Tumor necrosis factor receptor superfamily member 13C,Chapter XII Diseases of the skin and subcutaneous tissue,Psoriasis,23193,254,0.72 [0.55-0.95],0.0180831833061238
TNFRSF13C,Tumor necrosis factor receptor superfamily member 13C,Chapter XII Diseases of the skin and subcutaneous tissue,Radiation-related disorders of the skin and subcutaneous tissue,23261,343,1.02 [0.81-1.28],0.8637632501861698
TNFRSF13C,Tumor necrosis factor receptor superfamily member 13C,Chapter XII Diseases of the skin and subcutaneous tissue,Scar conditions and fibrosis of skin,21344,89,0.96 [0.61-1.50],0.8517712550826686
TNFRSF13C,Tumor necrosis factor receptor superfamily member 13C,Chapter XII Diseases of the skin and subcutaneous tissue,Seborrhoeic keratosis,21522,267,1.01 [0.78-1.31],0.9307159811825564
TNFRSF13C,Tumor necrosis factor receptor superfamily member 13C,Chapter XII Diseases of the skin and subcutaneous tissue,Skin changes due to chronic exposure to nonionizing radiation,23254,336,1.01 [0.80-1.27],0.9203421992650076
TNFRSF13C,Tumor necrosis factor receptor superfamily member 13C,Chapter XII Diseases of the skin and subcutaneous tissue,"Ulcer of lower limb, not elsewhere classified",21522,267,0.99 [0.77-1.28],0.935800054036046
TNFRSF13C,Tumor necrosis factor receptor superfamily member 13C,Chapter XII Diseases of the skin and subcutaneous tissue,Urticaria and erythema,23293,123,1.07 [0.74-1.56],0.7034361126955735
TNFRSF13C,Tumor necrosis factor receptor superfamily member 13C,Chapter XIII Diseases of the musculoskeletal system and connective tissue,Adhesive capsulitis of shoulder,20132,86,1.09 [0.70-1.70],0.700399871154372
TNFRSF13C,Tumor necrosis factor receptor superfamily member 13C,Chapter XIII Diseases of the musculoskeletal system and connective tissue,Arthropathies,21283,4673,0.96 [0.90-1.02],0.1633306621630704
TNFRSF13C,Tumor necrosis factor receptor superfamily member 13C,Chapter XIII Diseases of the musculoskeletal system and connective tissue,Arthrosis,19893,3283,0.91 [0.85-0.98],0.0140980560850652
TNFRSF13C,Tumor necrosis factor receptor superfamily member 13C,Chapter XIII Diseases of the musculoskeletal system and connective tissue,Bursitis of shoulder,20113,67,0.66 [0.39-1.11],0.1193679532807604
TNFRSF13C,Tumor necrosis factor receptor superfamily member 13C,Chapter XIII Diseases of the musculoskeletal system and connective tissue,Cervical disc disorders,20470,148,1.07 [0.76-1.50],0.7030158975439617
TNFRSF13C,Tumor necrosis factor receptor superfamily member 13C,Chapter XIII Diseases of the musculoskeletal system and connective tissue,Cervicalgia,20463,141,1.06 [0.75-1.50],0.7463380100687957
TNFRSF13C,Tumor necrosis factor receptor superfamily member 13C,Chapter XIII Diseases of the musculoskeletal system and connective tissue,Chondropathies,23121,68,0.97 [0.59-1.61],0.9144035881656656
TNFRSF13C,Tumor necrosis factor receptor superfamily member 13C,Chapter XIII Diseases of the musculoskeletal system and connective tissue,"Collapsed vertebra, not elsewhere classified",20400,78,1.36 [0.89-2.10],0.1582943265520067
TNFRSF13C,Tumor necrosis factor receptor superfamily member 13C,Chapter XIII Diseases of the musculoskeletal system and connective tissue,Coxarthrosis,17456,846,0.87 [0.75-1.00],0.0573281829448038
TNFRSF13C,Tumor necrosis factor receptor superfamily member 13C,Chapter XIII Diseases of the musculoskeletal system and connective tissue,"Coxarthrosis, primary",23202,144,0.71 [0.49-1.01],0.0571231475105254
TNFRSF13C,Tumor necrosis factor receptor superfamily member 13C,Chapter XIII Diseases of the musculoskeletal system and connective tissue,Deforming dorsopathies,20589,267,1.20 [0.94-1.54],0.1404401373097237
TNFRSF13C,Tumor necrosis factor receptor superfamily member 13C,Chapter XIII Diseases of the musculoskeletal system and connective tissue,Diseases of the musculoskeletal system and connective tissue,19852,6126,0.96 [0.91-1.01],0.1165979319048465
TNFRSF13C,Tumor necrosis factor receptor superfamily member 13C,Chapter XIII Diseases of the musculoskeletal system and connective tissue,Disorders of continuity of bone,22281,90,0.99 [0.63-1.53],0.9471854269336176
TNFRSF13C,Tumor necrosis factor receptor superfamily member 13C,Chapter XIII Diseases of the musculoskeletal system and connective tissue,Disorders of muscles,20210,164,0.92 [0.66-1.27],0.6043009744022423
TNFRSF13C,Tumor necrosis factor receptor superfamily member 13C,Chapter XIII Diseases of the musculoskeletal system and connective tissue,Disorders of synovium and tendon,20468,422,0.74 [0.60-0.91],0.0041770264829458
TNFRSF13C,Tumor necrosis factor receptor superfamily member 13C,Chapter XIII Diseases of the musculoskeletal system and connective tissue,Dorsopathies,22514,2192,1.05 [0.96-1.14],0.3034823974116695
TNFRSF13C,Tumor necrosis factor receptor superfamily member 13C,Chapter XIII Diseases of the musculoskeletal system and connective tissue,Fibroblastic disorders,20398,352,0.78 [0.62-0.98],0.0335278053153825
TNFRSF13C,Tumor necrosis factor receptor superfamily member 13C,Chapter XIII Diseases of the musculoskeletal system and connective tissue,Fibromyalgia,20098,52,0.49 [0.27-0.89],0.0191031028601802
TNFRSF13C,Tumor necrosis factor receptor superfamily member 13C,Chapter XIII Diseases of the musculoskeletal system and connective tissue,Ganglion,20140,94,0.64 [0.41-0.99],0.0467431627173209
TNFRSF13C,Tumor necrosis factor receptor superfamily member 13C,Chapter XIII Diseases of the musculoskeletal system and connective tissue,Giant cell arteritis,23004,29,0.65 [0.29-1.44],0.289422405252369
TNFRSF13C,Tumor necrosis factor receptor superfamily member 13C,Chapter XIII Diseases of the musculoskeletal system and connective tissue,Gonarthrosis,18034,1424,0.91 [0.81-1.02],0.1029246660795555
TNFRSF13C,Tumor necrosis factor receptor superfamily member 13C,Chapter XIII Diseases of the musculoskeletal system and connective tissue,Gout,17568,958,1.12 [0.99-1.28],0.0789868008483174
TNFRSF13C,Tumor necrosis factor receptor superfamily member 13C,Chapter XIII Diseases of the musculoskeletal system and connective tissue,"Gout, unspecified",23180,945,1.14 [1.00-1.30],0.0499366844896095
TNFRSF13C,Tumor necrosis factor receptor superfamily member 13C,Chapter XIII Diseases of the musculoskeletal system and connective tissue,Hallux rigidus,16658,48,0.97 [0.52-1.78],0.9130762592221566
TNFRSF13C,Tumor necrosis factor receptor superfamily member 13C,Chapter XIII Diseases of the musculoskeletal system and connective tissue,Hallux valgus (acquired),16689,79,0.81 [0.50-1.30],0.3774713264109813
TNFRSF13C,Tumor necrosis factor receptor superfamily member 13C,Chapter XIII Diseases of the musculoskeletal system and connective tissue,Impingement syndrome of shoulder,20313,267,1.03 [0.80-1.33],0.8299699823974287
TNFRSF13C,Tumor necrosis factor receptor superfamily member 13C,Chapter XIII Diseases of the musculoskeletal system and connective tissue,Internal derangement of knee,17226,616,0.88 [0.74-1.05],0.1537396204962083
TNFRSF13C,Tumor necrosis factor receptor superfamily member 13C,Chapter XIII Diseases of the musculoskeletal system and connective tissue,Kyphosis,20364,42,1.33 [0.74-2.39],0.3484971811525768
TNFRSF13C,Tumor necrosis factor receptor superfamily member 13C,Chapter XIII Diseases of the musculoskeletal system and connective tissue,Low back pain,20841,519,0.90 [0.75-1.09],0.2880953868305766
TNFRSF13C,Tumor necrosis factor receptor superfamily member 13C,Chapter XIII Diseases of the musculoskeletal system and connective tissue,Lumbar disc prolapse,20582,260,1.08 [0.84-1.40],0.5568035236432919
TNFRSF13C,Tumor necrosis factor receptor superfamily member 13C,Chapter XIII Diseases of the musculoskeletal system and connective tissue,Meniscus derangement,17186,576,0.80 [0.67-0.96],0.0169892917165222
TNFRSF13C,Tumor necrosis factor receptor superfamily member 13C,Chapter XIII Diseases of the musculoskeletal system and connective tissue,Myalgia,20109,63,0.81 [0.47-1.39],0.4390731100530838
TNFRSF13C,Tumor necrosis factor receptor superfamily member 13C,Chapter XIII Diseases of the musculoskeletal system and connective tissue,"Neuralgia and neuritis, unspecified",20099,53,1.28 [0.75-2.19],0.3698807770114731
TNFRSF13C,Tumor necrosis factor receptor superfamily member 13C,Chapter XIII Diseases of the musculoskeletal system and connective tissue,Osteomyelitis,22285,94,1.32 [0.89-1.96],0.1729959633682516
TNFRSF13C,Tumor necrosis factor receptor superfamily member 13C,Chapter XIII Diseases of the musculoskeletal system and connective tissue,Osteopathies and chondropathies,23036,845,1.00 [0.86-1.15],0.9479558706815002
TNFRSF13C,Tumor necrosis factor receptor superfamily member 13C,Chapter XIII Diseases of the musculoskeletal system and connective tissue,Osteoporosis,22582,391,1.02 [0.83-1.26],0.8327926761534763
TNFRSF13C,Tumor necrosis factor receptor superfamily member 13C,Chapter XIII Diseases of the musculoskeletal system and connective tissue,"Other (seronegative) rheumatoid arthritis, wide",23234,279,1.13 [0.88-1.43],0.335579839336306
TNFRSF13C,Tumor necrosis factor receptor superfamily member 13C,Chapter XIII Diseases of the musculoskeletal system and connective tissue,Other arthrosis,18443,1833,0.92 [0.84-1.02],0.1056577107588824
TNFRSF13C,Tumor necrosis factor receptor superfamily member 13C,Chapter XIII Diseases of the musculoskeletal system and connective tissue,Other articular cartilage disorders,16660,50,0.63 [0.34-1.17],0.1419566972938692
TNFRSF13C,Tumor necrosis factor receptor superfamily member 13C,Chapter XIII Diseases of the musculoskeletal system and connective tissue,Other bursopathies,20128,82,0.83 [0.52-1.34],0.4556502579990601
TNFRSF13C,Tumor necrosis factor receptor superfamily member 13C,Chapter XIII Diseases of the musculoskeletal system and connective tissue,Other crystal arthropathies,16660,50,1.01 [0.56-1.83],0.9702469182803968
TNFRSF13C,Tumor necrosis factor receptor superfamily member 13C,Chapter XIII Diseases of the musculoskeletal system and connective tissue,Other deformities of toe(s),16654,44,0.60 [0.31-1.15],0.1212475025161163
TNFRSF13C,Tumor necrosis factor receptor superfamily member 13C,Chapter XIII Diseases of the musculoskeletal system and connective tissue,Other disorders of bone,22372,181,0.79 [0.57-1.08],0.1419691739669412
TNFRSF13C,Tumor necrosis factor receptor superfamily member 13C,Chapter XIII Diseases of the musculoskeletal system and connective tissue,Other disorders of bone density and structure,22350,159,0.87 [0.62-1.22],0.4124733906411191
TNFRSF13C,Tumor necrosis factor receptor superfamily member 13C,Chapter XIII Diseases of the musculoskeletal system and connective tissue,Other disorders of the musculoskeletal system and connective tissue,23282,85,0.96 [0.61-1.51],0.8649470029281843
TNFRSF13C,Tumor necrosis factor receptor superfamily member 13C,Chapter XIII Diseases of the musculoskeletal system and connective tissue,"Other dorsopathies, not elsewhere classified",21814,1492,1.01 [0.91-1.13],0.8245276500772518
TNFRSF13C,Tumor necrosis factor receptor superfamily member 13C,Chapter XIII Diseases of the musculoskeletal system and connective tissue,Other enthesopathies,20108,62,1.00 [0.59-1.72],0.9872407217465446
TNFRSF13C,Tumor necrosis factor receptor superfamily member 13C,Chapter XIII Diseases of the musculoskeletal system and connective tissue,Other hammer toe(s) (acquired),16650,40,0.53 [0.26-1.06],0.0721392884347301
TNFRSF13C,Tumor necrosis factor receptor superfamily member 13C,Chapter XIII Diseases of the musculoskeletal system and connective tissue,Other intervertebral disc disorders,20923,601,1.05 [0.89-1.25],0.5456075773580527
TNFRSF13C,Tumor necrosis factor receptor superfamily member 13C,Chapter XIII Diseases of the musculoskeletal system and connective tissue,Other joint disorders,18295,1685,0.91 [0.82-1.01],0.0684700821557042
TNFRSF13C,Tumor necrosis factor receptor superfamily member 13C,Chapter XIII Diseases of the musculoskeletal system and connective tissue,Other necrotizing vasculopathies,23028,53,1.00 [0.57-1.77],0.9940959404383002
TNFRSF13C,Tumor necrosis factor receptor superfamily member 13C,Chapter XIII Diseases of the musculoskeletal system and connective tissue,Other psoriatic arthropathies,23299,61,1.11 [0.66-1.88],0.695531978367027
TNFRSF13C,Tumor necrosis factor receptor superfamily member 13C,Chapter XIII Diseases of the musculoskeletal system and connective tissue,Other shoulder lesions,20126,80,1.36 [0.88-2.10],0.1670321689387029
TNFRSF13C,Tumor necrosis factor receptor superfamily member 13C,Chapter XIII Diseases of the musculoskeletal system and connective tissue,"Other soft tissue disorders, not elsewhere classified",21017,971,1.05 [0.92-1.20],0.4451620676794235
TNFRSF13C,Tumor necrosis factor receptor superfamily member 13C,Chapter XIII Diseases of the musculoskeletal system and connective tissue,Other specified disorders of muscle,20139,93,0.79 [0.51-1.24],0.3060236123959113
TNFRSF13C,Tumor necrosis factor receptor superfamily member 13C,Chapter XIII Diseases of the musculoskeletal system and connective tissue,Other specified/unspecified arthritis,17794,1184,1.02 [0.91-1.15],0.7054295679798095
TNFRSF13C,Tumor necrosis factor receptor superfamily member 13C,Chapter XIII Diseases of the musculoskeletal system and connective tissue,Other specified/unspecified disorders of  bone/cartilage,22275,84,0.87 [0.55-1.38],0.5608009526233744
TNFRSF13C,Tumor necrosis factor receptor superfamily member 13C,Chapter XIII Diseases of the musculoskeletal system and connective tissue,Other specified/unspecified disorders of synovium and tendon +Other specified/unspecified bursopathies,20089,43,0.94 [0.49-1.80],0.8552969031631596
TNFRSF13C,Tumor necrosis factor receptor superfamily member 13C,Chapter XIII Diseases of the musculoskeletal system and connective tissue,Other specified/unspecified inflammatory spondylopathies,20431,109,1.08 [0.73-1.60],0.71289895442091
TNFRSF13C,Tumor necrosis factor receptor superfamily member 13C,Chapter XIII Diseases of the musculoskeletal system and connective tissue,Other specified/unspecified soft tissue disorders,20540,494,1.15 [0.96-1.38],0.135079099440915
TNFRSF13C,Tumor necrosis factor receptor superfamily member 13C,Chapter XIII Diseases of the musculoskeletal system and connective tissue,Other systemic involvement of connective tissue,23167,192,0.77 [0.56-1.05],0.0971323488862801
TNFRSF13C,Tumor necrosis factor receptor superfamily member 13C,Chapter XIII Diseases of the musculoskeletal system and connective tissue,Other/unspecified dorsalgia,20791,469,1.21 [1.00-1.45],0.0444181010328234
TNFRSF13C,Tumor necrosis factor receptor superfamily member 13C,Chapter XIII Diseases of the musculoskeletal system and connective tissue,Other/unspecified rheumatoid arthritis,23243,274,1.14 [0.89-1.45],0.2910425812513506
TNFRSF13C,Tumor necrosis factor receptor superfamily member 13C,Chapter XIII Diseases of the musculoskeletal system and connective tissue,Other/unspecified seropositive rheumatoid arthritis,23301,37,0.97 [0.49-1.92],0.9202795204762676
TNFRSF13C,Tumor necrosis factor receptor superfamily member 13C,Chapter XIII Diseases of the musculoskeletal system and connective tissue,Other/unspecified synovitis and tenosynovitis,20193,147,0.83 [0.58-1.18],0.3074378126199015
TNFRSF13C,Tumor necrosis factor receptor superfamily member 13C,Chapter XIII Diseases of the musculoskeletal system and connective tissue,Pain in joint,19122,565,0.99 [0.83-1.18],0.904982956647222
TNFRSF13C,Tumor necrosis factor receptor superfamily member 13C,Chapter XIII Diseases of the musculoskeletal system and connective tissue,Pain in limb,20518,472,1.02 [0.84-1.24],0.8364418622614948
TNFRSF13C,Tumor necrosis factor receptor superfamily member 13C,Chapter XIII Diseases of the musculoskeletal system and connective tissue,Palmar fascial fibromatosis [Dupuytren],20365,319,0.74 [0.58-0.94],0.0149940521056251
TNFRSF13C,Tumor necrosis factor receptor superfamily member 13C,Chapter XIII Diseases of the musculoskeletal system and connective tissue,"Polyarthritis, unspecified",16641,31,1.57 [0.84-2.92],0.1541144916429319
TNFRSF13C,Tumor necrosis factor receptor superfamily member 13C,Chapter XIII Diseases of the musculoskeletal system and connective tissue,Polyarthropathies,18832,2222,1.02 [0.94-1.12],0.6090572636104601
TNFRSF13C,Tumor necrosis factor receptor superfamily member 13C,Chapter XIII Diseases of the musculoskeletal system and connective tissue,Polyarthrosis,17052,442,0.90 [0.74-1.11],0.3279782314848116
TNFRSF13C,Tumor necrosis factor receptor superfamily member 13C,Chapter XIII Diseases of the musculoskeletal system and connective tissue,Polymyalgia rheumatica,23138,163,0.75 [0.53-1.04],0.0868638712948127
TNFRSF13C,Tumor necrosis factor receptor superfamily member 13C,Chapter XIII Diseases of the musculoskeletal system and connective tissue,"Postprocedural musculoskeletal disorders, not elsewhere classified",23244,47,0.90 [0.49-1.66],0.7336535231129291
TNFRSF13C,Tumor necrosis factor receptor superfamily member 13C,Chapter XIII Diseases of the musculoskeletal system and connective tissue,"Primary gonarthrosis, bilateral",21380,45,1.24 [0.71-2.18],0.4535860535134314
TNFRSF13C,Tumor necrosis factor receptor superfamily member 13C,Chapter XIII Diseases of the musculoskeletal system and connective tissue,Psoriatic arthropathies,16672,62,1.08 [0.64-1.83],0.7711280865735402
TNFRSF13C,Tumor necrosis factor receptor superfamily member 13C,Chapter XIII Diseases of the musculoskeletal system and connective tissue,Radiculopathy,20405,83,0.98 [0.62-1.55],0.9351922559215377
TNFRSF13C,Tumor necrosis factor receptor superfamily member 13C,Chapter XIII Diseases of the musculoskeletal system and connective tissue,Rheumatoid arthritis,16897,287,1.12 [0.88-1.42],0.3449485730236271
TNFRSF13C,Tumor necrosis factor receptor superfamily member 13C,Chapter XIII Diseases of the musculoskeletal system and connective tissue,Rotator cuff syndrome,20320,274,0.94 [0.73-1.22],0.6493100552126084
TNFRSF13C,Tumor necrosis factor receptor superfamily member 13C,Chapter XIII Diseases of the musculoskeletal system and connective tissue,Sciatica+with lumbago,20534,212,0.92 [0.69-1.23],0.5581547022054567
TNFRSF13C,Tumor necrosis factor receptor superfamily member 13C,Chapter XIII Diseases of the musculoskeletal system and connective tissue,Scoliosis,20413,91,1.36 [0.91-2.02],0.1354805541504596
TNFRSF13C,Tumor necrosis factor receptor superfamily member 13C,Chapter XIII Diseases of the musculoskeletal system and connective tissue,Seronegative rheumatoid arthritis,18528,30,0.60 [0.27-1.32],0.2059678544881198
TNFRSF13C,Tumor necrosis factor receptor superfamily member 13C,Chapter XIII Diseases of the musculoskeletal system and connective tissue,"Seropositive rheumatoid arthritis, wide",23302,38,1.15 [0.60-2.20],0.6822741251494074
TNFRSF13C,Tumor necrosis factor receptor superfamily member 13C,Chapter XIII Diseases of the musculoskeletal system and connective tissue,Shoulder lesions,20561,515,0.98 [0.81-1.18],0.8056994154423963
TNFRSF13C,Tumor necrosis factor receptor superfamily member 13C,Chapter XIII Diseases of the musculoskeletal system and connective tissue,Sicca syndrome [Sjgren],22993,18,0.52 [0.19-1.41],0.1962303209632196
TNFRSF13C,Tumor necrosis factor receptor superfamily member 13C,Chapter XIII Diseases of the musculoskeletal system and connective tissue,Soft tissue disorders,22267,2221,0.94 [0.86-1.03],0.2040515789308322
TNFRSF13C,Tumor necrosis factor receptor superfamily member 13C,Chapter XIII Diseases of the musculoskeletal system and connective tissue,"Soft tissue disorders related to use, overuse and pressure",20147,101,0.74 [0.48-1.14],0.168368735224613
TNFRSF13C,Tumor necrosis factor receptor superfamily member 13C,Chapter XIII Diseases of the musculoskeletal system and connective tissue,Spinal stenosis,20821,499,1.07 [0.90-1.29],0.4394042560394925
TNFRSF13C,Tumor necrosis factor receptor superfamily member 13C,Chapter XIII Diseases of the musculoskeletal system and connective tissue,Spondyloarthritis,22282,190,0.94 [0.70-1.28],0.7146800697333927
TNFRSF13C,Tumor necrosis factor receptor superfamily member 13C,Chapter XIII Diseases of the musculoskeletal system and connective tissue,Spondylolisthesis/Spondylolysis,20449,127,1.20 [0.84-1.71],0.3083928298112406
TNFRSF13C,Tumor necrosis factor receptor superfamily member 13C,Chapter XIII Diseases of the musculoskeletal system and connective tissue,Spondylopathies,21614,1292,1.08 [0.96-1.21],0.1881764897233308
TNFRSF13C,Tumor necrosis factor receptor superfamily member 13C,Chapter XIII Diseases of the musculoskeletal system and connective tissue,Spondylosis,21132,810,1.10 [0.96-1.27],0.1813055415469319
TNFRSF13C,Tumor necrosis factor receptor superfamily member 13C,Chapter XIII Diseases of the musculoskeletal system and connective tissue,Synovial cyst of popliteal space [Baker],20089,43,0.78 [0.40-1.50],0.4589430253426375
TNFRSF13C,Tumor necrosis factor receptor superfamily member 13C,Chapter XIII Diseases of the musculoskeletal system and connective tissue,Systemic lupus erythematosus,23012,37,0.86 [0.43-1.71],0.6611721072157204
TNFRSF13C,Tumor necrosis factor receptor superfamily member 13C,Chapter XIII Diseases of the musculoskeletal system and connective tissue,Trigger finger,20162,116,0.95 [0.64-1.40],0.7904262575359999
TNFRSF13C,Tumor necrosis factor receptor superfamily member 13C,Chapter XIII Diseases of the musculoskeletal system and connective tissue,Trochanteric bursitis,20069,23,0.80 [0.33-1.94],0.6165258047114013
TNFRSF13C,Tumor necrosis factor receptor superfamily member 13C,Chapter XIII Diseases of the musculoskeletal system and connective tissue,Wrist or foot drop (acquired),16669,59,0.99 [0.58-1.70],0.9636332567003248
TNFRSF13C,Tumor necrosis factor receptor superfamily member 13C,Chapter XIV Diseases of the genitourinary system,Acute renal failure,22338,1831,1.22 [1.11-1.34],3.4189563018335086e-05
TNFRSF13C,Tumor necrosis factor receptor superfamily member 13C,Chapter XIV Diseases of the genitourinary system,Calculus of kidney and ureter,22844,392,0.92 [0.75-1.14],0.4720330283054604
TNFRSF13C,Tumor necrosis factor receptor superfamily member 13C,Chapter XIV Diseases of the genitourinary system,Calculus of lower urinary tract,22591,139,0.75 [0.52-1.08],0.1243066706787951
TNFRSF13C,Tumor necrosis factor receptor superfamily member 13C,Chapter XIV Diseases of the genitourinary system,Chronic kidney disease,22015,1508,1.63 [1.49-1.78],1.7150503544678e-27
TNFRSF13C,Tumor necrosis factor receptor superfamily member 13C,Chapter XIV Diseases of the genitourinary system,Chronic nephritic syndrome,23065,83,2.60 [2.13-3.19],2.510255069931707e-20
TNFRSF13C,Tumor necrosis factor receptor superfamily member 13C,Chapter XIV Diseases of the genitourinary system,Cyst of kidney,23039,350,1.19 [0.96-1.47],0.1199254149945936
TNFRSF13C,Tumor necrosis factor receptor superfamily member 13C,Chapter XIV Diseases of the genitourinary system,Cystitis,20498,209,1.00 [0.75-1.34],0.9925973060318202
TNFRSF13C,Tumor necrosis factor receptor superfamily member 13C,Chapter XIV Diseases of the genitourinary system,Dialysis,20612,105,2.86 [2.35-3.48],1.60451588304033e-25
TNFRSF13C,Tumor necrosis factor receptor superfamily member 13C,Chapter XIV Diseases of the genitourinary system,Diseases of male genital organs,22062,3247,0.98 [0.91-1.05],0.5675788613675335
TNFRSF13C,Tumor necrosis factor receptor superfamily member 13C,Chapter XIV Diseases of the genitourinary system,Genitourinary diseases,20987,5456,1.04 [0.99-1.10],0.1412613925986678
TNFRSF13C,Tumor necrosis factor receptor superfamily member 13C,Chapter XIV Diseases of the genitourinary system,Glomerular disorders in diseases classified elsewhere,23083,101,2.11 [1.63-2.73],1.431498196917478e-08
TNFRSF13C,Tumor necrosis factor receptor superfamily member 13C,Chapter XIV Diseases of the genitourinary system,Hydrocele,19023,208,0.97 [0.72-1.30],0.8358832395580131
TNFRSF13C,Tumor necrosis factor receptor superfamily member 13C,Chapter XIV Diseases of the genitourinary system,Hydronephrosis,20610,359,1.28 [1.03-1.58],0.0232489417080368
TNFRSF13C,Tumor necrosis factor receptor superfamily member 13C,Chapter XIV Diseases of the genitourinary system,Hyperplasia of prostate,21360,2545,0.95 [0.87-1.03],0.2239850896395119
TNFRSF13C,Tumor necrosis factor receptor superfamily member 13C,Chapter XIV Diseases of the genitourinary system,Inflammatory diseases of prostate (prostatitis),19045,230,1.24 [0.95-1.61],0.1119647742585217
TNFRSF13C,Tumor necrosis factor receptor superfamily member 13C,Chapter XIV Diseases of the genitourinary system,Neuromuscular dysfunction of bladder,20367,78,1.20 [0.76-1.90],0.4257333521185436
TNFRSF13C,Tumor necrosis factor receptor superfamily member 13C,Chapter XIV Diseases of the genitourinary system,Orchitis and epididymitis,18924,109,1.05 [0.71-1.56],0.8000801089313798
TNFRSF13C,Tumor necrosis factor receptor superfamily member 13C,Chapter XIV Diseases of the genitourinary system,"Other chronic cystitis, drug-induced",23305,60,1.37 [0.84-2.22],0.2013463358689108
TNFRSF13C,Tumor necrosis factor receptor superfamily member 13C,Chapter XIV Diseases of the genitourinary system,"Other cystitis, drug-induced",23308,57,1.23 [0.74-2.07],0.4226171693651995
TNFRSF13C,Tumor necrosis factor receptor superfamily member 13C,Chapter XIV Diseases of the genitourinary system,Other diseases of urinary system,22500,2211,0.96 [0.88-1.05],0.3816466816700069
TNFRSF13C,Tumor necrosis factor receptor superfamily member 13C,Chapter XIV Diseases of the genitourinary system,Other disorders of  bladder,21222,933,0.85 [0.74-0.98],0.0221480099615442
TNFRSF13C,Tumor necrosis factor receptor superfamily member 13C,Chapter XIV Diseases of the genitourinary system,Other disorders of kidney and ureter,23240,551,1.21 [1.03-1.44],0.0245338559694141
TNFRSF13C,Tumor necrosis factor receptor superfamily member 13C,Chapter XIV Diseases of the genitourinary system,Other disorders of male genital organs,19123,308,1.16 [0.92-1.47],0.198761502835243
TNFRSF13C,Tumor necrosis factor receptor superfamily member 13C,Chapter XIV Diseases of the genitourinary system,Other disorders of penis,19095,280,1.26 [1.00-1.60],0.0498745259239661
TNFRSF13C,Tumor necrosis factor receptor superfamily member 13C,Chapter XIV Diseases of the genitourinary system,Other disorders of prostate,19035,220,0.90 [0.67-1.19],0.4502721957634056
TNFRSF13C,Tumor necrosis factor receptor superfamily member 13C,Chapter XIV Diseases of the genitourinary system,Other disorders of the genitourinary system,23299,49,1.49 [0.89-2.48],0.1272545897878003
TNFRSF13C,Tumor necrosis factor receptor superfamily member 13C,Chapter XIV Diseases of the genitourinary system,Other disorders of urethra and urinary system,21798,1509,1.01 [0.91-1.13],0.8315345939247774
TNFRSF13C,Tumor necrosis factor receptor superfamily member 13C,Chapter XIV Diseases of the genitourinary system,Other obstructive and reflux uropathy,20654,403,1.30 [1.06-1.58],0.0106439445817393
TNFRSF13C,Tumor necrosis factor receptor superfamily member 13C,Chapter XIV Diseases of the genitourinary system,Other specified disorders of kidney and ureter,22875,186,1.21 [0.90-1.62],0.2044487226818638
TNFRSF13C,Tumor necrosis factor receptor superfamily member 13C,Chapter XIV Diseases of the genitourinary system,Recurrent and persistent haematuria,23041,59,1.85 [1.23-2.77],0.0032273252225537
TNFRSF13C,Tumor necrosis factor receptor superfamily member 13C,Chapter XIV Diseases of the genitourinary system,"Redundant prepuce, phimosis and paraphimosis",19078,263,1.08 [0.83-1.39],0.5737529895709521
TNFRSF13C,Tumor necrosis factor receptor superfamily member 13C,Chapter XIV Diseases of the genitourinary system,Renal tubulo-interstitial diseases,23017,2766,1.27 [1.18-1.37],6.297016217716655e-10
TNFRSF13C,Tumor necrosis factor receptor superfamily member 13C,Chapter XIV Diseases of the genitourinary system,"Tubulo-interstitial nephritis, not specified as acute or chronic",20324,73,1.18 [0.73-1.92],0.4969744853405189
TNFRSF13C,Tumor necrosis factor receptor superfamily member 13C,Chapter XIV Diseases of the genitourinary system,Unspecified kidney failure,20662,155,1.73 [1.32-2.27],7.488132608548858e-05
TNFRSF13C,Tumor necrosis factor receptor superfamily member 13C,Chapter XIV Diseases of the genitourinary system,Unspecified renal colic,22529,77,1.00 [0.62-1.61],0.9996862115058264
TNFRSF13C,Tumor necrosis factor receptor superfamily member 13C,Chapter XIV Diseases of the genitourinary system,Urethral stricture,20577,288,1.02 [0.80-1.31],0.8671135327813881
TNFRSF13C,Tumor necrosis factor receptor superfamily member 13C,Chapter XIV Diseases of the genitourinary system,Urolithiasis,22962,510,0.92 [0.76-1.11],0.3630806313849956
