Protein,Protein_definition,Disease_category,Disease,NB_individual,NB_case,HR[95%CI],P_value
CXCL1,Growth-regulated alpha protein,Chapter I Certain infectious and parasitic diseases,"Bacterial infection, other or unspecified",22497,177,1.00 [0.87-1.15],0.9880315486432504
CXCL1,Growth-regulated alpha protein,Chapter I Certain infectious and parasitic diseases,"Bacterial intestinal infections, IBD co-morbidities",23519,190,1.08 [0.94-1.23],0.2789887709383791
CXCL1,Growth-regulated alpha protein,Chapter I Certain infectious and parasitic diseases,"Bacterial, viral and other infectious agents",23276,1400,1.01 [0.96-1.06],0.6286437140170882
CXCL1,Growth-regulated alpha protein,Chapter I Certain infectious and parasitic diseases,Candidiasis,23536,371,1.09 [1.00-1.20],0.0624750449609719
CXCL1,Growth-regulated alpha protein,Chapter I Certain infectious and parasitic diseases,Certain infectious and parasitic diseases,22846,3444,1.03 [0.99-1.06],0.1060412622370812
CXCL1,Growth-regulated alpha protein,Chapter I Certain infectious and parasitic diseases,Condition for Implicit Sepsis (Organ dysfunction codes),22809,3465,1.03 [1.00-1.06],0.0967756905268491
CXCL1,Growth-regulated alpha protein,Chapter I Certain infectious and parasitic diseases,Diarrhoea and gastroenteritis of presumed infectious origin,23318,1034,1.00 [0.95-1.07],0.8862128242511791
CXCL1,Growth-regulated alpha protein,Chapter I Certain infectious and parasitic diseases,Enterocolitis due to Clostridium difficile,23454,80,1.06 [0.86-1.30],0.6060926315799037
CXCL1,Growth-regulated alpha protein,Chapter I Certain infectious and parasitic diseases,Explicit Sepsis,21333,1112,1.01 [0.95-1.07],0.7661586087080186
CXCL1,Growth-regulated alpha protein,Chapter I Certain infectious and parasitic diseases,Implicit bacterial Sepsis,20578,1231,1.02 [0.96-1.07],0.5717502882700798
CXCL1,Growth-regulated alpha protein,Chapter I Certain infectious and parasitic diseases,Implicit fungal Sepsis,20308,249,1.06 [0.95-1.20],0.305233276723227
CXCL1,Growth-regulated alpha protein,Chapter I Certain infectious and parasitic diseases,Implicit Sepsis,16535,2251,1.02 [0.98-1.06],0.3726284216185577
CXCL1,Growth-regulated alpha protein,Chapter I Certain infectious and parasitic diseases,Implicit viral Sepsis,20231,400,1.00 [0.90-1.10],0.92417635928514
CXCL1,Growth-regulated alpha protein,Chapter I Certain infectious and parasitic diseases,Intestinal infectious diseases,23523,1239,1.01 [0.96-1.07],0.6392292445280303
CXCL1,Growth-regulated alpha protein,Chapter I Certain infectious and parasitic diseases,Mycoses,23625,460,1.09 [1.00-1.18],0.0580669814024687
CXCL1,Growth-regulated alpha protein,Chapter I Certain infectious and parasitic diseases,Other bacterial agents as the cause of diseases classified to other chapters,22764,888,0.99 [0.93-1.06],0.8029477295017393
CXCL1,Growth-regulated alpha protein,Chapter I Certain infectious and parasitic diseases,Other bacterial diseases,23548,1228,1.01 [0.95-1.06],0.7733927267753029
CXCL1,Growth-regulated alpha protein,Chapter I Certain infectious and parasitic diseases,Other bacterial intestinal infections,22476,192,1.07 [0.94-1.22],0.3131822389753247
CXCL1,Growth-regulated alpha protein,Chapter I Certain infectious and parasitic diseases,Other infectious diseases,23664,50,1.19 [0.93-1.52],0.1578152905087499
CXCL1,Growth-regulated alpha protein,Chapter I Certain infectious and parasitic diseases,Other septicaemia,23391,1071,1.01 [0.95-1.07],0.7869948937221954
CXCL1,Growth-regulated alpha protein,Chapter I Certain infectious and parasitic diseases,Other specified/unspecified bacterial intestinal infections,23447,73,1.13 [0.93-1.39],0.2198935293517747
CXCL1,Growth-regulated alpha protein,Chapter I Certain infectious and parasitic diseases,Other viral diseases,23604,124,1.16 [0.99-1.36],0.0658890264500006
CXCL1,Growth-regulated alpha protein,Chapter I Certain infectious and parasitic diseases,"Other viral diseases, not elsewhere classified",23583,103,1.24 [1.05-1.47],0.0112860354156332
CXCL1,Growth-regulated alpha protein,Chapter I Certain infectious and parasitic diseases,Streptococcus and staphylococcus as the cause of diseases classified to other chapters,22361,485,1.10 [1.01-1.19],0.0321416919571198
CXCL1,Growth-regulated alpha protein,Chapter I Certain infectious and parasitic diseases,Viral agents as the cause of diseases classified to other chapters,22160,284,1.00 [0.90-1.12],0.9636824546787376
CXCL1,Growth-regulated alpha protein,Chapter I Certain infectious and parasitic diseases,Viral and other specified intestinal infections,22371,87,0.91 [0.73-1.12],0.3624471184256671
CXCL1,Growth-regulated alpha protein,Chapter I Certain infectious and parasitic diseases,Viral hepatitis,23645,70,0.95 [0.75-1.19],0.6311204729767625
CXCL1,Growth-regulated alpha protein,Chapter I Certain infectious and parasitic diseases,Viral infections characterized by skin and mucous membrane lesions,23608,142,0.96 [0.81-1.12],0.587830127798239
CXCL1,Growth-regulated alpha protein,Chapter I Certain infectious and parasitic diseases,Viral warts,23517,51,0.94 [0.72-1.24],0.658564672703398
CXCL1,Growth-regulated alpha protein,Chapter I Certain infectious and parasitic diseases,Zoster [herpes zoster],23517,51,0.92 [0.70-1.21],0.5601461276424551
CXCL1,Growth-regulated alpha protein,Chapter II Neoplasms,Benign lipomatous neoplasm,23348,337,1.05 [0.95-1.16],0.3826501414953456
CXCL1,Growth-regulated alpha protein,Chapter II Neoplasms,Benign lipomatous neoplasm of skin and subcutaneous tissue of limbs,23593,45,1.20 [0.93-1.55],0.1666089008629631
CXCL1,Growth-regulated alpha protein,Chapter II Neoplasms,Benign lipomatous neoplasm of skin and subcutaneous tissue of trunk,23560,52,1.03 [0.80-1.35],0.7978896935994761
CXCL1,Growth-regulated alpha protein,Chapter II Neoplasms,Benign lipomatous neoplasm of spermatic cord,23615,126,1.00 [0.84-1.18],0.978645198683304
CXCL1,Growth-regulated alpha protein,Chapter II Neoplasms,"Benign neoplasm of colon, rectum, anus and anal canal",23289,1625,1.03 [0.98-1.08],0.2621623227742702
CXCL1,Growth-regulated alpha protein,Chapter II Neoplasms,Benign neoplasm of meninges,23664,33,1.09 [0.79-1.49],0.6137308686903664
CXCL1,Growth-regulated alpha protein,Chapter II Neoplasms,Benign neoplasm of other and ill-defined parts of digestive system,23600,65,0.98 [0.77-1.24],0.8660876303535622
CXCL1,Growth-regulated alpha protein,Chapter II Neoplasms,Benign neoplasm of other and unspecified endocrine glands,23649,77,0.81 [0.64-1.03],0.0853052820736216
CXCL1,Growth-regulated alpha protein,Chapter II Neoplasms,Benign neoplasm: Ascending colon,23639,435,0.98 [0.89-1.08],0.6788861848367564
CXCL1,Growth-regulated alpha protein,Chapter II Neoplasms,Benign neoplasm: Caecum,23634,337,0.96 [0.86-1.07],0.4489672228053341
CXCL1,Growth-regulated alpha protein,Chapter II Neoplasms,"Benign neoplasm: Colon, unspecified",23534,80,0.89 [0.71-1.11],0.312545055567756
CXCL1,Growth-regulated alpha protein,Chapter II Neoplasms,Benign neoplasm: Descending colon,23631,275,1.06 [0.95-1.19],0.2751684363649017
CXCL1,Growth-regulated alpha protein,Chapter II Neoplasms,Benign neoplasm: Rectum,23591,412,1.06 [0.97-1.16],0.2131252052415157
CXCL1,Growth-regulated alpha protein,Chapter II Neoplasms,Benign neoplasm: Sigmoid colon,23539,728,1.01 [0.94-1.09],0.717987714377407
CXCL1,Growth-regulated alpha protein,Chapter II Neoplasms,Benign neoplasm: Transverse colon,23621,553,1.09 [1.00-1.17],0.0391136972422569
CXCL1,Growth-regulated alpha protein,Chapter II Neoplasms,"Chronic lymphocytic leukaemia and small lyphocytis leukaemia, excluding all cancers (controls excluding all cancers)",18381,69,0.95 [0.75-1.20],0.6806629076378781
CXCL1,Growth-regulated alpha protein,Chapter II Neoplasms,"Diffuse large B-cell lymphoma, excluding all cancers (controls excluding all cancers)",18381,69,1.01 [0.81-1.27],0.9022893879229984
CXCL1,Growth-regulated alpha protein,Chapter II Neoplasms,"Haemangioma and lymphangioma, any site",23633,100,0.99 [0.81-1.19],0.8855292974366739
CXCL1,Growth-regulated alpha protein,Chapter II Neoplasms,"Haemangioma, any site",23633,98,0.99 [0.82-1.20],0.931297690431777
CXCL1,Growth-regulated alpha protein,Chapter II Neoplasms,Lung cancer and mesothelioma,15739,338,1.01 [0.91-1.12],0.8428081222059953
CXCL1,Growth-regulated alpha protein,Chapter II Neoplasms,Lymphoid leukaemia,18376,64,0.90 [0.70-1.15],0.389797509731838
CXCL1,Growth-regulated alpha protein,Chapter II Neoplasms,"Malignant melanoma of skin, excluding all cancers (controls excluding all cancers)",18510,198,0.91 [0.79-1.05],0.1818919208552902
CXCL1,Growth-regulated alpha protein,Chapter II Neoplasms,"Malignant neoplasm of bladder, excluding all cancers (controls excluding all cancers)",18600,288,1.08 [0.97-1.20],0.1780467846481308
CXCL1,Growth-regulated alpha protein,Chapter II Neoplasms,"Malignant neoplasm of intrahepatic ducts, biliary tract and gallbladder, excluding all cancers (controls excluding all cancers)",18406,94,1.17 [0.98-1.40],0.0824979470344909
CXCL1,Growth-regulated alpha protein,Chapter II Neoplasms,"Malignant neoplasm of kidney, except renal pelvis, excluding all cancers (controls excluding all cancers)",18457,145,1.09 [0.94-1.27],0.2636451222436826
CXCL1,Growth-regulated alpha protein,Chapter II Neoplasms,"Malignant neoplasm of oesophagus, excluding all cancers (controls excluding all cancers)",18451,139,1.19 [1.03-1.38],0.0196703399472625
CXCL1,Growth-regulated alpha protein,Chapter II Neoplasms,"Malignant neoplasm of pancreas, excluding all cancers (controls excluding all cancers)",18394,82,0.86 [0.69-1.08],0.1914060025632711
CXCL1,Growth-regulated alpha protein,Chapter II Neoplasms,"Malignant neoplasm of prostate, excluding all cancers (controls excluding all cancers)",19703,1391,0.98 [0.93-1.03],0.4024823350080672
CXCL1,Growth-regulated alpha protein,Chapter II Neoplasms,"Malignant neoplasm of rectum, excluding all cancers (controls excluding all cancers)",18451,139,0.97 [0.83-1.15],0.7364928367922458
CXCL1,Growth-regulated alpha protein,Chapter II Neoplasms,"Malignant neoplasm of stomach, excluding all cancers (controls excluding all cancers)",18417,105,1.22 [1.03-1.44],0.0193589924355482
CXCL1,Growth-regulated alpha protein,Chapter II Neoplasms,Malignant neoplasms of independent (primary) multiple sites,18442,130,0.97 [0.82-1.15],0.7091709255648544
CXCL1,Growth-regulated alpha protein,Chapter II Neoplasms,Melanocytic naevi,23538,170,0.95 [0.81-1.10],0.4628648070424671
CXCL1,Growth-regulated alpha protein,Chapter II Neoplasms,Melanocytic naevi of trunk,23631,95,1.05 [0.87-1.27],0.6165805092284806
CXCL1,Growth-regulated alpha protein,Chapter II Neoplasms,Melanoma in situ,18345,74,1.14 [0.93-1.39],0.2151929354717198
CXCL1,Growth-regulated alpha protein,Chapter II Neoplasms,"Non-follicular lymphoma, hilmo, excluding all cancers",18411,99,0.96 [0.79-1.16],0.6510524242666705
CXCL1,Growth-regulated alpha protein,Chapter II Neoplasms,"Non-Hodgkin lymphoma, all, excluding all cancers (controls excluding all cancers)",18477,165,0.95 [0.82-1.11],0.5411366301472634
CXCL1,Growth-regulated alpha protein,Chapter II Neoplasms,"Non-small cell lung cancer, excluding all cancers (controls excluding all cancers)",18524,212,0.96 [0.84-1.10],0.5999075225099271
CXCL1,Growth-regulated alpha protein,Chapter II Neoplasms,"Other and unspecified types of non-Hodgkin lymphoma, hilmo, excluding all cancers",18412,100,0.95 [0.78-1.15],0.5888348849628708
CXCL1,Growth-regulated alpha protein,Chapter II Neoplasms,Other benign neoplasms of skin,23530,140,0.98 [0.83-1.15],0.8039540207936392
CXCL1,Growth-regulated alpha protein,Chapter II Neoplasms,"Other malignant neoplasms of skin (=non-melanoma skin cancer), excluding all cancers (controls excluding all cancers)",19503,1191,0.98 [0.93-1.04],0.4739178229986893
CXCL1,Growth-regulated alpha protein,Chapter II Neoplasms,"Squamous cell neoplasms and carcinomas of the skin, excluding all cancers (controls excluding all cancers)",19581,1269,0.98 [0.93-1.03],0.4536092443718083
CXCL1,Growth-regulated alpha protein,Chapter III Diseases of the blood and blood-forming organs and certain disorders involving the immune mechanism,Agranulocytosis,23390,306,1.06 [0.95-1.18],0.2911664520877939
CXCL1,Growth-regulated alpha protein,Chapter III Diseases of the blood and blood-forming organs and certain disorders involving the immune mechanism,Anaemia in chronic diseases classified elsewhere,21942,118,1.09 [0.92-1.29],0.3311354364709388
CXCL1,Growth-regulated alpha protein,Chapter III Diseases of the blood and blood-forming organs and certain disorders involving the immune mechanism,Diseases of spleen,23156,72,0.99 [0.79-1.25],0.9578376118444096
CXCL1,Growth-regulated alpha protein,Chapter III Diseases of the blood and blood-forming organs and certain disorders involving the immune mechanism,Diseases of the blood and blood-forming organs and certain disorders involving the immune mechanism,23106,2767,1.03 [0.99-1.07],0.1103697236774481
CXCL1,Growth-regulated alpha protein,Chapter III Diseases of the blood and blood-forming organs and certain disorders involving the immune mechanism,Folate deficiency anaemia,22391,60,1.33 [1.08-1.63],0.0070447165638072
CXCL1,Growth-regulated alpha protein,Chapter III Diseases of the blood and blood-forming organs and certain disorders involving the immune mechanism,Idiopathic thrombocytopenic purpura,23240,53,0.84 [0.63-1.11],0.2245931636681592
CXCL1,Growth-regulated alpha protein,Chapter III Diseases of the blood and blood-forming organs and certain disorders involving the immune mechanism,Other anaemias,23287,1463,1.05 [1.00-1.11],0.0336247495385806
CXCL1,Growth-regulated alpha protein,Chapter III Diseases of the blood and blood-forming organs and certain disorders involving the immune mechanism,Other and unspecified anaemias,23286,1462,1.05 [1.00-1.10],0.0387431686050069
CXCL1,Growth-regulated alpha protein,Chapter III Diseases of the blood and blood-forming organs and certain disorders involving the immune mechanism,Other and unspecified aplastic anaemias,21928,104,0.96 [0.79-1.16],0.6499667824504796
CXCL1,Growth-regulated alpha protein,Chapter III Diseases of the blood and blood-forming organs and certain disorders involving the immune mechanism,Other and unspecified iron deficiency,23426,1095,1.08 [1.02-1.14],0.009216514972667
CXCL1,Growth-regulated alpha protein,Chapter III Diseases of the blood and blood-forming organs and certain disorders involving the immune mechanism,Other coagulation defects,23292,105,0.90 [0.74-1.09],0.2876701238174026
CXCL1,Growth-regulated alpha protein,Chapter III Diseases of the blood and blood-forming organs and certain disorders involving the immune mechanism,Other diseases of blood and blood-forming organs,23159,75,1.16 [0.94-1.43],0.1590600891973026
CXCL1,Growth-regulated alpha protein,Chapter III Diseases of the blood and blood-forming organs and certain disorders involving the immune mechanism,Other disorders of white blood cells,23145,61,0.98 [0.77-1.25],0.8833762124005956
CXCL1,Growth-regulated alpha protein,Chapter III Diseases of the blood and blood-forming organs and certain disorders involving the immune mechanism,Purpura and other haemorrhagic conditions,23500,313,0.85 [0.75-0.95],0.0047340970610991
CXCL1,Growth-regulated alpha protein,Chapter III Diseases of the blood and blood-forming organs and certain disorders involving the immune mechanism,Sarcoidosis,23566,49,0.79 [0.59-1.06],0.1195446596074124
CXCL1,Growth-regulated alpha protein,Chapter III Diseases of the blood and blood-forming organs and certain disorders involving the immune mechanism,"Thrombocytopenia, unspecified",23443,256,0.84 [0.74-0.96],0.0080476316407666
CXCL1,Growth-regulated alpha protein,Chapter III Diseases of the blood and blood-forming organs and certain disorders involving the immune mechanism,Vitamin B12 deficiency anaemia,22408,77,1.00 [0.81-1.25],0.975313499015281
CXCL1,Growth-regulated alpha protein,"Chapter IV Endocrine, nutritional and metabolic diseases",Acidosis,17432,370,1.03 [0.93-1.13],0.6071276026514363
CXCL1,Growth-regulated alpha protein,"Chapter IV Endocrine, nutritional and metabolic diseases",Acute alcohol intoxication,21630,162,1.05 [0.90-1.22],0.5646487405577363
CXCL1,Growth-regulated alpha protein,"Chapter IV Endocrine, nutritional and metabolic diseases",Alcohol dependence,21657,189,1.17 [1.03-1.34],0.0182004065966934
CXCL1,Growth-regulated alpha protein,"Chapter IV Endocrine, nutritional and metabolic diseases",Alkalosis,17116,54,1.01 [0.78-1.31],0.9402137987463834
CXCL1,Growth-regulated alpha protein,"Chapter IV Endocrine, nutritional and metabolic diseases",Bipolar affective disorders,22294,64,0.81 [0.62-1.05],0.1125976037119371
CXCL1,Growth-regulated alpha protein,"Chapter IV Endocrine, nutritional and metabolic diseases",Deficiency of other B group vitamins,21524,224,0.88 [0.77-1.01],0.0595655390007574
CXCL1,Growth-regulated alpha protein,"Chapter IV Endocrine, nutritional and metabolic diseases","Delirium, not induced by alcohol and other psychoactive substances",23160,611,1.02 [0.94-1.10],0.6455877456507255
CXCL1,Growth-regulated alpha protein,"Chapter IV Endocrine, nutritional and metabolic diseases",Dementia in Alzheimer disease,22789,240,0.92 [0.81-1.04],0.1835006061107153
CXCL1,Growth-regulated alpha protein,"Chapter IV Endocrine, nutritional and metabolic diseases",Dementia in other diseases classified elsewhere,22719,170,1.03 [0.89-1.19],0.6854751849658542
CXCL1,Growth-regulated alpha protein,"Chapter IV Endocrine, nutritional and metabolic diseases",Depression,23364,1134,1.05 [0.99-1.11],0.0955733662354083
CXCL1,Growth-regulated alpha protein,"Chapter IV Endocrine, nutritional and metabolic diseases",Depression or dysthymia,20237,1089,1.04 [0.99-1.11],0.1383592963328403
CXCL1,Growth-regulated alpha protein,"Chapter IV Endocrine, nutritional and metabolic diseases","Disorder of lipoprotein metabolism, unspecified",17137,75,0.83 [0.66-1.06],0.1344565244936867
CXCL1,Growth-regulated alpha protein,"Chapter IV Endocrine, nutritional and metabolic diseases","Disorder of thyroid, unspecified",22796,38,0.82 [0.59-1.15],0.2537732262291599
CXCL1,Growth-regulated alpha protein,"Chapter IV Endocrine, nutritional and metabolic diseases",Disorders of calcium metabolism,17333,271,1.07 [0.95-1.20],0.2510160649772319
CXCL1,Growth-regulated alpha protein,"Chapter IV Endocrine, nutritional and metabolic diseases",Disorders of iron metabolism,17138,76,1.04 [0.84-1.30],0.6981398478213052
CXCL1,Growth-regulated alpha protein,"Chapter IV Endocrine, nutritional and metabolic diseases",Disorders of lipoprotein metabolism and other lipidaemias,20923,3861,1.01 [0.98-1.04],0.3958138629031782
CXCL1,Growth-regulated alpha protein,"Chapter IV Endocrine, nutritional and metabolic diseases",Disorders of magnesium metabolism,17246,184,1.07 [0.94-1.23],0.317786437842574
CXCL1,Growth-regulated alpha protein,"Chapter IV Endocrine, nutritional and metabolic diseases",Disorders of mineral metabolism,17627,565,1.04 [0.96-1.13],0.3290949381457368
CXCL1,Growth-regulated alpha protein,"Chapter IV Endocrine, nutritional and metabolic diseases",Disorders of other endocrine glands,23606,276,0.98 [0.87-1.10],0.7583506713920422
CXCL1,Growth-regulated alpha protein,"Chapter IV Endocrine, nutritional and metabolic diseases",Disorders of parathyroid gland,23421,91,0.90 [0.73-1.11],0.3227647430804712
CXCL1,Growth-regulated alpha protein,"Chapter IV Endocrine, nutritional and metabolic diseases",Disorders of phosphorus metabolism and phosphatases,17212,150,1.10 [0.95-1.28],0.216523171176849
CXCL1,Growth-regulated alpha protein,"Chapter IV Endocrine, nutritional and metabolic diseases","Disorders of plasma-protein metabolism, not elsewhere classified",17128,66,1.01 [0.80-1.27],0.9362196408555734
CXCL1,Growth-regulated alpha protein,"Chapter IV Endocrine, nutritional and metabolic diseases",Disorders of the thyroid gland,23488,730,1.02 [0.95-1.09],0.6507222355307372
CXCL1,Growth-regulated alpha protein,"Chapter IV Endocrine, nutritional and metabolic diseases",Fluid overload,17368,306,1.02 [0.92-1.14],0.7113777836533766
CXCL1,Growth-regulated alpha protein,"Chapter IV Endocrine, nutritional and metabolic diseases",Hyperkalaemia,17440,378,0.98 [0.88-1.08],0.619812653541644
CXCL1,Growth-regulated alpha protein,"Chapter IV Endocrine, nutritional and metabolic diseases","Hyperlipidaemia, other/unspecified",17786,724,1.04 [0.97-1.11],0.2619021169204623
CXCL1,Growth-regulated alpha protein,"Chapter IV Endocrine, nutritional and metabolic diseases",Hyperosmolality and hypernatraemia,17204,142,0.96 [0.82-1.13],0.6337171602368197
CXCL1,Growth-regulated alpha protein,"Chapter IV Endocrine, nutritional and metabolic diseases",Hyperparathyroidism,23414,84,0.95 [0.77-1.18],0.6649797575951941
CXCL1,Growth-regulated alpha protein,"Chapter IV Endocrine, nutritional and metabolic diseases",Hypo-osmolality and hyponatraemia,17633,571,1.08 [1.00-1.16],0.0566571387434947
CXCL1,Growth-regulated alpha protein,"Chapter IV Endocrine, nutritional and metabolic diseases",Hypokalaemia,17447,385,0.98 [0.89-1.08],0.6895832538619322
CXCL1,Growth-regulated alpha protein,"Chapter IV Endocrine, nutritional and metabolic diseases",Iron deficiency,21368,68,1.03 [0.82-1.29],0.8046691161433293
CXCL1,Growth-regulated alpha protein,"Chapter IV Endocrine, nutritional and metabolic diseases",Metabolic disorders,22235,5173,1.01 [0.99-1.04],0.265215695948784
CXCL1,Growth-regulated alpha protein,"Chapter IV Endocrine, nutritional and metabolic diseases",Nontoxic multinodular goitre,22777,19,0.91 [0.58-1.44],0.6908425495662116
CXCL1,Growth-regulated alpha protein,"Chapter IV Endocrine, nutritional and metabolic diseases",Nontoxic single thyroid nodule,22778,20,0.93 [0.60-1.43],0.7271254301754178
CXCL1,Growth-regulated alpha protein,"Chapter IV Endocrine, nutritional and metabolic diseases",Obesity,23493,1775,0.96 [0.91-1.00],0.0703014263410672
CXCL1,Growth-regulated alpha protein,"Chapter IV Endocrine, nutritional and metabolic diseases","Obesity, other/unspecified",23490,1771,0.96 [0.91-1.00],0.0690100475846075
CXCL1,Growth-regulated alpha protein,"Chapter IV Endocrine, nutritional and metabolic diseases",Other and/or unspecified nontoxic goitre,22781,23,1.47 [1.08-2.00],0.0148795583141244
CXCL1,Growth-regulated alpha protein,"Chapter IV Endocrine, nutritional and metabolic diseases",Other anxiety disorders,23393,798,1.01 [0.95-1.08],0.7172837466770065
CXCL1,Growth-regulated alpha protein,"Chapter IV Endocrine, nutritional and metabolic diseases","Other disorders of fluid, electrolyte and acid-base balance",18671,1609,1.02 [0.97-1.07],0.5049560244860989
CXCL1,Growth-regulated alpha protein,"Chapter IV Endocrine, nutritional and metabolic diseases",Other disorders of glucose regulation and pancreatic internal secretion,23653,264,1.03 [0.92-1.16],0.5882525708651816
CXCL1,Growth-regulated alpha protein,"Chapter IV Endocrine, nutritional and metabolic diseases",Other mental disorders due to brain damage and dysfunction and to physical disease,22656,107,0.98 [0.82-1.18],0.8328796934514683
CXCL1,Growth-regulated alpha protein,"Chapter IV Endocrine, nutritional and metabolic diseases",Panic disorder,22670,75,1.12 [0.91-1.38],0.2814877140836991
CXCL1,Growth-regulated alpha protein,"Chapter IV Endocrine, nutritional and metabolic diseases",Phobic anxiety disorders,22677,82,1.26 [1.05-1.51],0.0142612915247323
CXCL1,Growth-regulated alpha protein,"Chapter IV Endocrine, nutritional and metabolic diseases","Postprocedural endocrine and metabolic disorders, not elsewhere classified",17126,64,0.99 [0.78-1.26],0.924262342807958
CXCL1,Growth-regulated alpha protein,"Chapter IV Endocrine, nutritional and metabolic diseases",Type 1 diabetes without complications,20888,168,1.08 [0.94-1.24],0.2544947914831089
CXCL1,Growth-regulated alpha protein,"Chapter IV Endocrine, nutritional and metabolic diseases",Type 2 diabetes with neurological complications,2501,121,1.15 [0.98-1.36],0.0951174493286675
CXCL1,Growth-regulated alpha protein,"Chapter IV Endocrine, nutritional and metabolic diseases",Type 2 diabetes with ophthalmic complications,2664,317,1.06 [0.95-1.17],0.3175303113373791
CXCL1,Growth-regulated alpha protein,"Chapter IV Endocrine, nutritional and metabolic diseases",Type 2 diabetes with peripheral circulatory complications,20819,99,1.24 [1.04-1.47],0.0162652603294333
CXCL1,Growth-regulated alpha protein,"Chapter IV Endocrine, nutritional and metabolic diseases",Type 2 diabetes with renal complications,2458,80,1.12 [0.91-1.38],0.2724819063484517
CXCL1,Growth-regulated alpha protein,"Chapter IV Endocrine, nutritional and metabolic diseases",Type 2 diabetes without complications,22877,2157,1.01 [0.97-1.05],0.5636109213281157
CXCL1,Growth-regulated alpha protein,"Chapter IV Endocrine, nutritional and metabolic diseases",Unspecified dementia,22911,362,0.94 [0.85-1.04],0.231923515474714
CXCL1,Growth-regulated alpha protein,"Chapter IV Endocrine, nutritional and metabolic diseases",Vitamin D deficiency,21541,241,0.96 [0.85-1.09],0.5342740091905578
CXCL1,Growth-regulated alpha protein,"Chapter IV Endocrine, nutritional and metabolic diseases",Volume depletion,17857,795,1.04 [0.97-1.11],0.2724648863138379
CXCL1,Growth-regulated alpha protein,Chapter IX Diseases of the circulatory system,"!Phlebitis/thrombophlebitis venae iliacae [externae/internae/communis], drug-induced",23541,251,0.94 [0.83-1.07],0.3490599193934496
CXCL1,Growth-regulated alpha protein,Chapter IX Diseases of the circulatory system,Abdominal aortic aneurysm (AAA),22437,268,0.97 [0.86-1.09],0.6169703356933323
CXCL1,Growth-regulated alpha protein,Chapter IX Diseases of the circulatory system,Angina pectoris,20757,1475,0.96 [0.91-1.01],0.0840241973752386
CXCL1,Growth-regulated alpha protein,Chapter IX Diseases of the circulatory system,Aortic aneurysm,22545,376,0.98 [0.89-1.08],0.6943766529950841
CXCL1,Growth-regulated alpha protein,Chapter IX Diseases of the circulatory system,Arterial embolism and thrombosis of lower extremity artery,22253,84,1.18 [0.98-1.43],0.080050871166304
CXCL1,Growth-regulated alpha protein,Chapter IX Diseases of the circulatory system,"Atherosclerosis, excluding cerebral and coronary sclerosis",22418,249,1.18 [1.06-1.32],0.0035713217409277
CXCL1,Growth-regulated alpha protein,Chapter IX Diseases of the circulatory system,Atrial fibrillation and flutter,13856,2302,0.96 [0.92-1.00],0.0454653807933232
CXCL1,Growth-regulated alpha protein,Chapter IX Diseases of the circulatory system,AV-block,19028,618,1.00 [0.93-1.08],0.9419700365811802
CXCL1,Growth-regulated alpha protein,Chapter IX Diseases of the circulatory system,"Bradycardia, unspecified, drug-induced",23588,527,0.96 [0.88-1.04],0.3024743285710263
CXCL1,Growth-regulated alpha protein,Chapter IX Diseases of the circulatory system,Cardiac arrest,11801,247,1.05 [0.93-1.18],0.4481556651169357
CXCL1,Growth-regulated alpha protein,Chapter IX Diseases of the circulatory system,Cardiomyopathy,18612,202,0.86 [0.75-0.99],0.0412918706147658
CXCL1,Growth-regulated alpha protein,Chapter IX Diseases of the circulatory system,"Cardiomyopathy, other and unspecified",18521,111,0.79 [0.65-0.97],0.0220256133343195
CXCL1,Growth-regulated alpha protein,Chapter IX Diseases of the circulatory system,Cerebral atherosclerosis,23665,67,0.96 [0.76-1.22],0.7285963727274226
CXCL1,Growth-regulated alpha protein,Chapter IX Diseases of the circulatory system,Conduction disorders,19772,1362,0.99 [0.94-1.04],0.5752434330540231
CXCL1,Growth-regulated alpha protein,Chapter IX Diseases of the circulatory system,Coronary atherosclerosis,21867,2609,1.00 [0.96-1.04],0.896313475276413
CXCL1,Growth-regulated alpha protein,Chapter IX Diseases of the circulatory system,Death due to cardiac causes,19931,7713,1.02 [1.00-1.04],0.0780754493278103
CXCL1,Growth-regulated alpha protein,Chapter IX Diseases of the circulatory system,DVT of lower extremities,22437,275,0.92 [0.81-1.03],0.1501866604521393
CXCL1,Growth-regulated alpha protein,Chapter IX Diseases of the circulatory system,Endocarditis,18493,83,1.14 [0.94-1.39],0.1941132777957221
CXCL1,Growth-regulated alpha protein,Chapter IX Diseases of the circulatory system,"Heart failure, strict",23357,1322,1.01 [0.96-1.07],0.6843738928915334
CXCL1,Growth-regulated alpha protein,Chapter IX Diseases of the circulatory system,Hypertension,21123,6718,1.03 [1.01-1.05],0.0152202029982989
CXCL1,Growth-regulated alpha protein,Chapter IX Diseases of the circulatory system,"Hypertension, essential",21146,6741,1.03 [1.01-1.05],0.0160203234390626
CXCL1,Growth-regulated alpha protein,Chapter IX Diseases of the circulatory system,"Hypertension, portal",23433,113,1.08 [0.91-1.28],0.3990991927842783
CXCL1,Growth-regulated alpha protein,Chapter IX Diseases of the circulatory system,"Hypertension, Pulmonary Arterial",14588,183,1.05 [0.92-1.21],0.4725929821348605
CXCL1,Growth-regulated alpha protein,Chapter IX Diseases of the circulatory system,Hypertensive Renal Disease,14572,167,1.00 [0.86-1.16],0.999103306383254
CXCL1,Growth-regulated alpha protein,Chapter IX Diseases of the circulatory system,Hypotension,23517,1232,1.02 [0.96-1.07],0.5733163745561851
CXCL1,Growth-regulated alpha protein,Chapter IX Diseases of the circulatory system,Intracerebral haemorrhage,22602,119,0.86 [0.71-1.03],0.1008647754647944
CXCL1,Growth-regulated alpha protein,Chapter IX Diseases of the circulatory system,"Ischaemic heart disease, wide definition",22007,2725,0.99 [0.96-1.03],0.6062894192276473
CXCL1,Growth-regulated alpha protein,Chapter IX Diseases of the circulatory system,"Ischaemic Stroke, excluding all haemorrhages",23239,650,1.02 [0.95-1.10],0.5466438837326866
CXCL1,Growth-regulated alpha protein,Chapter IX Diseases of the circulatory system,Left bundle-branch block,18828,418,1.02 [0.93-1.12],0.701393559223144
CXCL1,Growth-regulated alpha protein,Chapter IX Diseases of the circulatory system,Major coronary heart disease event,22941,1056,1.02 [0.97-1.08],0.4263182764545572
CXCL1,Growth-regulated alpha protein,Chapter IX Diseases of the circulatory system,"Myocardial infarction, strict",20198,916,1.03 [0.97-1.09],0.3844228505064573
CXCL1,Growth-regulated alpha protein,Chapter IX Diseases of the circulatory system,"Myocardial infarction, with ST-elevation",23504,220,1.11 [0.98-1.25],0.1029496347426767
CXCL1,Growth-regulated alpha protein,Chapter IX Diseases of the circulatory system,"Myocardial infarction, without ST-elevation",23613,370,1.01 [0.91-1.11],0.9042929559646344
CXCL1,Growth-regulated alpha protein,Chapter IX Diseases of the circulatory system,Oesophageal varices,22233,71,1.14 [0.92-1.41],0.2162005311239439
CXCL1,Growth-regulated alpha protein,Chapter IX Diseases of the circulatory system,Other aneurysm,22266,97,0.98 [0.80-1.19],0.815870487494058
CXCL1,Growth-regulated alpha protein,Chapter IX Diseases of the circulatory system,Other arrhythmias,18890,480,0.98 [0.90-1.07],0.6700395820151464
CXCL1,Growth-regulated alpha protein,Chapter IX Diseases of the circulatory system,Other arterial embolism and thrombosis,22304,135,1.08 [0.92-1.26],0.3604656046723723
CXCL1,Growth-regulated alpha protein,Chapter IX Diseases of the circulatory system,Other diseases of arteries and capillaries,22453,284,1.02 [0.92-1.14],0.681380436740066
CXCL1,Growth-regulated alpha protein,Chapter IX Diseases of the circulatory system,Other diseases of pericardium,18599,189,0.95 [0.82-1.09],0.4421262308128637
CXCL1,Growth-regulated alpha protein,Chapter IX Diseases of the circulatory system,Other disorders of veins,22260,98,0.93 [0.76-1.14],0.490011912354454
CXCL1,Growth-regulated alpha protein,Chapter IX Diseases of the circulatory system,Other embolism and thrombosis,22212,50,1.13 [0.88-1.45],0.3469388425728404
CXCL1,Growth-regulated alpha protein,Chapter IX Diseases of the circulatory system,Other intracranial haemorrhages,22076,88,0.91 [0.73-1.12],0.3664434555375027
CXCL1,Growth-regulated alpha protein,Chapter IX Diseases of the circulatory system,Other noninfective disorders of lymphatic vessels and lymph nodes,22268,106,1.00 [0.83-1.21],0.9643165360320892
CXCL1,Growth-regulated alpha protein,Chapter IX Diseases of the circulatory system,Other or ill-defined heart diseases,19651,1241,1.00 [0.94-1.05],0.8925759435143914
CXCL1,Growth-regulated alpha protein,Chapter IX Diseases of the circulatory system,Other other unspecified disorders of the circulatory system,22351,66,1.09 [0.87-1.37],0.4625603839054991
CXCL1,Growth-regulated alpha protein,Chapter IX Diseases of the circulatory system,Other peripheral vascular diseases,22737,568,1.05 [0.97-1.13],0.2327336416981095
CXCL1,Growth-regulated alpha protein,Chapter IX Diseases of the circulatory system,Other pulmonary heart/vessel disease,23026,364,1.07 [0.97-1.17],0.2003285430286506
CXCL1,Growth-regulated alpha protein,Chapter IX Diseases of the circulatory system,"Other specified cerebrovascular diseases, other cerebrovascular disorders in diseases classified elsewhere",22651,663,1.05 [0.98-1.13],0.1861838986034237
CXCL1,Growth-regulated alpha protein,Chapter IX Diseases of the circulatory system,Paroxysmal tachycardia,11931,377,0.89 [0.80-0.98],0.0231105115505206
CXCL1,Growth-regulated alpha protein,Chapter IX Diseases of the circulatory system,Peripheral artery disease,22650,527,1.05 [0.96-1.14],0.2709539647777883
CXCL1,Growth-regulated alpha protein,Chapter IX Diseases of the circulatory system,Phlebitis and thrombophlebitis (not including DVT),22515,353,0.93 [0.84-1.03],0.1864677888889314
CXCL1,Growth-regulated alpha protein,Chapter IX Diseases of the circulatory system,Pulmonary embolism,23155,493,0.96 [0.88-1.05],0.4005035951921476
CXCL1,Growth-regulated alpha protein,Chapter IX Diseases of the circulatory system,Rheumatic valve diseases,23604,710,1.06 [0.99-1.14],0.0835526419210131
CXCL1,Growth-regulated alpha protein,Chapter IX Diseases of the circulatory system,Right bundle-branch block,18880,470,0.97 [0.88-1.06],0.4581417215090025
CXCL1,Growth-regulated alpha protein,Chapter IX Diseases of the circulatory system,Secondary right heart disease,23025,363,1.06 [0.96-1.17],0.2401399361546314
CXCL1,Growth-regulated alpha protein,Chapter IX Diseases of the circulatory system,Sequelae of cerebrovascular disease,22212,224,1.03 [0.90-1.16],0.7008201400512615
CXCL1,Growth-regulated alpha protein,Chapter IX Diseases of the circulatory system,"Stroke, excluding SAH",23223,740,1.01 [0.94-1.08],0.8805123867293659
CXCL1,Growth-regulated alpha protein,Chapter IX Diseases of the circulatory system,"Stroke, including SAH",23207,770,1.01 [0.95-1.08],0.7176665314146498
CXCL1,Growth-regulated alpha protein,Chapter IX Diseases of the circulatory system,Subarachnoid haemorrhage,22579,48,0.93 [0.70-1.24],0.6353523686295681
CXCL1,Growth-regulated alpha protein,Chapter IX Diseases of the circulatory system,Thoracic aortic aneurysm,22283,115,0.89 [0.74-1.07],0.2207614272146273
CXCL1,Growth-regulated alpha protein,Chapter IX Diseases of the circulatory system,Transient ischemic attack,22838,249,1.05 [0.93-1.18],0.4391194494596117
CXCL1,Growth-regulated alpha protein,Chapter IX Diseases of the circulatory system,Unstable angina pectoris,22197,312,1.00 [0.90-1.12],0.944362646018714
CXCL1,Growth-regulated alpha protein,Chapter IX Diseases of the circulatory system,Varicose veins,22545,383,0.90 [0.82-1.00],0.0508914610773436
CXCL1,Growth-regulated alpha protein,Chapter IX Diseases of the circulatory system,Vascular diseases of the intestine,22188,73,0.91 [0.72-1.15],0.4295705238616758
CXCL1,Growth-regulated alpha protein,Chapter IX Diseases of the circulatory system,Venous thromboembolism,23428,775,0.95 [0.89-1.02],0.172911920354722
CXCL1,Growth-regulated alpha protein,Chapter V Mental and behavioural disorders,"Alcohol use disorder, ICD-based",23467,495,1.09 [1.00-1.18],0.0461225011334163
CXCL1,Growth-regulated alpha protein,Chapter V Mental and behavioural disorders,"Anxiety disorders, excluding more controls",20336,968,1.05 [0.99-1.11],0.1359781247468925
CXCL1,Growth-regulated alpha protein,Chapter V Mental and behavioural disorders,Any mental disorder,22979,3611,1.02 [0.99-1.05],0.2330575150264699
CXCL1,Growth-regulated alpha protein,Chapter V Mental and behavioural disorders,"Mental and behavioural disorders due to alcohol, excluding acute intoxication",23404,582,1.07 [0.99-1.15],0.0999399415897038
CXCL1,Growth-regulated alpha protein,Chapter V Mental and behavioural disorders,"Mood disorders, excluding more controls",20536,1168,1.03 [0.97-1.09],0.3274869332055554
CXCL1,Growth-regulated alpha protein,Chapter V Mental and behavioural disorders,"Schizophrenia or delusion, excluding more controls",19453,85,1.29 [1.08-1.54],0.0048590738348159
CXCL1,Growth-regulated alpha protein,Chapter V Mental and behavioural disorders,Smoking dependency,23016,1526,0.96 [0.91-1.01],0.0836883062278052
CXCL1,Growth-regulated alpha protein,Chapter V Mental and behavioural disorders,"Substance abuse, excluding more controls",21227,1859,0.99 [0.95-1.04],0.6953051641719425
CXCL1,Growth-regulated alpha protein,Chapter V Mental and behavioural disorders,Vascular dementia,23153,149,0.96 [0.82-1.13],0.6411933396679887
CXCL1,Growth-regulated alpha protein,Chapter VI Diseases of the nervous system,Alzheimer disease,23663,297,0.98 [0.88-1.10],0.7669065143518917
CXCL1,Growth-regulated alpha protein,Chapter VI Diseases of the nervous system,"AlzheimerÕs disease (Atypical or mixed), excluding more controls",15714,58,0.84 [0.64-1.11],0.2171293784480891
CXCL1,Growth-regulated alpha protein,Chapter VI Diseases of the nervous system,Bell's palsy,22299,74,1.08 [0.88-1.34],0.4518163707779352
CXCL1,Growth-regulated alpha protein,Chapter VI Diseases of the nervous system,Carpal tunnel syndrome,22563,338,1.04 [0.94-1.15],0.4345433979429365
CXCL1,Growth-regulated alpha protein,Chapter VI Diseases of the nervous system,Cerebral cysts,23259,238,0.96 [0.85-1.09],0.5594503489792553
CXCL1,Growth-regulated alpha protein,Chapter VI Diseases of the nervous system,Cerebral palsy and other paralytic syndromes,23579,364,1.01 [0.92-1.12],0.8003832233898527
CXCL1,Growth-regulated alpha protein,Chapter VI Diseases of the nervous system,Circumscribed brain atrophy,23157,60,1.07 [0.85-1.35],0.5710031640972645
CXCL1,Growth-regulated alpha protein,Chapter VI Diseases of the nervous system,Diseases of the myoneural junction and muscle,23645,73,0.95 [0.76-1.20],0.6701120694163719
CXCL1,Growth-regulated alpha protein,Chapter VI Diseases of the nervous system,"Disorders of brain, other and unspecified",23112,91,0.96 [0.78-1.18],0.705683827021568
CXCL1,Growth-regulated alpha protein,Chapter VI Diseases of the nervous system,Epilepsy,22058,286,0.96 [0.85-1.07],0.4514135598085723
CXCL1,Growth-regulated alpha protein,Chapter VI Diseases of the nervous system,Episodal and paroxysmal disorders,23129,1357,1.02 [0.97-1.08],0.3618378905432523
CXCL1,Growth-regulated alpha protein,Chapter VI Diseases of the nervous system,Extrapyramidal and movement disorders,23628,678,1.01 [0.94-1.08],0.8617324540005122
CXCL1,Growth-regulated alpha protein,Chapter VI Diseases of the nervous system,Falls/tendency to fall,23123,2199,1.00 [0.96-1.05],0.81157313395335
CXCL1,Growth-regulated alpha protein,Chapter VI Diseases of the nervous system,Generalized epilepsy,23273,58,1.10 [0.87-1.40],0.4288801522492743
CXCL1,Growth-regulated alpha protein,Chapter VI Diseases of the nervous system,Hemiplegia,23495,280,0.97 [0.86-1.09],0.60341070304553
CXCL1,Growth-regulated alpha protein,Chapter VI Diseases of the nervous system,Hydrocephalus,23077,56,0.99 [0.77-1.28],0.9361193073727132
CXCL1,Growth-regulated alpha protein,Chapter VI Diseases of the nervous system,Inflammatory diseases of the central nervous system,23646,58,1.07 [0.84-1.36],0.5931912667349952
CXCL1,Growth-regulated alpha protein,Chapter VI Diseases of the nervous system,Lesion of plantar nerve,22245,20,0.80 [0.50-1.28],0.3586865587959946
CXCL1,Growth-regulated alpha protein,Chapter VI Diseases of the nervous system,Lesion of ulnar nerve,22321,96,1.10 [0.91-1.32],0.3366143458829949
CXCL1,Growth-regulated alpha protein,Chapter VI Diseases of the nervous system,Memory loss,22995,119,0.88 [0.73-1.06],0.1837774479196853
CXCL1,Growth-regulated alpha protein,Chapter VI Diseases of the nervous system,Migraine,21966,194,1.16 [1.03-1.32],0.0186054303848065
CXCL1,Growth-regulated alpha protein,Chapter VI Diseases of the nervous system,"Migraine, unspecified, drug-induced",23640,175,1.16 [1.02-1.33],0.0260760948243746
CXCL1,Growth-regulated alpha protein,Chapter VI Diseases of the nervous system,Motor neuron disease,15820,151,1.06 [0.91-1.23],0.4328139713628378
CXCL1,Growth-regulated alpha protein,Chapter VI Diseases of the nervous system,MS-disease / Multiple Sclerosis,23553,63,0.99 [0.77-1.26],0.9334138937791782
CXCL1,Growth-regulated alpha protein,Chapter VI Diseases of the nervous system,"Nerve, nerve root and plexus disorders",23198,973,1.03 [0.97-1.10],0.2681334094338367
CXCL1,Growth-regulated alpha protein,Chapter VI Diseases of the nervous system,Neurological diseases,22357,3657,1.02 [0.99-1.05],0.2920189455946376
CXCL1,Growth-regulated alpha protein,Chapter VI Diseases of the nervous system,Other and unspecified degenerative diseases of nervous system,23336,239,0.91 [0.81-1.04],0.1694683999275197
CXCL1,Growth-regulated alpha protein,Chapter VI Diseases of the nervous system,"Other and unspecified nerve root and plexus disorders, also in other diseases",22616,391,1.01 [0.92-1.11],0.8480898466956469
CXCL1,Growth-regulated alpha protein,Chapter VI Diseases of the nervous system,"Other and unspecified polyneuropathies, also in other diseases",23571,349,1.10 [0.99-1.21],0.0660349140700075
CXCL1,Growth-regulated alpha protein,Chapter VI Diseases of the nervous system,Other degenerative diseases of the nervous system,18546,620,0.99 [0.92-1.07],0.8325086302992697
CXCL1,Growth-regulated alpha protein,Chapter VI Diseases of the nervous system,Other diseases of spinal cord,23100,79,0.95 [0.76-1.18],0.6444584792756787
CXCL1,Growth-regulated alpha protein,Chapter VI Diseases of the nervous system,Other disorders of nervous system,23175,154,0.96 [0.82-1.12],0.5743920106474818
CXCL1,Growth-regulated alpha protein,Chapter VI Diseases of the nervous system,Other extrapyramidal and movement disorders in other diseases,23086,136,0.98 [0.83-1.16],0.8108722834454205
CXCL1,Growth-regulated alpha protein,Chapter VI Diseases of the nervous system,Other facial nerve disorders,22318,93,1.02 [0.84-1.24],0.8504188509404279
CXCL1,Growth-regulated alpha protein,Chapter VI Diseases of the nervous system,Other headache syndromes,21809,37,0.86 [0.61-1.20],0.3731001245482436
CXCL1,Growth-regulated alpha protein,Chapter VI Diseases of the nervous system,Other neurological diseases,23546,525,0.99 [0.91-1.07],0.7795844264628269
CXCL1,Growth-regulated alpha protein,Chapter VI Diseases of the nervous system,Other sleep disorders,22472,700,1.03 [0.96-1.11],0.393838912435499
CXCL1,Growth-regulated alpha protein,Chapter VI Diseases of the nervous system,Parkinson's disease,23642,533,1.01 [0.93-1.09],0.8080478272284971
CXCL1,Growth-regulated alpha protein,Chapter VI Diseases of the nervous system,Postviral fatigue syndrome,23049,28,1.12 [0.80-1.57],0.4983451453010681
CXCL1,Growth-regulated alpha protein,Chapter VI Diseases of the nervous system,Restless leg syndrome,23664,46,1.02 [0.78-1.35],0.8711282626094874
CXCL1,Growth-regulated alpha protein,Chapter VI Diseases of the nervous system,Sleep apnoea,23361,630,1.03 [0.96-1.12],0.3824882940430987
CXCL1,Growth-regulated alpha protein,Chapter VI Diseases of the nervous system,Small fibre neuropathy,23280,58,1.03 [0.80-1.31],0.8407895169149527
CXCL1,Growth-regulated alpha protein,Chapter VI Diseases of the nervous system,Systemic atrophies primarily affecting the central nervous system,23646,177,1.04 [0.90-1.19],0.6181420633434893
CXCL1,Growth-regulated alpha protein,Chapter VI Diseases of the nervous system,Trigeminal neuralgia,22260,35,0.97 [0.71-1.35],0.8754478204809073
CXCL1,Growth-regulated alpha protein,Chapter VI Diseases of the nervous system,Unspecific neurodegenerative disorder,23663,300,0.98 [0.88-1.09],0.6854740065013891
CXCL1,Growth-regulated alpha protein,Chapter VI Diseases of the nervous system,Vascular dementia (undefined),23122,145,0.97 [0.83-1.14],0.7151667831164881
CXCL1,Growth-regulated alpha protein,"Chapter VII Diseases of the eye, adnexa, ear and mastoid process",Amblyopia ex anopsia,23116,87,1.22 [1.01-1.45],0.0339081886951602
CXCL1,Growth-regulated alpha protein,"Chapter VII Diseases of the eye, adnexa, ear and mastoid process",Astigmatism,23322,297,0.94 [0.84-1.05],0.2770401344728216
CXCL1,Growth-regulated alpha protein,"Chapter VII Diseases of the eye, adnexa, ear and mastoid process",Background diabetic retinopathy,23467,289,1.06 [0.95-1.18],0.2630057802387913
CXCL1,Growth-regulated alpha protein,"Chapter VII Diseases of the eye, adnexa, ear and mastoid process",Blepharochalasis,22799,44,1.05 [0.80-1.39],0.7175846693265178
CXCL1,Growth-regulated alpha protein,"Chapter VII Diseases of the eye, adnexa, ear and mastoid process",Chalazion,22814,59,0.91 [0.70-1.17],0.4485927527863034
CXCL1,Growth-regulated alpha protein,"Chapter VII Diseases of the eye, adnexa, ear and mastoid process","Conjunctivitis (acute, non atopic)",23574,44,0.93 [0.70-1.26],0.6535547312302807
CXCL1,Growth-regulated alpha protein,"Chapter VII Diseases of the eye, adnexa, ear and mastoid process",Corneal degeneration,23437,123,1.06 [0.90-1.25],0.4964752704037179
CXCL1,Growth-regulated alpha protein,"Chapter VII Diseases of the eye, adnexa, ear and mastoid process","Diabetic nephropathy, excluding more controls",2463,83,1.10 [0.90-1.35],0.355666675891391
CXCL1,Growth-regulated alpha protein,"Chapter VII Diseases of the eye, adnexa, ear and mastoid process",Diabetic neuropathy,2993,128,1.17 [1.00-1.37],0.0501549781334369
CXCL1,Growth-regulated alpha protein,"Chapter VII Diseases of the eye, adnexa, ear and mastoid process",Diplopia,23120,91,1.24 [1.04-1.48],0.0147837887981181
CXCL1,Growth-regulated alpha protein,"Chapter VII Diseases of the eye, adnexa, ear and mastoid process",Disorders of choroid and retina,23416,985,1.04 [0.98-1.10],0.185844753280972
CXCL1,Growth-regulated alpha protein,"Chapter VII Diseases of the eye, adnexa, ear and mastoid process","Disorders of eyelid, lacrimal system and orbit",23362,607,0.97 [0.89-1.04],0.3854926840627661
CXCL1,Growth-regulated alpha protein,"Chapter VII Diseases of the eye, adnexa, ear and mastoid process",Disorders of lacrimal system,22897,142,1.08 [0.93-1.25],0.3206904785787269
CXCL1,Growth-regulated alpha protein,"Chapter VII Diseases of the eye, adnexa, ear and mastoid process","Disorders of ocular muscles, binocular movement, accommodation and refraction",23589,564,1.01 [0.94-1.10],0.7422600396609267
CXCL1,Growth-regulated alpha protein,"Chapter VII Diseases of the eye, adnexa, ear and mastoid process",Disorders of optic nerve and visual pathways,23661,63,1.00 [0.79-1.28],0.9672502556434924
CXCL1,Growth-regulated alpha protein,"Chapter VII Diseases of the eye, adnexa, ear and mastoid process",Disorders of refraction and accommodation,23524,499,0.97 [0.89-1.05],0.4356811887675532
CXCL1,Growth-regulated alpha protein,"Chapter VII Diseases of the eye, adnexa, ear and mastoid process","Disorders of sclera, cornea, iris and ciliary body",23624,310,1.07 [0.97-1.19],0.1901139511785019
CXCL1,Growth-regulated alpha protein,"Chapter VII Diseases of the eye, adnexa, ear and mastoid process",Disorders of vitreous body,23574,148,1.04 [0.89-1.21],0.6289989563171331
CXCL1,Growth-regulated alpha protein,"Chapter VII Diseases of the eye, adnexa, ear and mastoid process",Ectropion of eyelid,22833,78,1.03 [0.83-1.27],0.7862719324942099
CXCL1,Growth-regulated alpha protein,"Chapter VII Diseases of the eye, adnexa, ear and mastoid process",Entropion and trichiasis of eyelid,22841,86,0.96 [0.78-1.19],0.7273064196094507
CXCL1,Growth-regulated alpha protein,"Chapter VII Diseases of the eye, adnexa, ear and mastoid process",Epiphora,22799,44,1.03 [0.78-1.36],0.8347301897084711
CXCL1,Growth-regulated alpha protein,"Chapter VII Diseases of the eye, adnexa, ear and mastoid process",Glaucoma,23569,676,1.02 [0.95-1.09],0.6154486107823416
CXCL1,Growth-regulated alpha protein,"Chapter VII Diseases of the eye, adnexa, ear and mastoid process",Glaucoma suspect,23076,183,1.07 [0.94-1.22],0.3057161974675072
CXCL1,Growth-regulated alpha protein,"Chapter VII Diseases of the eye, adnexa, ear and mastoid process",Hypermetropia,23054,29,0.61 [0.40-0.92],0.0200645450329512
CXCL1,Growth-regulated alpha protein,"Chapter VII Diseases of the eye, adnexa, ear and mastoid process",Iridocyclitis,23410,96,1.12 [0.93-1.34],0.2238872701307553
CXCL1,Growth-regulated alpha protein,"Chapter VII Diseases of the eye, adnexa, ear and mastoid process",Keratitis,23534,220,1.03 [0.91-1.17],0.6124600805808874
CXCL1,Growth-regulated alpha protein,"Chapter VII Diseases of the eye, adnexa, ear and mastoid process",Myopia,23196,171,1.04 [0.90-1.19],0.628872233336037
CXCL1,Growth-regulated alpha protein,"Chapter VII Diseases of the eye, adnexa, ear and mastoid process",Other and unspecified disorders of vitreous body,23509,83,1.03 [0.84-1.26],0.7865686452635814
CXCL1,Growth-regulated alpha protein,"Chapter VII Diseases of the eye, adnexa, ear and mastoid process",Other and unspecified glaucoma,23349,456,1.02 [0.94-1.12],0.5781436081618175
CXCL1,Growth-regulated alpha protein,"Chapter VII Diseases of the eye, adnexa, ear and mastoid process",Other and unspecified visual disturbances,23159,130,1.02 [0.87-1.20],0.8008534123754594
CXCL1,Growth-regulated alpha protein,"Chapter VII Diseases of the eye, adnexa, ear and mastoid process",Other cataract,22288,1772,1.04 [0.99-1.09],0.0854679667152422
CXCL1,Growth-regulated alpha protein,"Chapter VII Diseases of the eye, adnexa, ear and mastoid process",Other disorders of cornea,23506,192,1.02 [0.90-1.17],0.7299770811920336
CXCL1,Growth-regulated alpha protein,"Chapter VII Diseases of the eye, adnexa, ear and mastoid process",Other disorders of eye and adnexa,23648,145,1.11 [0.96-1.29],0.1683899252670525
CXCL1,Growth-regulated alpha protein,"Chapter VII Diseases of the eye, adnexa, ear and mastoid process",Other disorders of eyelid,23169,414,0.98 [0.89-1.07],0.6273273216480748
CXCL1,Growth-regulated alpha protein,"Chapter VII Diseases of the eye, adnexa, ear and mastoid process",Other disorders of iris and ciliary body,23379,65,0.96 [0.76-1.22],0.7382124977393363
CXCL1,Growth-regulated alpha protein,"Chapter VII Diseases of the eye, adnexa, ear and mastoid process",Other disorders of optic [2nd] nerve and visual pathways,23652,54,1.04 [0.81-1.34],0.7414490875109455
CXCL1,Growth-regulated alpha protein,"Chapter VII Diseases of the eye, adnexa, ear and mastoid process",Other inflammation of eyelid,22831,76,0.91 [0.73-1.14],0.4137398075735767
CXCL1,Growth-regulated alpha protein,"Chapter VII Diseases of the eye, adnexa, ear and mastoid process",Other specified and unspecified  disorders of eyelid,22890,135,1.02 [0.87-1.20],0.7903221960022637
CXCL1,Growth-regulated alpha protein,"Chapter VII Diseases of the eye, adnexa, ear and mastoid process",Other specified and unspecified retinal disorders,22557,126,0.98 [0.83-1.16],0.8497410142609254
CXCL1,Growth-regulated alpha protein,"Chapter VII Diseases of the eye, adnexa, ear and mastoid process",Other strabismus,23073,48,1.09 [0.83-1.42],0.5382408424989322
CXCL1,Growth-regulated alpha protein,"Chapter VII Diseases of the eye, adnexa, ear and mastoid process","Other, unspecified and serous retinal detachments",22493,62,1.08 [0.85-1.36],0.5314846876826509
CXCL1,Growth-regulated alpha protein,"Chapter VII Diseases of the eye, adnexa, ear and mastoid process",Primary angle-closure glaucoma,22943,50,0.89 [0.67-1.18],0.4198084374900073
CXCL1,Growth-regulated alpha protein,"Chapter VII Diseases of the eye, adnexa, ear and mastoid process","Primary open-angle glaucoma, strict",23102,209,1.02 [0.90-1.16],0.7122786743315677
CXCL1,Growth-regulated alpha protein,"Chapter VII Diseases of the eye, adnexa, ear and mastoid process",Ptosis of eyelid,22873,118,0.88 [0.73-1.05],0.1580636868554656
CXCL1,Growth-regulated alpha protein,"Chapter VII Diseases of the eye, adnexa, ear and mastoid process",Retinal detachment with retinal break,22551,120,1.18 [1.00-1.38],0.0470866167483188
CXCL1,Growth-regulated alpha protein,"Chapter VII Diseases of the eye, adnexa, ear and mastoid process",Retinal vascular occlusion,22522,91,0.84 [0.68-1.04],0.1149947252543246
CXCL1,Growth-regulated alpha protein,"Chapter VII Diseases of the eye, adnexa, ear and mastoid process",Senile cataract,21985,1469,1.03 [0.98-1.08],0.2996066432004738
CXCL1,Growth-regulated alpha protein,"Chapter VII Diseases of the eye, adnexa, ear and mastoid process",Stenosis and insufficiency of lacrimal passages,22812,57,1.19 [0.96-1.49],0.1196567176118213
CXCL1,Growth-regulated alpha protein,"Chapter VII Diseases of the eye, adnexa, ear and mastoid process",Visual disturbances,23418,389,1.12 [1.02-1.22],0.0171216562566378
CXCL1,Growth-regulated alpha protein,"Chapter VII Diseases of the eye, adnexa, ear and mastoid process",Visual field defects,23100,71,1.00 [0.80-1.25],0.983631082973194
CXCL1,Growth-regulated alpha protein,"Chapter VII Diseases of the eye, adnexa, ear and mastoid process",Visual impairment including blindness (binocular or monocular),23198,169,0.96 [0.83-1.11],0.5783477133041267
CXCL1,Growth-regulated alpha protein,Chapter VIII Diseases of the ear and mastoid process,Benign paroxysmal vertigo,23489,57,0.89 [0.68-1.15],0.3684763752099391
CXCL1,Growth-regulated alpha protein,Chapter VIII Diseases of the ear and mastoid process,Diseases of external ear,23622,121,0.95 [0.80-1.13],0.5794320589063752
CXCL1,Growth-regulated alpha protein,Chapter VIII Diseases of the ear and mastoid process,Diseases of middle ear and mastoid,23532,111,1.02 [0.85-1.22],0.8567508848604477
CXCL1,Growth-regulated alpha protein,Chapter VIII Diseases of the ear and mastoid process,Labyrinthitis,23482,50,0.91 [0.69-1.21],0.5268237103031852
CXCL1,Growth-regulated alpha protein,Chapter VIII Diseases of the ear and mastoid process,Mnire disease,23485,53,1.23 [0.98-1.55],0.0777656420381311
CXCL1,Growth-regulated alpha protein,Chapter VIII Diseases of the ear and mastoid process,Other disorders of ear,23570,958,1.00 [0.94-1.06],0.9897930385100396
CXCL1,Growth-regulated alpha protein,Chapter VIII Diseases of the ear and mastoid process,Other specified/unspecified hearing loss,23322,710,1.02 [0.95-1.09],0.6155072104061066
CXCL1,Growth-regulated alpha protein,Chapter VIII Diseases of the ear and mastoid process,Sensorineural hearing loss,22743,131,0.83 [0.69-0.99],0.0376027377060844
CXCL1,Growth-regulated alpha protein,Chapter VIII Diseases of the ear and mastoid process,Tinnitus,22695,83,1.11 [0.91-1.35],0.3159218721272406
CXCL1,Growth-regulated alpha protein,Chapter X Diseases of the respiratory system,Acute pharyngitis,23454,63,0.98 [0.76-1.24],0.8411404683474802
CXCL1,Growth-regulated alpha protein,Chapter X Diseases of the respiratory system,Acute upper respiratory infections,23578,187,1.03 [0.90-1.18],0.6682589838995077
CXCL1,Growth-regulated alpha protein,Chapter X Diseases of the respiratory system,Acute upper respiratory infections of multiple and unspecified sites,23450,59,0.98 [0.76-1.26],0.8662367156607085
CXCL1,Growth-regulated alpha protein,Chapter X Diseases of the respiratory system,All influenza,21387,109,1.04 [0.87-1.24],0.6945410065014093
CXCL1,Growth-regulated alpha protein,Chapter X Diseases of the respiratory system,All influenza (not pneumonia),21384,106,1.04 [0.87-1.25],0.653345932995082
CXCL1,Growth-regulated alpha protein,Chapter X Diseases of the respiratory system,Allergic asthma (mode),15505,104,1.10 [0.92-1.32],0.2927346855792702
CXCL1,Growth-regulated alpha protein,Chapter X Diseases of the respiratory system,Allergic rhinitis,23557,266,1.02 [0.91-1.14],0.7691096250850015
CXCL1,Growth-regulated alpha protein,Chapter X Diseases of the respiratory system,"Asthma, excluding more controls",16475,1418,1.03 [0.98-1.09],0.2114529386555713
CXCL1,Growth-regulated alpha protein,Chapter X Diseases of the respiratory system,"Asthma, unspecified (mode)",16794,1393,1.03 [0.98-1.08],0.3107600700136844
CXCL1,Growth-regulated alpha protein,Chapter X Diseases of the respiratory system,Bacterial pneumonia (organism specified),23278,151,0.99 [0.85-1.16],0.9045832400837892
CXCL1,Growth-regulated alpha protein,Chapter X Diseases of the respiratory system,"Bacterial pneumonia, not elsewhere classified",21373,95,0.96 [0.79-1.18],0.6990662273450245
CXCL1,Growth-regulated alpha protein,Chapter X Diseases of the respiratory system,Bronchiectasis,20572,286,1.01 [0.90-1.13],0.8838024058872229
CXCL1,Growth-regulated alpha protein,Chapter X Diseases of the respiratory system,"Bronchitis, not specified as acute or chronic",20329,43,1.13 [0.86-1.49],0.3857186999827285
CXCL1,Growth-regulated alpha protein,Chapter X Diseases of the respiratory system,Chronic lower respiratory diseases,22813,2527,1.04 [1.00-1.07],0.0718423957630815
CXCL1,Growth-regulated alpha protein,Chapter X Diseases of the respiratory system,"Chronic rhinitis, nasopharyngitis and pharyngitis",22223,78,1.06 [0.86-1.31],0.608112030930424
CXCL1,Growth-regulated alpha protein,Chapter X Diseases of the respiratory system,Chronic sinusitis,22305,160,0.98 [0.84-1.14],0.7847877124013686
CXCL1,Growth-regulated alpha protein,Chapter X Diseases of the respiratory system,"COPD, hospital admissions 1, only main diagnosis",23440,1295,1.02 [0.97-1.08],0.4675290428634271
CXCL1,Growth-regulated alpha protein,Chapter X Diseases of the respiratory system,Deviated nasal septum,22285,140,1.12 [0.96-1.30],0.1642211644034933
CXCL1,Growth-regulated alpha protein,Chapter X Diseases of the respiratory system,Diseases of the respiratory system,21660,5233,1.03 [1.00-1.06],0.0381998022344249
CXCL1,Growth-regulated alpha protein,Chapter X Diseases of the respiratory system,"Diseases of vocal cords and larynx+other diseases of upper respiratory tract, no elsewhere classified",22537,392,0.98 [0.89-1.08],0.7147880038453323
CXCL1,Growth-regulated alpha protein,Chapter X Diseases of the respiratory system,Early onset COPD,22448,303,0.96 [0.85-1.07],0.4377289918905619
CXCL1,Growth-regulated alpha protein,Chapter X Diseases of the respiratory system,Emphysema,20630,344,1.07 [0.96-1.18],0.2145067742904983
CXCL1,Growth-regulated alpha protein,Chapter X Diseases of the respiratory system,Idiopathic pulmonary fibrosis,22735,332,1.13 [1.02-1.24],0.015876056528444
CXCL1,Growth-regulated alpha protein,Chapter X Diseases of the respiratory system,Influenza and pneumonia,23417,2139,1.04 [1.00-1.08],0.0594761802500046
CXCL1,Growth-regulated alpha protein,Chapter X Diseases of the respiratory system,Interstitial lung disease,22763,360,1.15 [1.04-1.26],0.0038079784007457
CXCL1,Growth-regulated alpha protein,Chapter X Diseases of the respiratory system,Later onset COPD,22599,992,1.04 [0.98-1.10],0.2081230650485989
CXCL1,Growth-regulated alpha protein,Chapter X Diseases of the respiratory system,Lung diseases due to external agents,23647,426,1.04 [0.95-1.14],0.4123496202020115
CXCL1,Growth-regulated alpha protein,Chapter X Diseases of the respiratory system,Nasal polyp,22288,143,1.06 [0.91-1.24],0.4672310267466393
CXCL1,Growth-regulated alpha protein,Chapter X Diseases of the respiratory system,Other acute lower respiratory infections,23395,994,1.00 [0.94-1.06],0.9363868823700244
CXCL1,Growth-regulated alpha protein,Chapter X Diseases of the respiratory system,Other diseases of pleura,23384,2177,1.05 [1.01-1.10],0.0117499347080817
CXCL1,Growth-regulated alpha protein,Chapter X Diseases of the respiratory system,Other diseases of upper respiratory tract,23014,869,1.00 [0.93-1.06],0.891770790341262
CXCL1,Growth-regulated alpha protein,Chapter X Diseases of the respiratory system,Other pleural conditions,21273,66,1.05 [0.84-1.32],0.6534874777089017
CXCL1,Growth-regulated alpha protein,Chapter X Diseases of the respiratory system,Other respiratory diseases principally affecting the interstitium,23568,444,1.12 [1.03-1.22],0.0096605643484942
CXCL1,Growth-regulated alpha protein,Chapter X Diseases of the respiratory system,Other respiratory disorders and diseases,23540,1374,1.06 [1.01-1.11],0.0216686721509735
CXCL1,Growth-regulated alpha protein,Chapter X Diseases of the respiratory system,Pleural effusion,22326,1119,1.03 [0.97-1.09],0.3450653453173079
CXCL1,Growth-regulated alpha protein,Chapter X Diseases of the respiratory system,Pleural plaque,21472,265,1.05 [0.93-1.17],0.4432778283003352
CXCL1,Growth-regulated alpha protein,Chapter X Diseases of the respiratory system,"Pneumonia, organism unspecified",23153,1875,1.04 [1.00-1.09],0.0803557124995831
CXCL1,Growth-regulated alpha protein,Chapter X Diseases of the respiratory system,Pneumonitis due to solids and liquids,23545,324,1.01 [0.91-1.12],0.8144156154957756
CXCL1,Growth-regulated alpha protein,Chapter X Diseases of the respiratory system,Pneumothorax,21346,139,0.90 [0.76-1.06],0.213945692057842
CXCL1,Growth-regulated alpha protein,Chapter X Diseases of the respiratory system,Pollen allergy,23649,231,1.01 [0.90-1.15],0.8304168391607205
CXCL1,Growth-regulated alpha protein,Chapter X Diseases of the respiratory system,Pulmonary oedema,23192,68,1.05 [0.84-1.32],0.6501508778795715
CXCL1,Growth-regulated alpha protein,Chapter X Diseases of the respiratory system,Respiratory insufficiency,15457,56,0.87 [0.66-1.15],0.3343955275669483
CXCL1,Growth-regulated alpha protein,Chapter X Diseases of the respiratory system,Unspecified acute lower respiratory infection,23377,976,1.01 [0.95-1.07],0.8622728595627662
CXCL1,Growth-regulated alpha protein,Chapter X Diseases of the respiratory system,Vasomotor and allergic rhinitis,22413,268,1.01 [0.90-1.14],0.8152687683854716
CXCL1,Growth-regulated alpha protein,Chapter X Diseases of the respiratory system,Viral pneumonia,21558,280,1.05 [0.94-1.18],0.3654457877811865
CXCL1,Growth-regulated alpha protein,Chapter X Diseases of the respiratory system,"Viral pneumonia (unknown virus, not influenza)",23296,237,1.05 [0.93-1.18],0.4728060484576128
CXCL1,Growth-regulated alpha protein,Chapter X Diseases of the respiratory system,Vocal cord dysfunction,10297,118,0.81 [0.67-0.99],0.0363127830305934
CXCL1,Growth-regulated alpha protein,Chapter XI Diseases of the digestive system,Abscess of anal and rectal regions,16514,89,1.04 [0.85-1.27],0.6970586958670839
CXCL1,Growth-regulated alpha protein,Chapter XI Diseases of the digestive system,Acute appendicitis,23529,142,1.11 [0.96-1.30],0.167671527556562
CXCL1,Growth-regulated alpha protein,Chapter XI Diseases of the digestive system,Acute gastritis,17855,90,1.19 [1.00-1.43],0.0529188950046151
CXCL1,Growth-regulated alpha protein,Chapter XI Diseases of the digestive system,Acute pancreatitis,22315,199,0.92 [0.80-1.06],0.2391139692413967
CXCL1,Growth-regulated alpha protein,Chapter XI Diseases of the digestive system,Acute peritonitis,23311,100,1.03 [0.85-1.24],0.7615655072386034
CXCL1,Growth-regulated alpha protein,Chapter XI Diseases of the digestive system,Alcoholic liver disease,22769,117,1.18 [1.00-1.40],0.0434384373714664
CXCL1,Growth-regulated alpha protein,Chapter XI Diseases of the digestive system,Barrett oesophagus,18286,521,1.04 [0.96-1.13],0.3465579535098637
CXCL1,Growth-regulated alpha protein,Chapter XI Diseases of the digestive system,"Cholangitis (primary sclerosing, PSC)",22238,122,0.98 [0.82-1.17],0.8077054707793545
CXCL1,Growth-regulated alpha protein,Chapter XI Diseases of the digestive system,"Cholangitis (primary sclerosing, PSC), with reimbursement 202",23259,122,0.98 [0.82-1.17],0.8157570592421484
CXCL1,Growth-regulated alpha protein,Chapter XI Diseases of the digestive system,Cholecystitis,22334,218,0.89 [0.78-1.02],0.1038954407231715
CXCL1,Growth-regulated alpha protein,Chapter XI Diseases of the digestive system,Cholelithiasis,22897,781,1.08 [1.01-1.16],0.0192570037606466
CXCL1,Growth-regulated alpha protein,Chapter XI Diseases of the digestive system,Chronic gastritis,18028,263,0.99 [0.88-1.11],0.8523996793776267
CXCL1,Growth-regulated alpha protein,Chapter XI Diseases of the digestive system,Chronic pancreatitis,22172,56,1.00 [0.77-1.30],0.9857639931832852
CXCL1,Growth-regulated alpha protein,Chapter XI Diseases of the digestive system,"Cirrhosis of liver, NAS",23456,136,1.02 [0.86-1.20],0.8311063289856284
CXCL1,Growth-regulated alpha protein,Chapter XI Diseases of the digestive system,Coeliac disease,22033,95,1.24 [1.04-1.47],0.013974601551959
CXCL1,Growth-regulated alpha protein,Chapter XI Diseases of the digestive system,Collagenous colitis,22231,47,0.94 [0.71-1.26],0.6861809757897723
CXCL1,Growth-regulated alpha protein,Chapter XI Diseases of the digestive system,Colonic or urogenital fistula,23497,221,0.94 [0.82-1.07],0.341948158664965
CXCL1,Growth-regulated alpha protein,Chapter XI Diseases of the digestive system,Constipation,23501,1584,1.01 [0.96-1.06],0.700173860239605
CXCL1,Growth-regulated alpha protein,Chapter XI Diseases of the digestive system,Crohn disease,22277,93,1.07 [0.88-1.30],0.486500051321418
CXCL1,Growth-regulated alpha protein,Chapter XI Diseases of the digestive system,"Crohn disease (strict definition, all UC cases excluded)",23322,67,0.98 [0.78-1.25],0.8967048750224108
CXCL1,Growth-regulated alpha protein,Chapter XI Diseases of the digestive system,Crohn's disease NAS,22262,78,1.15 [0.94-1.41],0.1662731444880453
CXCL1,Growth-regulated alpha protein,Chapter XI Diseases of the digestive system,Dental caries,23023,226,1.11 [0.98-1.25],0.1023397432418855
CXCL1,Growth-regulated alpha protein,Chapter XI Diseases of the digestive system,Diaphragmatic hernia,20042,1936,1.04 [1.00-1.09],0.0654091277482783
CXCL1,Growth-regulated alpha protein,Chapter XI Diseases of the digestive system,Diseases of appendix,23560,173,1.06 [0.92-1.22],0.4055546247964459
CXCL1,Growth-regulated alpha protein,Chapter XI Diseases of the digestive system,Diseases of liver,23523,871,1.05 [0.99-1.12],0.1224333175347657
CXCL1,Growth-regulated alpha protein,Chapter XI Diseases of the digestive system,"Diseases of oesophagus, stomach and duodenum",21676,3911,1.02 [0.99-1.05],0.1762903467738524
CXCL1,Growth-regulated alpha protein,Chapter XI Diseases of the digestive system,"Diseases of oral cavity, salivary glands and jaws",23308,511,1.02 [0.93-1.11],0.7142566506082815
CXCL1,Growth-regulated alpha protein,Chapter XI Diseases of the digestive system,Diseases of peritoneum,23614,403,1.06 [0.97-1.16],0.2225866042724033
CXCL1,Growth-regulated alpha protein,Chapter XI Diseases of the digestive system,Diseases of pulp and periapical tissues,22908,111,1.04 [0.87-1.24],0.7027291681079004
CXCL1,Growth-regulated alpha protein,Chapter XI Diseases of the digestive system,Diseases of salivary glands,22764,67,0.89 [0.70-1.14],0.3478490913750952
CXCL1,Growth-regulated alpha protein,Chapter XI Diseases of the digestive system,Diseases of the digestive system,23345,1407,1.03 [0.98-1.08],0.2597837901290318
CXCL1,Growth-regulated alpha protein,Chapter XI Diseases of the digestive system,Diseases of tongue,22784,108,0.99 [0.82-1.19],0.9155715755025372
CXCL1,Growth-regulated alpha protein,Chapter XI Diseases of the digestive system,"Disorders of gallbladder, biliary tract and pancreas",23294,1178,1.03 [0.98-1.09],0.2355990648011271
CXCL1,Growth-regulated alpha protein,Chapter XI Diseases of the digestive system,Diverticular disease of intestine,19452,3027,1.00 [0.96-1.03],0.9438446315886088
CXCL1,Growth-regulated alpha protein,Chapter XI Diseases of the digestive system,Duodenal ulcer,18030,265,0.97 [0.86-1.09],0.5998327054941417
CXCL1,Growth-regulated alpha protein,Chapter XI Diseases of the digestive system,"Duodenal ulcer - Unspecified as acute or chronic, without haemorrhage or perforation, drug-induced",23548,210,0.98 [0.86-1.12],0.8015848280805479
CXCL1,Growth-regulated alpha protein,Chapter XI Diseases of the digestive system,Embedded and impacted teeth,23589,45,1.06 [0.80-1.40],0.6845210850559004
CXCL1,Growth-regulated alpha protein,Chapter XI Diseases of the digestive system,Fibrosis and cirrhosis of liver,22811,159,1.01 [0.86-1.17],0.9466495180598006
CXCL1,Growth-regulated alpha protein,Chapter XI Diseases of the digestive system,Fissure and fistula of anal and rectal regions,16605,180,0.88 [0.76-1.02],0.0955149783744472
CXCL1,Growth-regulated alpha protein,Chapter XI Diseases of the digestive system,Functional dyspepsia,18189,424,0.95 [0.87-1.05],0.3142578555196302
CXCL1,Growth-regulated alpha protein,Chapter XI Diseases of the digestive system,Gastric ulcer,18129,364,1.05 [0.95-1.16],0.3216356917964066
CXCL1,Growth-regulated alpha protein,Chapter XI Diseases of the digestive system,Gastro-oesophageal reflux disease,19909,2144,1.02 [0.98-1.06],0.3505861771289865
CXCL1,Growth-regulated alpha protein,Chapter XI Diseases of the digestive system,Gastroduodenal ulcer,18356,591,1.02 [0.95-1.11],0.5398746356537913
CXCL1,Growth-regulated alpha protein,Chapter XI Diseases of the digestive system,Gastrointestinal diseases,18072,7926,1.02 [1.00-1.04],0.0683249916971591
CXCL1,Growth-regulated alpha protein,Chapter XI Diseases of the digestive system,GI-bleeding,23109,1171,1.01 [0.95-1.07],0.7655223541342974
CXCL1,Growth-regulated alpha protein,Chapter XI Diseases of the digestive system,Gingivitis and periodontal diseases,22842,45,1.14 [0.87-1.49],0.3558097764771772
CXCL1,Growth-regulated alpha protein,Chapter XI Diseases of the digestive system,Haemorrhoids and perianal venous thrombosis,17386,1226,1.02 [0.96-1.07],0.5519041163647287
CXCL1,Growth-regulated alpha protein,Chapter XI Diseases of the digestive system,"Hepatic failure, not elsewhere classified",22738,86,1.14 [0.94-1.38],0.1813057107087176
CXCL1,Growth-regulated alpha protein,Chapter XI Diseases of the digestive system,Hernia,21617,3511,1.02 [0.99-1.05],0.2229303194191318
CXCL1,Growth-regulated alpha protein,Chapter XI Diseases of the digestive system,Impacted teeth,23592,42,1.13 [0.85-1.49],0.4008795594204533
CXCL1,Growth-regulated alpha protein,Chapter XI Diseases of the digestive system,Impaction of intestines,16470,45,0.76 [0.56-1.05],0.0978175395463537
CXCL1,Growth-regulated alpha protein,Chapter XI Diseases of the digestive system,Inguinal hernia,19725,1619,1.02 [0.97-1.07],0.4321702095512644
CXCL1,Growth-regulated alpha protein,Chapter XI Diseases of the digestive system,"Inguinal hernia, bilateral",18301,195,0.92 [0.80-1.06],0.2434448723062556
CXCL1,Growth-regulated alpha protein,Chapter XI Diseases of the digestive system,Intestinal adhesions without obstruction,16513,88,0.98 [0.80-1.21],0.8602305944443832
CXCL1,Growth-regulated alpha protein,Chapter XI Diseases of the digestive system,Intestinal malabsorption,22046,108,1.23 [1.04-1.45],0.0137782170369066
CXCL1,Growth-regulated alpha protein,Chapter XI Diseases of the digestive system,Irritable bowel syndrome,16692,267,0.95 [0.85-1.08],0.4474965733748334
CXCL1,Growth-regulated alpha protein,Chapter XI Diseases of the digestive system,Nonalcoholic fatty liver disease,23621,377,1.05 [0.96-1.16],0.2812590426219387
CXCL1,Growth-regulated alpha protein,Chapter XI Diseases of the digestive system,Noninfectious colitis NAS,22860,676,1.06 [0.99-1.14],0.1132314237314989
CXCL1,Growth-regulated alpha protein,Chapter XI Diseases of the digestive system,Noninfective enteritis and colitis,23064,880,1.07 [1.00-1.14],0.0395803627255749
CXCL1,Growth-regulated alpha protein,Chapter XI Diseases of the digestive system,Oesophageal obstruction,17980,215,1.11 [0.98-1.25],0.1000291860604935
CXCL1,Growth-regulated alpha protein,Chapter XI Diseases of the digestive system,Oesophagitis,18390,625,1.06 [0.98-1.14],0.1454073065356778
CXCL1,Growth-regulated alpha protein,Chapter XI Diseases of the digestive system,Oral lichen ruber planus,23613,114,1.04 [0.88-1.24],0.6249333175660894
CXCL1,Growth-regulated alpha protein,Chapter XI Diseases of the digestive system,Other and unspecified abdominal hernia,18178,72,1.16 [0.94-1.42],0.1624032748146301
CXCL1,Growth-regulated alpha protein,Chapter XI Diseases of the digestive system,Other diseases of anus and rectum,17850,1425,1.03 [0.98-1.08],0.2244050997585463
CXCL1,Growth-regulated alpha protein,Chapter XI Diseases of the digestive system,Other diseases of biliary tract,22375,259,1.05 [0.93-1.17],0.4579185628929169
CXCL1,Growth-regulated alpha protein,Chapter XI Diseases of the digestive system,Other diseases of gallbladder,22239,123,1.09 [0.92-1.29],0.3134271853113016
CXCL1,Growth-regulated alpha protein,Chapter XI Diseases of the digestive system,Other diseases of intestine,18296,1871,0.99 [0.95-1.04],0.6509844882718913
CXCL1,Growth-regulated alpha protein,Chapter XI Diseases of the digestive system,Other diseases of intestines,21850,5425,1.01 [0.98-1.04],0.4643100898210547
CXCL1,Growth-regulated alpha protein,Chapter XI Diseases of the digestive system,Other diseases of lip and oral mucosa,22750,180,1.04 [0.90-1.19],0.6138175764447954
CXCL1,Growth-regulated alpha protein,Chapter XI Diseases of the digestive system,Other diseases of liver,23345,693,1.02 [0.95-1.09],0.6571871709374544
CXCL1,Growth-regulated alpha protein,Chapter XI Diseases of the digestive system,Other diseases of oesophagus,18497,732,1.04 [0.97-1.11],0.2831515656994509
CXCL1,Growth-regulated alpha protein,Chapter XI Diseases of the digestive system,Other diseases of pancreas,22256,140,0.90 [0.76-1.07],0.2240113274489165
CXCL1,Growth-regulated alpha protein,Chapter XI Diseases of the digestive system,Other diseases of peritoneum,23540,329,1.07 [0.97-1.18],0.1951728110326108
CXCL1,Growth-regulated alpha protein,Chapter XI Diseases of the digestive system,Other diseases of stomach and duodenum,18566,801,1.07 [1.00-1.14],0.0349799754400216
CXCL1,Growth-regulated alpha protein,Chapter XI Diseases of the digestive system,Other diseases of the digestive system,23121,1183,1.01 [0.95-1.07],0.7537300550798842
CXCL1,Growth-regulated alpha protein,Chapter XI Diseases of the digestive system,Other disorders of teeth and supporting structures,22975,178,1.03 [0.90-1.19],0.642331505253712
CXCL1,Growth-regulated alpha protein,Chapter XI Diseases of the digestive system,Other functional intestinal disorders,18047,1622,1.01 [0.96-1.06],0.7772063229363123
CXCL1,Growth-regulated alpha protein,Chapter XI Diseases of the digestive system,Other gastritis (incl. Duodenitis),19632,1867,1.00 [0.96-1.05],0.8310197196323592
CXCL1,Growth-regulated alpha protein,Chapter XI Diseases of the digestive system,Other inflammatory liver diseases,22751,99,1.02 [0.84-1.23],0.843135348663508
CXCL1,Growth-regulated alpha protein,Chapter XI Diseases of the digestive system,Other noninfective gastroenteritis and colitis,22954,770,1.05 [0.98-1.12],0.1744714497468766
CXCL1,Growth-regulated alpha protein,Chapter XI Diseases of the digestive system,"Other or unspecified ileus, impaction or obstruction",16774,349,0.98 [0.89-1.09],0.7349064605909706
CXCL1,Growth-regulated alpha protein,Chapter XI Diseases of the digestive system,Palatinal maxillary canine,23580,55,1.07 [0.83-1.37],0.5944302083928344
CXCL1,Growth-regulated alpha protein,Chapter XI Diseases of the digestive system,Paralytic ileus and intestinal obstruction,16897,472,0.97 [0.89-1.06],0.5295027618521748
CXCL1,Growth-regulated alpha protein,Chapter XI Diseases of the digestive system,"Postprocedural disorders of digestive system, not elsewhere classified",22098,160,1.03 [0.89-1.19],0.721110871950527
CXCL1,Growth-regulated alpha protein,Chapter XI Diseases of the digestive system,Recurring oral aphthae,23651,44,1.01 [0.76-1.34],0.9662371141677564
CXCL1,Growth-regulated alpha protein,Chapter XI Diseases of the digestive system,Stomatitis and related lesions,22806,106,1.06 [0.88-1.27],0.5212539882519198
CXCL1,Growth-regulated alpha protein,Chapter XI Diseases of the digestive system,Toxic colitis,22229,45,0.98 [0.74-1.31],0.916808689726375
CXCL1,Growth-regulated alpha protein,Chapter XI Diseases of the digestive system,Ulcer of oesophagus,18062,297,1.07 [0.96-1.19],0.2161100727455444
CXCL1,Growth-regulated alpha protein,Chapter XI Diseases of the digestive system,Ulcerative colitis,22331,147,1.26 [1.10-1.44],0.0010911263728843
CXCL1,Growth-regulated alpha protein,Chapter XI Diseases of the digestive system,"Ulcerative colitis, NAS",22307,123,1.27 [1.09-1.47],0.0018325360485235
CXCL1,Growth-regulated alpha protein,Chapter XI Diseases of the digestive system,Umbilical hernia,18469,363,0.93 [0.83-1.03],0.1442551961217041
CXCL1,Growth-regulated alpha protein,Chapter XI Diseases of the digestive system,Vascular disorders of the intestines,16582,157,0.88 [0.75-1.04],0.1350128558282622
CXCL1,Growth-regulated alpha protein,Chapter XI Diseases of the digestive system,Ventral hernia,18364,258,1.02 [0.91-1.15],0.7127648525156456
CXCL1,Growth-regulated alpha protein,Chapter XI Diseases of the digestive system,Volvulus,16499,74,0.96 [0.77-1.21],0.7367679567225842
CXCL1,Growth-regulated alpha protein,Chapter XII Diseases of the skin and subcutaneous tissue,Actinic keratosis,23590,331,0.94 [0.84-1.04],0.2349006685299347
CXCL1,Growth-regulated alpha protein,Chapter XII Diseases of the skin and subcutaneous tissue,Arthropathic psoriasis,23352,69,1.13 [0.91-1.40],0.2717150480068929
CXCL1,Growth-regulated alpha protein,Chapter XII Diseases of the skin and subcutaneous tissue,Atrophic disorders of skin,21681,96,1.07 [0.89-1.29],0.4840397416915326
CXCL1,Growth-regulated alpha protein,Chapter XII Diseases of the skin and subcutaneous tissue,Cellulitis,22931,765,1.01 [0.94-1.09],0.7228133125546289
CXCL1,Growth-regulated alpha protein,Chapter XII Diseases of the skin and subcutaneous tissue,"Cutaneous abscess, furuncle and carbuncle",22365,199,1.08 [0.95-1.23],0.2479310366870568
CXCL1,Growth-regulated alpha protein,Chapter XII Diseases of the skin and subcutaneous tissue,Decubitus ulcer and pressure area,22049,464,1.00 [0.92-1.09],0.9930044162434122
CXCL1,Growth-regulated alpha protein,Chapter XII Diseases of the skin and subcutaneous tissue,Dermatitis,23373,268,1.09 [0.98-1.22],0.1273653736338927
CXCL1,Growth-regulated alpha protein,Chapter XII Diseases of the skin and subcutaneous tissue,Dermatitis and eczema,23575,470,1.06 [0.97-1.15],0.1908785789404389
CXCL1,Growth-regulated alpha protein,Chapter XII Diseases of the skin and subcutaneous tissue,Dermatitis due to substances taken internally,23147,42,1.14 [0.87-1.50],0.3450359307895603
CXCL1,Growth-regulated alpha protein,Chapter XII Diseases of the skin and subcutaneous tissue,Diseases of the skin and subcutaneous tissue,22182,3169,1.01 [0.98-1.05],0.5349485697012739
CXCL1,Growth-regulated alpha protein,Chapter XII Diseases of the skin and subcutaneous tissue,Disorders of skin appendages,23216,403,0.93 [0.84-1.02],0.1261479331044873
CXCL1,Growth-regulated alpha protein,Chapter XII Diseases of the skin and subcutaneous tissue,Follicular cysts of skin and subcutaneous tissue,23107,294,0.92 [0.82-1.03],0.1497039217476702
CXCL1,Growth-regulated alpha protein,Chapter XII Diseases of the skin and subcutaneous tissue,Infections of the skin and subcutaneous tissue,23204,1038,1.01 [0.95-1.07],0.7671747106401706
CXCL1,Growth-regulated alpha protein,Chapter XII Diseases of the skin and subcutaneous tissue,"Lichen planus, including avohilmo",23654,29,1.34 [0.99-1.80],0.0554350888270834
CXCL1,Growth-regulated alpha protein,Chapter XII Diseases of the skin and subcutaneous tissue,Lupus erythematosus,21607,22,1.26 [0.88-1.81],0.2154050649574279
CXCL1,Growth-regulated alpha protein,Chapter XII Diseases of the skin and subcutaneous tissue,Nail disorders,22868,55,0.90 [0.68-1.17],0.4248566883250778
CXCL1,Growth-regulated alpha protein,Chapter XII Diseases of the skin and subcutaneous tissue,Other and unspecified dermatitis,23368,263,1.09 [0.97-1.22],0.1450372269604187
CXCL1,Growth-regulated alpha protein,Chapter XII Diseases of the skin and subcutaneous tissue,Other and unspecified disorders of skin and subcutaneous tissue,22061,476,0.89 [0.82-0.98],0.0162011516274637
CXCL1,Growth-regulated alpha protein,Chapter XII Diseases of the skin and subcutaneous tissue,Other and unspecified epidermal thickening,21664,79,0.90 [0.72-1.13],0.3578861650461813
CXCL1,Growth-regulated alpha protein,Chapter XII Diseases of the skin and subcutaneous tissue,Other and unspecified erythematous conditions,23599,80,1.09 [0.89-1.34],0.4030932915662164
CXCL1,Growth-regulated alpha protein,Chapter XII Diseases of the skin and subcutaneous tissue,Other and unspecified local infections of skin and subcutaneous tissue,22385,219,1.09 [0.96-1.23],0.1870049147148929
CXCL1,Growth-regulated alpha protein,Chapter XII Diseases of the skin and subcutaneous tissue,Other and unspecified psoriasis,23497,214,1.00 [0.88-1.15],0.9413931740113012
CXCL1,Growth-regulated alpha protein,Chapter XII Diseases of the skin and subcutaneous tissue,Other contact dermatitis,23177,72,0.94 [0.75-1.19],0.6264559270808168
CXCL1,Growth-regulated alpha protein,Chapter XII Diseases of the skin and subcutaneous tissue,Other disorders of pigmentation,21651,66,0.97 [0.76-1.23],0.7879958250889253
CXCL1,Growth-regulated alpha protein,Chapter XII Diseases of the skin and subcutaneous tissue,Other disorders of skin and subcutaneous tissue,23208,1623,1.01 [0.96-1.05],0.7912746205614071
CXCL1,Growth-regulated alpha protein,Chapter XII Diseases of the skin and subcutaneous tissue,"Other disorders of skin and subcutaneous tissue, not elsewhere classified",22102,517,0.90 [0.82-0.98],0.0179345427623222
CXCL1,Growth-regulated alpha protein,Chapter XII Diseases of the skin and subcutaneous tissue,Other epidermal thickening,21667,82,0.92 [0.74-1.15],0.4698958850857055
CXCL1,Growth-regulated alpha protein,Chapter XII Diseases of the skin and subcutaneous tissue,Papulosquamous disorders,23576,293,1.08 [0.97-1.21],0.137308876981851
CXCL1,Growth-regulated alpha protein,Chapter XII Diseases of the skin and subcutaneous tissue,Pruritus,23159,54,1.04 [0.81-1.35],0.74481100276931
CXCL1,Growth-regulated alpha protein,Chapter XII Diseases of the skin and subcutaneous tissue,Psoriasis,23541,258,1.05 [0.93-1.18],0.408055918296188
CXCL1,Growth-regulated alpha protein,Chapter XII Diseases of the skin and subcutaneous tissue,Radiation-related disorders of the skin and subcutaneous tissue,23610,351,0.92 [0.83-1.02],0.11762624983535
CXCL1,Growth-regulated alpha protein,Chapter XII Diseases of the skin and subcutaneous tissue,Scar conditions and fibrosis of skin,21674,89,1.10 [0.91-1.33],0.3347978008472206
CXCL1,Growth-regulated alpha protein,Chapter XII Diseases of the skin and subcutaneous tissue,Seborrhoeic keratosis,21855,270,0.95 [0.84-1.07],0.368285854997222
CXCL1,Growth-regulated alpha protein,Chapter XII Diseases of the skin and subcutaneous tissue,Skin changes due to chronic exposure to nonionizing radiation,23603,344,0.92 [0.83-1.02],0.1290435913684386
CXCL1,Growth-regulated alpha protein,Chapter XII Diseases of the skin and subcutaneous tissue,"Ulcer of lower limb, not elsewhere classified",21854,269,1.13 [1.01-1.26],0.0351043917337801
CXCL1,Growth-regulated alpha protein,Chapter XII Diseases of the skin and subcutaneous tissue,Urticaria and erythema,23640,121,1.06 [0.90-1.26],0.4739703333072489
CXCL1,Growth-regulated alpha protein,Chapter XIII Diseases of the musculoskeletal system and connective tissue,Adhesive capsulitis of shoulder,20437,91,1.11 [0.92-1.35],0.2624463955290922
CXCL1,Growth-regulated alpha protein,Chapter XIII Diseases of the musculoskeletal system and connective tissue,Arthropathies,21595,4756,1.02 [1.00-1.05],0.0800291605280505
CXCL1,Growth-regulated alpha protein,Chapter XIII Diseases of the musculoskeletal system and connective tissue,Arthrosis,20190,3351,1.03 [1.00-1.06],0.0761039118643535
CXCL1,Growth-regulated alpha protein,Chapter XIII Diseases of the musculoskeletal system and connective tissue,Bursitis of shoulder,20417,71,0.99 [0.79-1.24],0.9098958996435804
CXCL1,Growth-regulated alpha protein,Chapter XIII Diseases of the musculoskeletal system and connective tissue,Cervical disc disorders,20769,150,0.99 [0.85-1.16],0.9033182173446592
CXCL1,Growth-regulated alpha protein,Chapter XIII Diseases of the musculoskeletal system and connective tissue,Cervicalgia,20764,145,1.08 [0.92-1.26],0.3436416781761615
CXCL1,Growth-regulated alpha protein,Chapter XIII Diseases of the musculoskeletal system and connective tissue,Chondropathies,23460,68,0.95 [0.75-1.20],0.658058540853223
CXCL1,Growth-regulated alpha protein,Chapter XIII Diseases of the musculoskeletal system and connective tissue,"Collapsed vertebra, not elsewhere classified",20699,80,0.99 [0.80-1.23],0.938104080107953
CXCL1,Growth-regulated alpha protein,Chapter XIII Diseases of the musculoskeletal system and connective tissue,Coxarthrosis,17702,863,1.05 [0.98-1.11],0.1683986511857511
CXCL1,Growth-regulated alpha protein,Chapter XIII Diseases of the musculoskeletal system and connective tissue,"Coxarthrosis, primary",23549,148,1.04 [0.90-1.22],0.581643830767673
CXCL1,Growth-regulated alpha protein,Chapter XIII Diseases of the musculoskeletal system and connective tissue,Deforming dorsopathies,20891,272,1.00 [0.89-1.12],0.9829795628110956
CXCL1,Growth-regulated alpha protein,Chapter XIII Diseases of the musculoskeletal system and connective tissue,Diseases of the musculoskeletal system and connective tissue,20142,6230,1.02 [1.00-1.05],0.04746580992386
CXCL1,Growth-regulated alpha protein,Chapter XIII Diseases of the musculoskeletal system and connective tissue,Disorders of continuity of bone,22602,89,0.88 [0.71-1.09],0.2513165967482452
CXCL1,Growth-regulated alpha protein,Chapter XIII Diseases of the musculoskeletal system and connective tissue,Disorders of muscles,20513,167,0.88 [0.75-1.03],0.0997689968917548
CXCL1,Growth-regulated alpha protein,Chapter XIII Diseases of the musculoskeletal system and connective tissue,Disorders of synovium and tendon,20774,428,0.99 [0.90-1.09],0.8197997003896
CXCL1,Growth-regulated alpha protein,Chapter XIII Diseases of the musculoskeletal system and connective tissue,Dorsopathies,22848,2229,1.00 [0.96-1.04],0.9833544935428482
CXCL1,Growth-regulated alpha protein,Chapter XIII Diseases of the musculoskeletal system and connective tissue,Fibroblastic disorders,20708,362,0.97 [0.88-1.07],0.5686156195056846
CXCL1,Growth-regulated alpha protein,Chapter XIII Diseases of the musculoskeletal system and connective tissue,Fibromyalgia,20399,53,1.25 [0.99-1.57],0.0576739294874622
CXCL1,Growth-regulated alpha protein,Chapter XIII Diseases of the musculoskeletal system and connective tissue,Ganglion,20438,92,0.88 [0.72-1.09],0.2362918041380318
CXCL1,Growth-regulated alpha protein,Chapter XIII Diseases of the musculoskeletal system and connective tissue,Giant cell arteritis,23349,32,1.43 [1.10-1.85],0.0071926850111956
CXCL1,Growth-regulated alpha protein,Chapter XIII Diseases of the musculoskeletal system and connective tissue,Gonarthrosis,18294,1455,1.02 [0.97-1.07],0.4542942346483325
CXCL1,Growth-regulated alpha protein,Chapter XIII Diseases of the musculoskeletal system and connective tissue,Gout,17818,979,1.09 [1.03-1.16],0.0026559679663841
CXCL1,Growth-regulated alpha protein,Chapter XIII Diseases of the musculoskeletal system and connective tissue,"Gout, unspecified",23524,965,1.10 [1.04-1.17],0.0015607026261368
CXCL1,Growth-regulated alpha protein,Chapter XIII Diseases of the musculoskeletal system and connective tissue,Hallux rigidus,16885,46,0.85 [0.63-1.16],0.3097359876539675
CXCL1,Growth-regulated alpha protein,Chapter XIII Diseases of the musculoskeletal system and connective tissue,Hallux valgus (acquired),16919,80,1.06 [0.87-1.31],0.5546451613946662
CXCL1,Growth-regulated alpha protein,Chapter XIII Diseases of the musculoskeletal system and connective tissue,Impingement syndrome of shoulder,20620,274,0.96 [0.85-1.08],0.4982478871339192
CXCL1,Growth-regulated alpha protein,Chapter XIII Diseases of the musculoskeletal system and connective tissue,Internal derangement of knee,17460,621,0.99 [0.92-1.07],0.8257587496166519
CXCL1,Growth-regulated alpha protein,Chapter XIII Diseases of the musculoskeletal system and connective tissue,Kyphosis,20662,43,1.17 [0.90-1.52],0.2506115119533981
CXCL1,Growth-regulated alpha protein,Chapter XIII Diseases of the musculoskeletal system and connective tissue,Low back pain,21148,529,1.01 [0.93-1.10],0.8281499143704073
CXCL1,Growth-regulated alpha protein,Chapter XIII Diseases of the musculoskeletal system and connective tissue,Lumbar disc prolapse,20885,266,0.99 [0.88-1.11],0.827921243537072
CXCL1,Growth-regulated alpha protein,Chapter XIII Diseases of the musculoskeletal system and connective tissue,Meniscus derangement,17418,579,0.98 [0.91-1.07],0.6877841269923224
CXCL1,Growth-regulated alpha protein,Chapter XIII Diseases of the musculoskeletal system and connective tissue,Myalgia,20409,63,1.00 [0.78-1.26],0.970185113158728
CXCL1,Growth-regulated alpha protein,Chapter XIII Diseases of the musculoskeletal system and connective tissue,"Neuralgia and neuritis, unspecified",20399,53,0.97 [0.74-1.26],0.7951118422598022
CXCL1,Growth-regulated alpha protein,Chapter XIII Diseases of the musculoskeletal system and connective tissue,Osteomyelitis,22606,93,1.12 [0.93-1.36],0.2313288857094275
CXCL1,Growth-regulated alpha protein,Chapter XIII Diseases of the musculoskeletal system and connective tissue,Osteopathies and chondropathies,23375,862,0.96 [0.90-1.03],0.277524812905629
CXCL1,Growth-regulated alpha protein,Chapter XIII Diseases of the musculoskeletal system and connective tissue,Osteoporosis,22917,404,0.95 [0.86-1.05],0.2921197256804714
CXCL1,Growth-regulated alpha protein,Chapter XIII Diseases of the musculoskeletal system and connective tissue,"Other (seronegative) rheumatoid arthritis, wide",23580,286,1.00 [0.89-1.12],0.9852541683521298
CXCL1,Growth-regulated alpha protein,Chapter XIII Diseases of the musculoskeletal system and connective tissue,Other arthrosis,18713,1874,1.04 [0.99-1.08],0.1141133400017852
CXCL1,Growth-regulated alpha protein,Chapter XIII Diseases of the musculoskeletal system and connective tissue,Other articular cartilage disorders,16891,52,0.79 [0.59-1.06],0.1235394502067196
CXCL1,Growth-regulated alpha protein,Chapter XIII Diseases of the musculoskeletal system and connective tissue,Other bursopathies,20429,83,1.06 [0.86-1.29],0.6000844235748242
CXCL1,Growth-regulated alpha protein,Chapter XIII Diseases of the musculoskeletal system and connective tissue,Other crystal arthropathies,16894,55,1.04 [0.81-1.35],0.7461514722660231
CXCL1,Growth-regulated alpha protein,Chapter XIII Diseases of the musculoskeletal system and connective tissue,Other deformities of toe(s),16883,44,0.71 [0.51-0.98],0.0389022470756666
CXCL1,Growth-regulated alpha protein,Chapter XIII Diseases of the musculoskeletal system and connective tissue,Other disorders of bone,22700,187,0.89 [0.77-1.03],0.117701592601003
CXCL1,Growth-regulated alpha protein,Chapter XIII Diseases of the musculoskeletal system and connective tissue,Other disorders of bone density and structure,22673,160,1.01 [0.87-1.18],0.8636319490982278
CXCL1,Growth-regulated alpha protein,Chapter XIII Diseases of the musculoskeletal system and connective tissue,Other disorders of the musculoskeletal system and connective tissue,23629,85,1.06 [0.86-1.29],0.5966439690678895
CXCL1,Growth-regulated alpha protein,Chapter XIII Diseases of the musculoskeletal system and connective tissue,"Other dorsopathies, not elsewhere classified",22138,1519,0.99 [0.95-1.04],0.8366264532084078
CXCL1,Growth-regulated alpha protein,Chapter XIII Diseases of the musculoskeletal system and connective tissue,Other enthesopathies,20412,66,1.09 [0.87-1.36],0.4666157020703876
CXCL1,Growth-regulated alpha protein,Chapter XIII Diseases of the musculoskeletal system and connective tissue,Other hammer toe(s) (acquired),16880,41,1.07 [0.80-1.43],0.6525386913165503
CXCL1,Growth-regulated alpha protein,Chapter XIII Diseases of the musculoskeletal system and connective tissue,Other intervertebral disc disorders,21236,617,0.96 [0.89-1.04],0.3463593041705847
CXCL1,Growth-regulated alpha protein,Chapter XIII Diseases of the musculoskeletal system and connective tissue,Other joint disorders,18542,1703,0.99 [0.94-1.03],0.5436577861257111
CXCL1,Growth-regulated alpha protein,Chapter XIII Diseases of the musculoskeletal system and connective tissue,Other necrotizing vasculopathies,23374,57,1.25 [1.00-1.56],0.0481508522985323
CXCL1,Growth-regulated alpha protein,Chapter XIII Diseases of the musculoskeletal system and connective tissue,Other psoriatic arthropathies,23647,63,1.12 [0.89-1.40],0.338001320098876
CXCL1,Growth-regulated alpha protein,Chapter XIII Diseases of the musculoskeletal system and connective tissue,Other shoulder lesions,20426,80,0.98 [0.79-1.22],0.8770712445061811
CXCL1,Growth-regulated alpha protein,Chapter XIII Diseases of the musculoskeletal system and connective tissue,"Other soft tissue disorders, not elsewhere classified",21322,976,1.01 [0.95-1.07],0.8392312383859303
CXCL1,Growth-regulated alpha protein,Chapter XIII Diseases of the musculoskeletal system and connective tissue,Other specified disorders of muscle,20442,96,0.88 [0.71-1.07],0.2035097772754802
CXCL1,Growth-regulated alpha protein,Chapter XIII Diseases of the musculoskeletal system and connective tissue,Other specified/unspecified arthritis,18037,1198,1.03 [0.98-1.09],0.2923775495518728
CXCL1,Growth-regulated alpha protein,Chapter XIII Diseases of the musculoskeletal system and connective tissue,Other specified/unspecified disorders of  bone/cartilage,22598,85,0.86 [0.69-1.08],0.1949789948182872
CXCL1,Growth-regulated alpha protein,Chapter XIII Diseases of the musculoskeletal system and connective tissue,Other specified/unspecified disorders of synovium and tendon +Other specified/unspecified bursopathies,20391,45,1.14 [0.87-1.49],0.3312062595060696
CXCL1,Growth-regulated alpha protein,Chapter XIII Diseases of the musculoskeletal system and connective tissue,Other specified/unspecified inflammatory spondylopathies,20728,109,0.95 [0.79-1.15],0.6197348521012622
CXCL1,Growth-regulated alpha protein,Chapter XIII Diseases of the musculoskeletal system and connective tissue,Other specified/unspecified soft tissue disorders,20848,502,0.95 [0.87-1.03],0.2209109168411818
CXCL1,Growth-regulated alpha protein,Chapter XIII Diseases of the musculoskeletal system and connective tissue,Other systemic involvement of connective tissue,23508,191,1.13 [1.00-1.29],0.0592483363184145
CXCL1,Growth-regulated alpha protein,Chapter XIII Diseases of the musculoskeletal system and connective tissue,Other/unspecified dorsalgia,21095,476,1.07 [0.98-1.16],0.1215768505346278
CXCL1,Growth-regulated alpha protein,Chapter XIII Diseases of the musculoskeletal system and connective tissue,Other/unspecified rheumatoid arthritis,23589,280,1.01 [0.90-1.13],0.9035989124709534
CXCL1,Growth-regulated alpha protein,Chapter XIII Diseases of the musculoskeletal system and connective tissue,Other/unspecified seropositive rheumatoid arthritis,23649,38,1.07 [0.80-1.44],0.6312270516126874
CXCL1,Growth-regulated alpha protein,Chapter XIII Diseases of the musculoskeletal system and connective tissue,Other/unspecified synovitis and tenosynovitis,20496,150,0.88 [0.75-1.04],0.1354507398214389
CXCL1,Growth-regulated alpha protein,Chapter XIII Diseases of the musculoskeletal system and connective tissue,Pain in joint,19399,570,1.02 [0.94-1.10],0.6701409489574814
CXCL1,Growth-regulated alpha protein,Chapter XIII Diseases of the musculoskeletal system and connective tissue,Pain in limb,20824,478,1.01 [0.93-1.10],0.802061771349871
CXCL1,Growth-regulated alpha protein,Chapter XIII Diseases of the musculoskeletal system and connective tissue,Palmar fascial fibromatosis [Dupuytren],20674,328,0.97 [0.87-1.08],0.5793846859346103
CXCL1,Growth-regulated alpha protein,Chapter XIII Diseases of the musculoskeletal system and connective tissue,"Polyarthritis, unspecified",16869,30,1.41 [1.07-1.86],0.0157341378496425
CXCL1,Growth-regulated alpha protein,Chapter XIII Diseases of the musculoskeletal system and connective tissue,Polyarthropathies,19099,2260,1.05 [1.01-1.09],0.0134250003560739
CXCL1,Growth-regulated alpha protein,Chapter XIII Diseases of the musculoskeletal system and connective tissue,Polyarthrosis,17290,451,1.00 [0.92-1.10],0.9683717842534176
CXCL1,Growth-regulated alpha protein,Chapter XIII Diseases of the musculoskeletal system and connective tissue,Polymyalgia rheumatica,23477,160,1.12 [0.97-1.29],0.1239749155090099
CXCL1,Growth-regulated alpha protein,Chapter XIII Diseases of the musculoskeletal system and connective tissue,"Postprocedural musculoskeletal disorders, not elsewhere classified",23591,47,0.88 [0.66-1.18],0.4034553109823939
CXCL1,Growth-regulated alpha protein,Chapter XIII Diseases of the musculoskeletal system and connective tissue,"Primary gonarthrosis, bilateral",21690,44,1.11 [0.85-1.46],0.4511599444513043
CXCL1,Growth-regulated alpha protein,Chapter XIII Diseases of the musculoskeletal system and connective tissue,Psoriatic arthropathies,16904,65,1.14 [0.91-1.43],0.2433243532870925
CXCL1,Growth-regulated alpha protein,Chapter XIII Diseases of the musculoskeletal system and connective tissue,Radiculopathy,20706,87,1.03 [0.84-1.26],0.7566456610624805
CXCL1,Growth-regulated alpha protein,Chapter XIII Diseases of the musculoskeletal system and connective tissue,Rheumatoid arthritis,17133,294,1.00 [0.89-1.12],0.9864294938741212
CXCL1,Growth-regulated alpha protein,Chapter XIII Diseases of the musculoskeletal system and connective tissue,Rotator cuff syndrome,20625,279,1.06 [0.95-1.19],0.2668326669038875
CXCL1,Growth-regulated alpha protein,Chapter XIII Diseases of the musculoskeletal system and connective tissue,Sciatica+with lumbago,20834,215,0.98 [0.86-1.12],0.816236860949876
CXCL1,Growth-regulated alpha protein,Chapter XIII Diseases of the musculoskeletal system and connective tissue,Scoliosis,20712,93,0.84 [0.68-1.04],0.1010834664177211
CXCL1,Growth-regulated alpha protein,Chapter XIII Diseases of the musculoskeletal system and connective tissue,Seronegative rheumatoid arthritis,18786,31,1.10 [0.79-1.53],0.5678109462601904
CXCL1,Growth-regulated alpha protein,Chapter XIII Diseases of the musculoskeletal system and connective tissue,"Seropositive rheumatoid arthritis, wide",23650,39,1.08 [0.81-1.44],0.6130038321763707
CXCL1,Growth-regulated alpha protein,Chapter XIII Diseases of the musculoskeletal system and connective tissue,Shoulder lesions,20875,529,1.02 [0.94-1.10],0.709118883152586
CXCL1,Growth-regulated alpha protein,Chapter XIII Diseases of the musculoskeletal system and connective tissue,Sicca syndrome [Sjgren],23337,20,0.83 [0.53-1.31],0.42677442242871
CXCL1,Growth-regulated alpha protein,Chapter XIII Diseases of the musculoskeletal system and connective tissue,Soft tissue disorders,22597,2251,1.00 [0.96-1.05],0.8418181438685801
CXCL1,Growth-regulated alpha protein,Chapter XIII Diseases of the musculoskeletal system and connective tissue,"Soft tissue disorders related to use, overuse and pressure",20451,105,1.03 [0.86-1.24],0.756228494556369
CXCL1,Growth-regulated alpha protein,Chapter XIII Diseases of the musculoskeletal system and connective tissue,Spinal stenosis,21124,505,0.95 [0.88-1.04],0.2935723053729717
CXCL1,Growth-regulated alpha protein,Chapter XIII Diseases of the musculoskeletal system and connective tissue,Spondyloarthritis,22603,196,0.95 [0.82-1.09],0.4319866845206607
CXCL1,Growth-regulated alpha protein,Chapter XIII Diseases of the musculoskeletal system and connective tissue,Spondylolisthesis/Spondylolysis,20748,129,0.98 [0.82-1.16],0.7791514705553337
CXCL1,Growth-regulated alpha protein,Chapter XIII Diseases of the musculoskeletal system and connective tissue,Spondylopathies,21931,1312,1.00 [0.95-1.06],0.8632346449581869
CXCL1,Growth-regulated alpha protein,Chapter XIII Diseases of the musculoskeletal system and connective tissue,Spondylosis,21440,821,1.02 [0.95-1.09],0.5836877579050316
CXCL1,Growth-regulated alpha protein,Chapter XIII Diseases of the musculoskeletal system and connective tissue,Synovial cyst of popliteal space [Baker],20389,43,1.06 [0.80-1.41],0.6633954380009638
CXCL1,Growth-regulated alpha protein,Chapter XIII Diseases of the musculoskeletal system and connective tissue,Systemic lupus erythematosus,23355,38,1.37 [1.06-1.77],0.0148581558445484
CXCL1,Growth-regulated alpha protein,Chapter XIII Diseases of the musculoskeletal system and connective tissue,Trigger finger,20461,115,1.09 [0.92-1.30],0.2986571952969148
CXCL1,Growth-regulated alpha protein,Chapter XIII Diseases of the musculoskeletal system and connective tissue,Trochanteric bursitis,20369,23,0.75 [0.48-1.18],0.2089744850885204
CXCL1,Growth-regulated alpha protein,Chapter XIII Diseases of the musculoskeletal system and connective tissue,Wrist or foot drop (acquired),16899,60,0.89 [0.69-1.15],0.3824877342865068
CXCL1,Growth-regulated alpha protein,Chapter XIV Diseases of the genitourinary system,Acute renal failure,22655,1855,1.03 [0.98-1.07],0.2271605131203841
CXCL1,Growth-regulated alpha protein,Chapter XIV Diseases of the genitourinary system,Calculus of kidney and ureter,23188,401,0.97 [0.88-1.07],0.4912505171558066
CXCL1,Growth-regulated alpha protein,Chapter XIV Diseases of the genitourinary system,Calculus of lower urinary tract,22922,135,1.04 [0.88-1.22],0.6338885580596982
CXCL1,Growth-regulated alpha protein,Chapter XIV Diseases of the genitourinary system,Chronic kidney disease,22349,1549,1.02 [0.97-1.07],0.4507991089980909
CXCL1,Growth-regulated alpha protein,Chapter XIV Diseases of the genitourinary system,Chronic nephritic syndrome,23411,85,1.02 [0.83-1.25],0.8300701508637743
CXCL1,Growth-regulated alpha protein,Chapter XIV Diseases of the genitourinary system,Cyst of kidney,23383,362,0.98 [0.89-1.09],0.7162968844828204
CXCL1,Growth-regulated alpha protein,Chapter XIV Diseases of the genitourinary system,Cystitis,20802,211,1.02 [0.90-1.16],0.7719919933632208
CXCL1,Growth-regulated alpha protein,Chapter XIV Diseases of the genitourinary system,Dialysis,20905,105,1.06 [0.88-1.26],0.5499666169463662
CXCL1,Growth-regulated alpha protein,Chapter XIV Diseases of the genitourinary system,Diseases of male genital organs,22384,3298,0.98 [0.95-1.01],0.1746162087435277
CXCL1,Growth-regulated alpha protein,Chapter XIV Diseases of the genitourinary system,Genitourinary diseases,21300,5550,0.98 [0.96-1.01],0.1527786928849385
CXCL1,Growth-regulated alpha protein,Chapter XIV Diseases of the genitourinary system,Glomerular disorders in diseases classified elsewhere,23429,103,1.15 [0.97-1.37],0.116333895562665
CXCL1,Growth-regulated alpha protein,Chapter XIV Diseases of the genitourinary system,Hydrocele,19292,206,0.99 [0.87-1.13],0.8696087761236178
CXCL1,Growth-regulated alpha protein,Chapter XIV Diseases of the genitourinary system,Hydronephrosis,20904,369,1.06 [0.96-1.17],0.2313231765910363
CXCL1,Growth-regulated alpha protein,Chapter XIV Diseases of the genitourinary system,Hyperplasia of prostate,21685,2599,0.98 [0.95-1.02],0.312782873558668
CXCL1,Growth-regulated alpha protein,Chapter XIV Diseases of the genitourinary system,Inflammatory diseases of prostate (prostatitis),19318,232,0.84 [0.74-0.96],0.0109195679793229
CXCL1,Growth-regulated alpha protein,Chapter XIV Diseases of the genitourinary system,Neuromuscular dysfunction of bladder,20669,78,0.88 [0.70-1.10],0.2684452503956167
CXCL1,Growth-regulated alpha protein,Chapter XIV Diseases of the genitourinary system,Orchitis and epididymitis,19194,108,0.99 [0.83-1.19],0.947104482718082
CXCL1,Growth-regulated alpha protein,Chapter XIV Diseases of the genitourinary system,"Other chronic cystitis, drug-induced",23652,61,1.06 [0.83-1.34],0.6439851436287032
CXCL1,Growth-regulated alpha protein,Chapter XIV Diseases of the genitourinary system,"Other cystitis, drug-induced",23657,58,0.92 [0.71-1.19],0.5257670235112142
CXCL1,Growth-regulated alpha protein,Chapter XIV Diseases of the genitourinary system,Other diseases of urinary system,22833,2242,0.98 [0.94-1.02],0.4257568851076426
CXCL1,Growth-regulated alpha protein,Chapter XIV Diseases of the genitourinary system,Other disorders of  bladder,21541,950,0.99 [0.93-1.05],0.7288784955668753
CXCL1,Growth-regulated alpha protein,Chapter XIV Diseases of the genitourinary system,Other disorders of kidney and ureter,23588,567,1.01 [0.93-1.09],0.8205090597622569
CXCL1,Growth-regulated alpha protein,Chapter XIV Diseases of the genitourinary system,Other disorders of male genital organs,19390,304,0.95 [0.85-1.06],0.34523045791288
CXCL1,Growth-regulated alpha protein,Chapter XIV Diseases of the genitourinary system,Other disorders of penis,19362,276,0.93 [0.82-1.04],0.2093393965279062
CXCL1,Growth-regulated alpha protein,Chapter XIV Diseases of the genitourinary system,Other disorders of prostate,19315,229,1.03 [0.91-1.17],0.6051483169588046
CXCL1,Growth-regulated alpha protein,Chapter XIV Diseases of the genitourinary system,Other disorders of the genitourinary system,23648,49,1.23 [0.97-1.56],0.093329077831167
CXCL1,Growth-regulated alpha protein,Chapter XIV Diseases of the genitourinary system,Other disorders of urethra and urinary system,22116,1525,1.00 [0.95-1.05],0.9330907372447764
CXCL1,Growth-regulated alpha protein,Chapter XIV Diseases of the genitourinary system,Other obstructive and reflux uropathy,20950,415,1.04 [0.94-1.14],0.4532235749899284
CXCL1,Growth-regulated alpha protein,Chapter XIV Diseases of the genitourinary system,Other specified disorders of kidney and ureter,23211,190,1.01 [0.88-1.16],0.8386335515496933
CXCL1,Growth-regulated alpha protein,Chapter XIV Diseases of the genitourinary system,Recurrent and persistent haematuria,23385,59,1.09 [0.86-1.38],0.4783942841484632
CXCL1,Growth-regulated alpha protein,Chapter XIV Diseases of the genitourinary system,"Redundant prepuce, phimosis and paraphimosis",19351,265,0.97 [0.86-1.10],0.6645876448008555
CXCL1,Growth-regulated alpha protein,Chapter XIV Diseases of the genitourinary system,Renal tubulo-interstitial diseases,23364,2829,1.02 [0.98-1.06],0.3001805543123815
CXCL1,Growth-regulated alpha protein,Chapter XIV Diseases of the genitourinary system,"Tubulo-interstitial nephritis, not specified as acute or chronic",20608,73,0.96 [0.77-1.21],0.7402680136577433
CXCL1,Growth-regulated alpha protein,Chapter XIV Diseases of the genitourinary system,Unspecified kidney failure,20956,156,0.91 [0.78-1.07],0.257706589373238
CXCL1,Growth-regulated alpha protein,Chapter XIV Diseases of the genitourinary system,Unspecified renal colic,22864,77,0.92 [0.73-1.16],0.4731639567614405
CXCL1,Growth-regulated alpha protein,Chapter XIV Diseases of the genitourinary system,Urethral stricture,20888,297,1.01 [0.91-1.13],0.8491907188980492
CXCL1,Growth-regulated alpha protein,Chapter XIV Diseases of the genitourinary system,Urolithiasis,23305,518,0.96 [0.88-1.04],0.3036282778369281
