Protein,Protein_definition,Disease_category,Disease,NB_individual,NB_case,HR[95%CI],P_value
TMPRSS11D,Transmembrane protease serine 11D,Chapter I Certain infectious and parasitic diseases,"Bacterial intestinal infections, IBD co-morbidities",20354,153,1.48 [1.04-2.10],0.030784383996206
TMPRSS11D,Transmembrane protease serine 11D,Chapter I Certain infectious and parasitic diseases,"Bacterial, viral and other infectious agents",20140,1166,1.41 [1.23-1.61],4.457521754424729e-07
TMPRSS11D,Transmembrane protease serine 11D,Chapter I Certain infectious and parasitic diseases,Candidiasis,20364,308,1.47 [1.15-1.88],0.0019433503661388
TMPRSS11D,Transmembrane protease serine 11D,Chapter I Certain infectious and parasitic diseases,Certain infectious and parasitic diseases,19759,2888,1.26 [1.16-1.38],2.882744134402694e-07
TMPRSS11D,Transmembrane protease serine 11D,Chapter I Certain infectious and parasitic diseases,Condition for Implicit Sepsis (Organ dysfunction codes),19755,2925,1.45 [1.34-1.58],3.77716487062817e-18
TMPRSS11D,Transmembrane protease serine 11D,Chapter I Certain infectious and parasitic diseases,Diarrhoea and gastroenteritis of presumed infectious origin,20184,875,1.28 [1.09-1.50],0.0025934066258556
TMPRSS11D,Transmembrane protease serine 11D,Chapter I Certain infectious and parasitic diseases,Explicit Sepsis,18478,908,1.38 [1.18-1.60],4.366213251843374e-05
TMPRSS11D,Transmembrane protease serine 11D,Chapter I Certain infectious and parasitic diseases,Implicit bacterial Sepsis,17811,994,1.55 [1.35-1.78],2.481924781964771e-10
TMPRSS11D,Transmembrane protease serine 11D,Chapter I Certain infectious and parasitic diseases,Implicit fungal Sepsis,17633,204,1.84 [1.36-2.47],6.030939289773396e-05
TMPRSS11D,Transmembrane protease serine 11D,Chapter I Certain infectious and parasitic diseases,Implicit Sepsis,14329,1901,1.38 [1.24-1.53],1.695012824195489e-09
TMPRSS11D,Transmembrane protease serine 11D,Chapter I Certain infectious and parasitic diseases,Implicit viral Sepsis,17573,335,1.93 [1.53-2.43],2.8333802652759728e-08
TMPRSS11D,Transmembrane protease serine 11D,Chapter I Certain infectious and parasitic diseases,Intestinal infectious diseases,20355,1046,1.24 [1.07-1.44],0.0040833180692285
TMPRSS11D,Transmembrane protease serine 11D,Chapter I Certain infectious and parasitic diseases,Mycoses,20441,385,1.48 [1.19-1.84],0.0005093815692206
TMPRSS11D,Transmembrane protease serine 11D,Chapter I Certain infectious and parasitic diseases,Other bacterial agents as the cause of diseases classified to other chapters,19705,731,1.47 [1.24-1.73],5.443124532849605e-06
TMPRSS11D,Transmembrane protease serine 11D,Chapter I Certain infectious and parasitic diseases,Other bacterial diseases,20376,1001,1.29 [1.12-1.50],0.0005400106168906
TMPRSS11D,Transmembrane protease serine 11D,Chapter I Certain infectious and parasitic diseases,Other bacterial intestinal infections,19464,155,1.46 [1.02-2.09],0.0389356657893765
TMPRSS11D,Transmembrane protease serine 11D,Chapter I Certain infectious and parasitic diseases,Other septicaemia,20248,873,1.31 [1.12-1.53],0.0007339042500549
TMPRSS11D,Transmembrane protease serine 11D,Chapter I Certain infectious and parasitic diseases,Other viral diseases,20414,101,1.72 [1.13-2.61],0.0113276084878254
TMPRSS11D,Transmembrane protease serine 11D,Chapter I Certain infectious and parasitic diseases,"Other viral diseases, not elsewhere classified",20399,86,1.78 [1.14-2.78],0.0105245978358255
TMPRSS11D,Transmembrane protease serine 11D,Chapter I Certain infectious and parasitic diseases,Streptococcus and staphylococcus as the cause of diseases classified to other chapters,19376,402,1.46 [1.17-1.84],0.0009627388234379
TMPRSS11D,Transmembrane protease serine 11D,Chapter I Certain infectious and parasitic diseases,Viral agents as the cause of diseases classified to other chapters,19212,238,1.46 [1.09-1.96],0.0108104386838587
TMPRSS11D,Transmembrane protease serine 11D,Chapter I Certain infectious and parasitic diseases,Viral infections characterized by skin and mucous membrane lesions,20425,127,1.53 [1.05-2.24],0.0285723369310511
TMPRSS11D,Transmembrane protease serine 11D,Chapter II Neoplasms,Benign neoplasm of meninges,20474,27,2.24 [1.14-4.39],0.0189338809266764
TMPRSS11D,Transmembrane protease serine 11D,Chapter II Neoplasms,Benign neoplasm of other and ill-defined parts of digestive system,20422,59,2.30 [1.48-3.56],0.0002027138684171
TMPRSS11D,Transmembrane protease serine 11D,Chapter II Neoplasms,Benign neoplasm of other and unspecified endocrine glands,20461,66,1.71 [1.03-2.84],0.038568467437131
TMPRSS11D,Transmembrane protease serine 11D,Chapter II Neoplasms,"Diffuse large B-cell lymphoma, excluding all cancers (controls excluding all cancers)",15946,62,0.48 [0.27-0.84],0.0107217761835424
TMPRSS11D,Transmembrane protease serine 11D,Chapter II Neoplasms,Lung cancer and mesothelioma,13648,306,1.95 [1.56-2.44],5.965821322555542e-09
TMPRSS11D,Transmembrane protease serine 11D,Chapter II Neoplasms,Lymphoid leukaemia,15942,58,0.50 [0.27-0.93],0.0291310150750909
TMPRSS11D,Transmembrane protease serine 11D,Chapter II Neoplasms,"Non-small cell lung cancer, excluding all cancers (controls excluding all cancers)",16080,196,1.56 [1.21-2.01],0.0005611988004357
TMPRSS11D,Transmembrane protease serine 11D,Chapter III Diseases of the blood and blood-forming organs and certain disorders involving the immune mechanism,Anaemia in chronic diseases classified elsewhere,19024,66,2.37 [1.70-3.31],3.561650641798319e-07
TMPRSS11D,Transmembrane protease serine 11D,Chapter III Diseases of the blood and blood-forming organs and certain disorders involving the immune mechanism,Diseases of the blood and blood-forming organs and certain disorders involving the immune mechanism,20030,2319,1.31 [1.19-1.44],7.873028887603058e-08
TMPRSS11D,Transmembrane protease serine 11D,Chapter III Diseases of the blood and blood-forming organs and certain disorders involving the immune mechanism,Folate deficiency anaemia,19432,53,2.20 [1.47-3.30],0.000129235357592
TMPRSS11D,Transmembrane protease serine 11D,Chapter III Diseases of the blood and blood-forming organs and certain disorders involving the immune mechanism,Other anaemias,20181,1223,1.31 [1.14-1.49],8.894890119191905e-05
TMPRSS11D,Transmembrane protease serine 11D,Chapter III Diseases of the blood and blood-forming organs and certain disorders involving the immune mechanism,Other and unspecified anaemias,20179,1221,1.30 [1.14-1.49],0.0001049643046251
TMPRSS11D,Transmembrane protease serine 11D,Chapter III Diseases of the blood and blood-forming organs and certain disorders involving the immune mechanism,Other and unspecified iron deficiency,20285,906,1.37 [1.17-1.60],7.886954970456375e-05
TMPRSS11D,Transmembrane protease serine 11D,Chapter III Diseases of the blood and blood-forming organs and certain disorders involving the immune mechanism,Other coagulation defects,20170,96,1.76 [1.16-2.68],0.0082256886176653
TMPRSS11D,Transmembrane protease serine 11D,Chapter III Diseases of the blood and blood-forming organs and certain disorders involving the immune mechanism,Other diseases of blood and blood-forming organs,20048,62,2.06 [1.29-3.30],0.0026106635003772
TMPRSS11D,Transmembrane protease serine 11D,"Chapter IV Endocrine, nutritional and metabolic diseases",Acidosis,15154,307,1.72 [1.37-2.17],4.488155041662602e-06
TMPRSS11D,Transmembrane protease serine 11D,"Chapter IV Endocrine, nutritional and metabolic diseases",Alcohol dependence,18740,163,1.57 [1.16-2.12],0.0034860803788892
TMPRSS11D,Transmembrane protease serine 11D,"Chapter IV Endocrine, nutritional and metabolic diseases",Alkalosis,14898,51,2.20 [1.22-3.97],0.0089470287791393
TMPRSS11D,Transmembrane protease serine 11D,"Chapter IV Endocrine, nutritional and metabolic diseases","Delirium, not induced by alcohol and other psychoactive substances",20086,491,1.24 [1.01-1.53],0.0394807497019904
TMPRSS11D,Transmembrane protease serine 11D,"Chapter IV Endocrine, nutritional and metabolic diseases",Dementia in other diseases classified elsewhere,19713,118,1.58 [1.07-2.32],0.0205586063572994
TMPRSS11D,Transmembrane protease serine 11D,"Chapter IV Endocrine, nutritional and metabolic diseases",Depression,20219,946,1.47 [1.27-1.71],2.8255982386526e-07
TMPRSS11D,Transmembrane protease serine 11D,"Chapter IV Endocrine, nutritional and metabolic diseases",Depression or dysthymia,17558,914,1.50 [1.30-1.74],4.270966114701112e-08
TMPRSS11D,Transmembrane protease serine 11D,"Chapter IV Endocrine, nutritional and metabolic diseases",Disorders of calcium metabolism,15073,226,1.56 [1.13-2.14],0.0060790389438689
TMPRSS11D,Transmembrane protease serine 11D,"Chapter IV Endocrine, nutritional and metabolic diseases",Disorders of iron metabolism,14909,62,0.43 [0.26-0.74],0.0021989247894313
TMPRSS11D,Transmembrane protease serine 11D,"Chapter IV Endocrine, nutritional and metabolic diseases",Disorders of other endocrine glands,20429,228,2.07 [1.62-2.64],4.075177810525189e-09
TMPRSS11D,Transmembrane protease serine 11D,"Chapter IV Endocrine, nutritional and metabolic diseases",Disorders of parathyroid gland,20272,71,3.39 [2.62-4.39],1.3617013607708623e-20
TMPRSS11D,Transmembrane protease serine 11D,"Chapter IV Endocrine, nutritional and metabolic diseases",Disorders of the thyroid gland,20322,597,1.53 [1.28-1.84],3.878457424913239e-06
TMPRSS11D,Transmembrane protease serine 11D,"Chapter IV Endocrine, nutritional and metabolic diseases",Fluid overload,15099,252,1.66 [1.23-2.23],0.0008121931703119
TMPRSS11D,Transmembrane protease serine 11D,"Chapter IV Endocrine, nutritional and metabolic diseases",Hyperkalaemia,15138,291,2.89 [2.36-3.53],5.348122869325899e-25
TMPRSS11D,Transmembrane protease serine 11D,"Chapter IV Endocrine, nutritional and metabolic diseases",Hyperosmolality and hypernatraemia,14962,115,1.75 [1.14-2.67],0.0098403107063901
TMPRSS11D,Transmembrane protease serine 11D,"Chapter IV Endocrine, nutritional and metabolic diseases",Hyperparathyroidism,20266,65,3.61 [2.80-4.67],8.973563460644597e-23
TMPRSS11D,Transmembrane protease serine 11D,"Chapter IV Endocrine, nutritional and metabolic diseases",Hypo-osmolality and hyponatraemia,15340,493,1.33 [1.07-1.67],0.0118054543749482
TMPRSS11D,Transmembrane protease serine 11D,"Chapter IV Endocrine, nutritional and metabolic diseases",Metabolic disorders,19285,4438,1.12 [1.04-1.21],0.0022837997565763
TMPRSS11D,Transmembrane protease serine 11D,"Chapter IV Endocrine, nutritional and metabolic diseases",Other and/or unspecified nontoxic goitre,19737,12,2.70 [1.28-5.72],0.0093396066120195
TMPRSS11D,Transmembrane protease serine 11D,"Chapter IV Endocrine, nutritional and metabolic diseases",Other anxiety disorders,20246,687,1.24 [1.03-1.48],0.021910524969
TMPRSS11D,Transmembrane protease serine 11D,"Chapter IV Endocrine, nutritional and metabolic diseases","Other disorders of fluid, electrolyte and acid-base balance",16209,1362,1.42 [1.26-1.60],8.15785109171728e-09
TMPRSS11D,Transmembrane protease serine 11D,"Chapter IV Endocrine, nutritional and metabolic diseases",Other disorders of glucose regulation and pancreatic internal secretion,20466,201,1.97 [1.52-2.55],2.826120836236199e-07
TMPRSS11D,Transmembrane protease serine 11D,"Chapter IV Endocrine, nutritional and metabolic diseases","Postprocedural endocrine and metabolic disorders, not elsewhere classified",14906,59,2.33 [1.40-3.89],0.0012156327815243
TMPRSS11D,Transmembrane protease serine 11D,"Chapter IV Endocrine, nutritional and metabolic diseases",Type 1 diabetes without complications,18093,145,1.48 [1.01-2.17],0.0462937786897481
TMPRSS11D,Transmembrane protease serine 11D,"Chapter IV Endocrine, nutritional and metabolic diseases",Type 2 diabetes with peripheral circulatory complications,18029,81,1.75 [1.07-2.85],0.0244421082683631
TMPRSS11D,Transmembrane protease serine 11D,"Chapter IV Endocrine, nutritional and metabolic diseases",Type 2 diabetes with renal complications,2109,60,3.45 [2.44-4.87],2.3733479403564503e-12
TMPRSS11D,Transmembrane protease serine 11D,"Chapter IV Endocrine, nutritional and metabolic diseases",Volume depletion,15493,646,1.65 [1.41-1.94],5.584031135204704e-10
TMPRSS11D,Transmembrane protease serine 11D,Chapter IX Diseases of the circulatory system,"!Phlebitis/thrombophlebitis venae iliacae [externae/internae/communis], drug-induced",20366,209,1.42 [1.04-1.94],0.0294045161602189
TMPRSS11D,Transmembrane protease serine 11D,Chapter IX Diseases of the circulatory system,Abdominal aortic aneurysm (AAA),19451,232,1.64 [1.26-2.14],0.0002419816293463
TMPRSS11D,Transmembrane protease serine 11D,Chapter IX Diseases of the circulatory system,Angina pectoris,18011,1263,1.15 [1.00-1.32],0.0482462343243062
TMPRSS11D,Transmembrane protease serine 11D,Chapter IX Diseases of the circulatory system,Aortic aneurysm,19549,330,1.55 [1.23-1.96],0.0002112231974119
TMPRSS11D,Transmembrane protease serine 11D,Chapter IX Diseases of the circulatory system,Arterial embolism and thrombosis of lower extremity artery,19288,69,1.66 [1.09-2.52],0.0178401343595915
TMPRSS11D,Transmembrane protease serine 11D,Chapter IX Diseases of the circulatory system,"Atherosclerosis, excluding cerebral and coronary sclerosis",19413,194,1.64 [1.24-2.18],0.0005846770907081
TMPRSS11D,Transmembrane protease serine 11D,Chapter IX Diseases of the circulatory system,Atrial fibrillation and flutter,11987,1942,1.15 [1.03-1.28],0.0163243135370874
TMPRSS11D,Transmembrane protease serine 11D,Chapter IX Diseases of the circulatory system,AV-block,16528,511,1.30 [1.05-1.61],0.0164944851149114
TMPRSS11D,Transmembrane protease serine 11D,Chapter IX Diseases of the circulatory system,Cardiac arrest,10258,213,2.17 [1.61-2.93],3.173604877547592e-07
TMPRSS11D,Transmembrane protease serine 11D,Chapter IX Diseases of the circulatory system,Conduction disorders,17162,1145,1.26 [1.10-1.46],0.0013049307242239
TMPRSS11D,Transmembrane protease serine 11D,Chapter IX Diseases of the circulatory system,Coronary atherosclerosis,18972,2245,1.21 [1.10-1.35],0.000204203834445
TMPRSS11D,Transmembrane protease serine 11D,Chapter IX Diseases of the circulatory system,Death due to cardiac causes,17334,6714,1.14 [1.07-1.21],5.292417433736177e-05
TMPRSS11D,Transmembrane protease serine 11D,Chapter IX Diseases of the circulatory system,DVT of lower extremities,19423,230,1.38 [1.01-1.87],0.0417959798370726
TMPRSS11D,Transmembrane protease serine 11D,Chapter IX Diseases of the circulatory system,"Heart failure, strict",20206,1123,1.34 [1.17-1.54],2.310902327655941e-05
TMPRSS11D,Transmembrane protease serine 11D,Chapter IX Diseases of the circulatory system,Hypertension,18352,5834,1.13 [1.06-1.21],0.0002183451813828
TMPRSS11D,Transmembrane protease serine 11D,Chapter IX Diseases of the circulatory system,"Hypertension, essential",18356,5838,1.14 [1.06-1.21],0.0001711319376644
TMPRSS11D,Transmembrane protease serine 11D,Chapter IX Diseases of the circulatory system,"Hypertension, Pulmonary Arterial",12691,173,1.65 [1.15-2.37],0.0068133295387971
TMPRSS11D,Transmembrane protease serine 11D,Chapter IX Diseases of the circulatory system,Hypertensive Renal Disease,12622,104,5.81 [4.54-7.44],4.081316288174577e-44
TMPRSS11D,Transmembrane protease serine 11D,Chapter IX Diseases of the circulatory system,Hypotension,20350,1015,1.54 [1.35-1.76],1.2951699714559702e-10
TMPRSS11D,Transmembrane protease serine 11D,Chapter IX Diseases of the circulatory system,"Ischaemic heart disease, wide definition",19095,2347,1.19 [1.08-1.32],0.000575714507002
TMPRSS11D,Transmembrane protease serine 11D,Chapter IX Diseases of the circulatory system,"Ischaemic Stroke, excluding all haemorrhages",20123,553,1.44 [1.20-1.74],0.0001176410796862
TMPRSS11D,Transmembrane protease serine 11D,Chapter IX Diseases of the circulatory system,"Myocardial infarction, strict",17537,789,1.27 [1.07-1.52],0.0070118254802204
TMPRSS11D,Transmembrane protease serine 11D,Chapter IX Diseases of the circulatory system,"Myocardial infarction, with ST-elevation",20338,194,1.54 [1.14-2.08],0.0052274148466459
TMPRSS11D,Transmembrane protease serine 11D,Chapter IX Diseases of the circulatory system,Other arterial embolism and thrombosis,19331,112,1.75 [1.25-2.46],0.0011807366719067
TMPRSS11D,Transmembrane protease serine 11D,Chapter IX Diseases of the circulatory system,Other diseases of arteries and capillaries,19451,232,1.42 [1.08-1.87],0.0130673969734751
TMPRSS11D,Transmembrane protease serine 11D,Chapter IX Diseases of the circulatory system,Other disorders of veins,19269,76,2.42 [1.71-3.43],6.718719547774454e-07
TMPRSS11D,Transmembrane protease serine 11D,Chapter IX Diseases of the circulatory system,Other embolism and thrombosis,19235,42,2.00 [1.18-3.36],0.009461013432982
TMPRSS11D,Transmembrane protease serine 11D,Chapter IX Diseases of the circulatory system,Other or ill-defined heart diseases,17070,1053,1.36 [1.17-1.57],3.651371366865281e-05
TMPRSS11D,Transmembrane protease serine 11D,Chapter IX Diseases of the circulatory system,Other other unspecified disorders of the circulatory system,19390,55,1.75 [1.03-2.96],0.0382920758303186
TMPRSS11D,Transmembrane protease serine 11D,Chapter IX Diseases of the circulatory system,Other peripheral vascular diseases,19690,471,1.60 [1.34-1.91],3.206765071693775e-07
TMPRSS11D,Transmembrane protease serine 11D,Chapter IX Diseases of the circulatory system,"Other specified cerebrovascular diseases, other cerebrovascular disorders in diseases classified elsewhere",19631,550,1.46 [1.21-1.77],0.000106385850333
TMPRSS11D,Transmembrane protease serine 11D,Chapter IX Diseases of the circulatory system,Peripheral artery disease,19610,434,1.63 [1.35-1.96],2.5550346830847337e-07
TMPRSS11D,Transmembrane protease serine 11D,Chapter IX Diseases of the circulatory system,Pulmonary embolism,20022,422,1.31 [1.05-1.65],0.0189428026383976
TMPRSS11D,Transmembrane protease serine 11D,Chapter IX Diseases of the circulatory system,Rheumatic valve diseases,20420,600,1.39 [1.16-1.67],0.0004360321857127
TMPRSS11D,Transmembrane protease serine 11D,Chapter IX Diseases of the circulatory system,Right bundle-branch block,16420,403,1.34 [1.06-1.70],0.0139575185393331
TMPRSS11D,Transmembrane protease serine 11D,Chapter IX Diseases of the circulatory system,Sequelae of cerebrovascular disease,19265,184,1.75 [1.32-2.32],9.34578093361189e-05
TMPRSS11D,Transmembrane protease serine 11D,Chapter IX Diseases of the circulatory system,"Stroke, excluding SAH",20110,626,1.36 [1.14-1.63],0.0007746961917206
TMPRSS11D,Transmembrane protease serine 11D,Chapter IX Diseases of the circulatory system,"Stroke, including SAH",20099,650,1.38 [1.15-1.64],0.0003802813853676
TMPRSS11D,Transmembrane protease serine 11D,Chapter IX Diseases of the circulatory system,Thoracic aortic aneurysm,19315,97,1.87 [1.26-2.77],0.0019414056013687
TMPRSS11D,Transmembrane protease serine 11D,Chapter IX Diseases of the circulatory system,Transient ischemic attack,19771,201,1.44 [1.04-2.00],0.0276057841510273
TMPRSS11D,Transmembrane protease serine 11D,Chapter IX Diseases of the circulatory system,Vascular diseases of the intestine,19235,62,1.94 [1.21-3.12],0.0061848752570011
TMPRSS11D,Transmembrane protease serine 11D,Chapter IX Diseases of the circulatory system,Venous thromboembolism,20263,657,1.21 [1.01-1.46],0.0423749014801984
TMPRSS11D,Transmembrane protease serine 11D,Chapter V Mental and behavioural disorders,"Anxiety disorders, excluding more controls",17647,829,1.37 [1.16-1.61],0.0002102904022326
TMPRSS11D,Transmembrane protease serine 11D,Chapter V Mental and behavioural disorders,Any mental disorder,19879,3061,1.28 [1.18-1.39],7.977743234923314e-09
TMPRSS11D,Transmembrane protease serine 11D,Chapter V Mental and behavioural disorders,"Mental and behavioural disorders due to alcohol, excluding acute intoxication",20245,493,1.29 [1.04-1.59],0.0182124823231264
TMPRSS11D,Transmembrane protease serine 11D,Chapter V Mental and behavioural disorders,"Mood disorders, excluding more controls",17797,979,1.50 [1.31-1.72],1.1413896891965356e-08
TMPRSS11D,Transmembrane protease serine 11D,Chapter V Mental and behavioural disorders,Smoking dependency,19904,1318,1.49 [1.33-1.67],4.800611265732757e-12
TMPRSS11D,Transmembrane protease serine 11D,Chapter V Mental and behavioural disorders,"Substance abuse, excluding more controls",18412,1594,1.39 [1.23-1.57],1.579110135152627e-07
TMPRSS11D,Transmembrane protease serine 11D,Chapter VI Diseases of the nervous system,Bell's palsy,19304,67,1.96 [1.22-3.15],0.0050945610806645
TMPRSS11D,Transmembrane protease serine 11D,Chapter VI Diseases of the nervous system,Cerebral cysts,20135,198,1.38 [1.00-1.90],0.0486660027944836
TMPRSS11D,Transmembrane protease serine 11D,Chapter VI Diseases of the nervous system,Cerebral palsy and other paralytic syndromes,20401,289,1.57 [1.23-2.02],0.0003760564416132
TMPRSS11D,Transmembrane protease serine 11D,Chapter VI Diseases of the nervous system,Episodal and paroxysmal disorders,20024,1147,1.30 [1.13-1.49],0.0002978430991351
TMPRSS11D,Transmembrane protease serine 11D,Chapter VI Diseases of the nervous system,Falls/tendency to fall,20004,1816,1.24 [1.11-1.38],0.0002031517110768
TMPRSS11D,Transmembrane protease serine 11D,Chapter VI Diseases of the nervous system,Hemiplegia,20337,225,1.44 [1.07-1.94],0.0155621732023369
TMPRSS11D,Transmembrane protease serine 11D,Chapter VI Diseases of the nervous system,Neurological diseases,19343,3014,1.14 [1.04-1.25],0.0041203429160456
TMPRSS11D,Transmembrane protease serine 11D,Chapter VI Diseases of the nervous system,Other and unspecified degenerative diseases of nervous system,20195,187,1.50 [1.11-2.01],0.0077514728468241
TMPRSS11D,Transmembrane protease serine 11D,Chapter VI Diseases of the nervous system,"Other and unspecified polyneuropathies, also in other diseases",20396,297,1.57 [1.22-2.03],0.0004471713243598
TMPRSS11D,Transmembrane protease serine 11D,Chapter VI Diseases of the nervous system,Other degenerative diseases of the nervous system,16177,517,1.27 [1.02-1.58],0.031149644527798
TMPRSS11D,Transmembrane protease serine 11D,Chapter VI Diseases of the nervous system,Other facial nerve disorders,19321,84,2.00 [1.32-3.03],0.0011019886487363
TMPRSS11D,Transmembrane protease serine 11D,Chapter VI Diseases of the nervous system,Other neurological diseases,20376,439,1.32 [1.06-1.65],0.0144284169651008
TMPRSS11D,Transmembrane protease serine 11D,Chapter VI Diseases of the nervous system,Other sleep disorders,19472,595,1.36 [1.12-1.65],0.0016605293335995
TMPRSS11D,Transmembrane protease serine 11D,Chapter VI Diseases of the nervous system,Sleep apnoea,20223,537,1.38 [1.13-1.69],0.0013941235263008
TMPRSS11D,Transmembrane protease serine 11D,Chapter VI Diseases of the nervous system,Small fibre neuropathy,20148,49,2.05 [1.20-3.49],0.0081393353498305
TMPRSS11D,Transmembrane protease serine 11D,"Chapter VII Diseases of the eye, adnexa, ear and mastoid process","Diabetic nephropathy, excluding more controls",2109,60,3.53 [2.51-4.97],3.6803902417119073e-13
TMPRSS11D,Transmembrane protease serine 11D,"Chapter VII Diseases of the eye, adnexa, ear and mastoid process",Ectropion of eyelid,19747,66,2.05 [1.36-3.10],0.000619612925532
TMPRSS11D,Transmembrane protease serine 11D,"Chapter VII Diseases of the eye, adnexa, ear and mastoid process",Iridocyclitis,20262,80,0.56 [0.33-0.96],0.035882855673333
TMPRSS11D,Transmembrane protease serine 11D,"Chapter VII Diseases of the eye, adnexa, ear and mastoid process",Other cataract,19324,1516,1.21 [1.07-1.37],0.0018773901323746
TMPRSS11D,Transmembrane protease serine 11D,"Chapter VII Diseases of the eye, adnexa, ear and mastoid process",Other disorders of iris and ciliary body,20239,57,0.52 [0.28-0.97],0.0403492893072934
TMPRSS11D,Transmembrane protease serine 11D,"Chapter VII Diseases of the eye, adnexa, ear and mastoid process",Senile cataract,19039,1231,1.15 [1.01-1.32],0.0420696702169071
TMPRSS11D,Transmembrane protease serine 11D,Chapter VIII Diseases of the ear and mastoid process,Diseases of middle ear and mastoid,20359,98,1.56 [1.00-2.41],0.0478906962020571
TMPRSS11D,Transmembrane protease serine 11D,Chapter X Diseases of the respiratory system,"Asthma, excluding more controls",14282,1237,1.31 [1.13-1.51],0.0002398386923074
TMPRSS11D,Transmembrane protease serine 11D,Chapter X Diseases of the respiratory system,"Asthma, unspecified (mode)",14554,1212,1.31 [1.13-1.51],0.0002457169568591
TMPRSS11D,Transmembrane protease serine 11D,Chapter X Diseases of the respiratory system,Chronic lower respiratory diseases,19739,2209,1.33 [1.20-1.46],1.1267081063063686e-08
TMPRSS11D,Transmembrane protease serine 11D,Chapter X Diseases of the respiratory system,Chronic sinusitis,19283,132,0.43 [0.29-0.63],1.5477607373406345e-05
TMPRSS11D,Transmembrane protease serine 11D,Chapter X Diseases of the respiratory system,"COPD, hospital admissions 1, only main diagnosis",20288,1124,1.33 [1.18-1.51],6.0936334798888565e-06
TMPRSS11D,Transmembrane protease serine 11D,Chapter X Diseases of the respiratory system,Diseases of the respiratory system,18736,4505,1.22 [1.13-1.31],1.1285823593722209e-07
TMPRSS11D,Transmembrane protease serine 11D,Chapter X Diseases of the respiratory system,Early onset COPD,19441,277,1.51 [1.19-1.93],0.0007896075797062
TMPRSS11D,Transmembrane protease serine 11D,Chapter X Diseases of the respiratory system,Emphysema,17843,313,1.70 [1.40-2.07],9.125043532563394e-08
TMPRSS11D,Transmembrane protease serine 11D,Chapter X Diseases of the respiratory system,Influenza and pneumonia,20259,1792,1.38 [1.24-1.53],6.879591330595079e-09
TMPRSS11D,Transmembrane protease serine 11D,Chapter X Diseases of the respiratory system,Later onset COPD,19528,847,1.28 [1.10-1.48],0.0010582826490093
TMPRSS11D,Transmembrane protease serine 11D,Chapter X Diseases of the respiratory system,Lung diseases due to external agents,20458,336,1.60 [1.29-2.00],2.6427899451837205e-05
TMPRSS11D,Transmembrane protease serine 11D,Chapter X Diseases of the respiratory system,Nasal polyp,19281,130,0.63 [0.40-0.98],0.0407525813644902
TMPRSS11D,Transmembrane protease serine 11D,Chapter X Diseases of the respiratory system,Other acute lower respiratory infections,20238,831,1.25 [1.07-1.47],0.0061222238339194
TMPRSS11D,Transmembrane protease serine 11D,Chapter X Diseases of the respiratory system,Other diseases of pleura,20231,1881,1.24 [1.11-1.38],7.826334755144259e-05
TMPRSS11D,Transmembrane protease serine 11D,Chapter X Diseases of the respiratory system,Other respiratory disorders and diseases,20365,1195,1.28 [1.13-1.46],0.0001898803245193
TMPRSS11D,Transmembrane protease serine 11D,Chapter X Diseases of the respiratory system,Pleural effusion,19296,946,1.42 [1.23-1.64],1.056533731587942e-06
TMPRSS11D,Transmembrane protease serine 11D,Chapter X Diseases of the respiratory system,"Pneumonia, organism unspecified",20041,1574,1.38 [1.23-1.55],5.3055987672555854e-08
TMPRSS11D,Transmembrane protease serine 11D,Chapter X Diseases of the respiratory system,Pneumonitis due to solids and liquids,20368,246,1.64 [1.28-2.12],0.0001154900815683
TMPRSS11D,Transmembrane protease serine 11D,Chapter X Diseases of the respiratory system,Pulmonary oedema,20036,59,2.03 [1.30-3.17],0.0018028110237923
TMPRSS11D,Transmembrane protease serine 11D,Chapter X Diseases of the respiratory system,Respiratory insufficiency,13393,51,2.62 [1.57-4.37],0.000226394011543
TMPRSS11D,Transmembrane protease serine 11D,Chapter X Diseases of the respiratory system,Unspecified acute lower respiratory infection,20221,814,1.25 [1.06-1.47],0.0068223627894833
TMPRSS11D,Transmembrane protease serine 11D,Chapter X Diseases of the respiratory system,Viral pneumonia,18696,229,1.81 [1.36-2.41],5.371299031799079e-05
TMPRSS11D,Transmembrane protease serine 11D,Chapter X Diseases of the respiratory system,"Viral pneumonia (unknown virus, not influenza)",20158,195,1.74 [1.31-2.32],0.0001335610907483
TMPRSS11D,Transmembrane protease serine 11D,Chapter X Diseases of the respiratory system,Vocal cord dysfunction,8976,100,2.02 [1.30-3.14],0.0018783216065859
TMPRSS11D,Transmembrane protease serine 11D,Chapter XI Diseases of the digestive system,Acute peritonitis,20160,79,1.89 [1.24-2.87],0.0029445188113823
TMPRSS11D,Transmembrane protease serine 11D,Chapter XI Diseases of the digestive system,Cholecystitis,19327,184,1.42 [1.02-1.98],0.0395655370481615
TMPRSS11D,Transmembrane protease serine 11D,Chapter XI Diseases of the digestive system,Dental caries,19930,190,1.49 [1.08-2.05],0.0152908826622693
TMPRSS11D,Transmembrane protease serine 11D,Chapter XI Diseases of the digestive system,"Diseases of oesophagus, stomach and duodenum",18755,3324,1.09 [1.00-1.19],0.0429461687048215
TMPRSS11D,Transmembrane protease serine 11D,Chapter XI Diseases of the digestive system,"Diseases of oral cavity, salivary glands and jaws",20166,426,1.34 [1.07-1.68],0.0105678969123462
TMPRSS11D,Transmembrane protease serine 11D,Chapter XI Diseases of the digestive system,Diseases of the digestive system,20203,1213,1.24 [1.08-1.42],0.0018491684561694
TMPRSS11D,Transmembrane protease serine 11D,Chapter XI Diseases of the digestive system,"Disorders of gallbladder, biliary tract and pancreas",20174,1031,1.17 [1.01-1.36],0.0410613189129243
TMPRSS11D,Transmembrane protease serine 11D,Chapter XI Diseases of the digestive system,Duodenal ulcer,15648,217,1.53 [1.15-2.03],0.003413338491303
TMPRSS11D,Transmembrane protease serine 11D,Chapter XI Diseases of the digestive system,Gastric ulcer,15746,315,1.39 [1.08-1.80],0.0110888516972134
TMPRSS11D,Transmembrane protease serine 11D,Chapter XI Diseases of the digestive system,Gastroduodenal ulcer,15931,500,1.39 [1.13-1.70],0.0014506432454098
TMPRSS11D,Transmembrane protease serine 11D,Chapter XI Diseases of the digestive system,GI-bleeding,19993,1003,1.32 [1.14-1.53],0.0002115374390968
TMPRSS11D,Transmembrane protease serine 11D,Chapter XI Diseases of the digestive system,"Hepatic failure, not elsewhere classified",19673,71,1.88 [1.20-2.94],0.0056417946841253
TMPRSS11D,Transmembrane protease serine 11D,Chapter XI Diseases of the digestive system,Impaction of intestines,14310,37,1.80 [1.03-3.15],0.0406033648072679
TMPRSS11D,Transmembrane protease serine 11D,Chapter XI Diseases of the digestive system,Oesophageal obstruction,15611,180,1.45 [1.04-2.03],0.028128113865785
TMPRSS11D,Transmembrane protease serine 11D,Chapter XI Diseases of the digestive system,Oesophagitis,15969,538,1.43 [1.18-1.73],0.0003110005770297
TMPRSS11D,Transmembrane protease serine 11D,Chapter XI Diseases of the digestive system,Other diseases of the digestive system,20002,1012,1.32 [1.14-1.52],0.0002271365731371
TMPRSS11D,Transmembrane protease serine 11D,Chapter XI Diseases of the digestive system,Other disorders of teeth and supporting structures,19886,146,1.46 [1.02-2.09],0.0394089775592
TMPRSS11D,Transmembrane protease serine 11D,Chapter XI Diseases of the digestive system,Other gastritis (incl. Duodenitis),17024,1593,1.21 [1.07-1.36],0.0023404229080337
TMPRSS11D,Transmembrane protease serine 11D,Chapter XI Diseases of the digestive system,"Other or unspecified ileus, impaction or obstruction",14570,297,1.59 [1.25-2.03],0.0001664429526479
TMPRSS11D,Transmembrane protease serine 11D,Chapter XI Diseases of the digestive system,Paralytic ileus and intestinal obstruction,14678,405,1.56 [1.26-1.93],4.268494735436312e-05
TMPRSS11D,Transmembrane protease serine 11D,Chapter XI Diseases of the digestive system,Vascular disorders of the intestines,14409,136,1.50 [1.02-2.21],0.039543402589431
TMPRSS11D,Transmembrane protease serine 11D,Chapter XII Diseases of the skin and subcutaneous tissue,Arthropathic psoriasis,20208,61,2.42 [1.61-3.64],2.2660981304664355e-05
TMPRSS11D,Transmembrane protease serine 11D,Chapter XII Diseases of the skin and subcutaneous tissue,Cellulitis,19845,648,1.23 [1.02-1.48],0.0317267487971811
TMPRSS11D,Transmembrane protease serine 11D,Chapter XII Diseases of the skin and subcutaneous tissue,"Cutaneous abscess, furuncle and carbuncle",19373,176,1.53 [1.09-2.17],0.0148269321340446
TMPRSS11D,Transmembrane protease serine 11D,Chapter XII Diseases of the skin and subcutaneous tissue,Decubitus ulcer and pressure area,19098,378,1.45 [1.17-1.80],0.0006600936469099
TMPRSS11D,Transmembrane protease serine 11D,Chapter XII Diseases of the skin and subcutaneous tissue,Dermatitis,20223,229,1.58 [1.19-2.09],0.0016687635502416
TMPRSS11D,Transmembrane protease serine 11D,Chapter XII Diseases of the skin and subcutaneous tissue,Disorders of skin appendages,20080,345,0.71 [0.54-0.94],0.0150739567197025
TMPRSS11D,Transmembrane protease serine 11D,Chapter XII Diseases of the skin and subcutaneous tissue,Follicular cysts of skin and subcutaneous tissue,19982,247,0.62 [0.45-0.85],0.0034205786874874
TMPRSS11D,Transmembrane protease serine 11D,Chapter XII Diseases of the skin and subcutaneous tissue,Infections of the skin and subcutaneous tissue,20078,881,1.19 [1.01-1.40],0.0372035754986994
TMPRSS11D,Transmembrane protease serine 11D,Chapter XII Diseases of the skin and subcutaneous tissue,Other and unspecified dermatitis,20219,225,1.58 [1.19-2.11],0.0016871942297315
TMPRSS11D,Transmembrane protease serine 11D,Chapter XII Diseases of the skin and subcutaneous tissue,Other and unspecified psoriasis,20328,181,1.68 [1.24-2.27],0.0007765710643225
TMPRSS11D,Transmembrane protease serine 11D,Chapter XII Diseases of the skin and subcutaneous tissue,Papulosquamous disorders,20398,251,1.61 [1.24-2.11],0.0004454390642959
TMPRSS11D,Transmembrane protease serine 11D,Chapter XII Diseases of the skin and subcutaneous tissue,Psoriasis,20367,220,1.73 [1.32-2.26],7.52264577060196e-05
TMPRSS11D,Transmembrane protease serine 11D,Chapter XII Diseases of the skin and subcutaneous tissue,Seborrhoeic keratosis,18945,225,0.71 [0.51-1.00],0.0481489116875357
TMPRSS11D,Transmembrane protease serine 11D,Chapter XII Diseases of the skin and subcutaneous tissue,"Ulcer of lower limb, not elsewhere classified",18929,209,1.45 [1.07-1.96],0.0155944195480527
TMPRSS11D,Transmembrane protease serine 11D,Chapter XIII Diseases of the musculoskeletal system and connective tissue,Arthropathies,18671,4075,1.12 [1.03-1.21],0.0058126164124987
TMPRSS11D,Transmembrane protease serine 11D,Chapter XIII Diseases of the musculoskeletal system and connective tissue,Cervicalgia,18013,119,1.76 [1.19-2.61],0.004785377571782
TMPRSS11D,Transmembrane protease serine 11D,Chapter XIII Diseases of the musculoskeletal system and connective tissue,Diseases of the musculoskeletal system and connective tissue,17414,5324,1.08 [1.00-1.15],0.0370890774065052
TMPRSS11D,Transmembrane protease serine 11D,Chapter XIII Diseases of the musculoskeletal system and connective tissue,Disorders of continuity of bone,19585,84,1.76 [1.12-2.77],0.0150902880303178
TMPRSS11D,Transmembrane protease serine 11D,Chapter XIII Diseases of the musculoskeletal system and connective tissue,Dorsopathies,19762,1868,1.14 [1.02-1.28],0.0203665114562963
TMPRSS11D,Transmembrane protease serine 11D,Chapter XIII Diseases of the musculoskeletal system and connective tissue,Fibroblastic disorders,17917,320,0.68 [0.51-0.91],0.0087987081320313
TMPRSS11D,Transmembrane protease serine 11D,Chapter XIII Diseases of the musculoskeletal system and connective tissue,Fibromyalgia,17645,48,1.89 [1.03-3.48],0.0402824932038314
TMPRSS11D,Transmembrane protease serine 11D,Chapter XIII Diseases of the musculoskeletal system and connective tissue,Gout,15415,819,1.55 [1.33-1.82],5.27249351979057e-08
TMPRSS11D,Transmembrane protease serine 11D,Chapter XIII Diseases of the musculoskeletal system and connective tissue,"Gout, unspecified",20355,806,1.55 [1.32-1.80],3.9717828015723946e-08
TMPRSS11D,Transmembrane protease serine 11D,Chapter XIII Diseases of the musculoskeletal system and connective tissue,Impingement syndrome of shoulder,17821,224,0.71 [0.50-1.00],0.0471711056090407
TMPRSS11D,Transmembrane protease serine 11D,Chapter XIII Diseases of the musculoskeletal system and connective tissue,Kyphosis,17928,34,2.73 [1.55-4.80],0.0005020248119683
TMPRSS11D,Transmembrane protease serine 11D,Chapter XIII Diseases of the musculoskeletal system and connective tissue,Osteomyelitis,19579,78,2.03 [1.30-3.19],0.0019627282662521
TMPRSS11D,Transmembrane protease serine 11D,Chapter XIII Diseases of the musculoskeletal system and connective tissue,Osteopathies and chondropathies,20230,729,1.40 [1.19-1.65],6.807126345116281e-05
TMPRSS11D,Transmembrane protease serine 11D,Chapter XIII Diseases of the musculoskeletal system and connective tissue,Other arthrosis,16199,1603,1.14 [1.01-1.29],0.0303631543201636
TMPRSS11D,Transmembrane protease serine 11D,Chapter XIII Diseases of the musculoskeletal system and connective tissue,Other psoriatic arthropathies,20461,55,2.48 [1.63-3.78],2.0567427469643807e-05
TMPRSS11D,Transmembrane protease serine 11D,Chapter XIII Diseases of the musculoskeletal system and connective tissue,"Other soft tissue disorders, not elsewhere classified",18424,827,1.21 [1.02-1.43],0.0254832783364918
TMPRSS11D,Transmembrane protease serine 11D,Chapter XIII Diseases of the musculoskeletal system and connective tissue,Other specified/unspecified soft tissue disorders,18017,420,1.41 [1.13-1.76],0.002649927751301
TMPRSS11D,Transmembrane protease serine 11D,Chapter XIII Diseases of the musculoskeletal system and connective tissue,Palmar fascial fibromatosis [Dupuytren],17887,290,0.62 [0.46-0.84],0.0019146293095525
TMPRSS11D,Transmembrane protease serine 11D,Chapter XIII Diseases of the musculoskeletal system and connective tissue,Polyarthropathies,16528,1932,1.22 [1.09-1.36],0.0004627704345553
TMPRSS11D,Transmembrane protease serine 11D,Chapter XIII Diseases of the musculoskeletal system and connective tissue,Psoriatic arthropathies,14653,57,2.73 [1.76-4.22],6.900879453916954e-06
TMPRSS11D,Transmembrane protease serine 11D,Chapter XIII Diseases of the musculoskeletal system and connective tissue,Rheumatoid arthritis,14856,260,1.39 [1.04-1.87],0.0269403351181874
TMPRSS11D,Transmembrane protease serine 11D,Chapter XIII Diseases of the musculoskeletal system and connective tissue,Rotator cuff syndrome,17843,246,0.63 [0.46-0.86],0.0040646748370184
TMPRSS11D,Transmembrane protease serine 11D,Chapter XIII Diseases of the musculoskeletal system and connective tissue,Shoulder lesions,18046,449,0.78 [0.61-0.99],0.0452285417873445
TMPRSS11D,Transmembrane protease serine 11D,Chapter XIII Diseases of the musculoskeletal system and connective tissue,Spondylopathies,18997,1103,1.21 [1.05-1.39],0.0102319066709638
TMPRSS11D,Transmembrane protease serine 11D,Chapter XIII Diseases of the musculoskeletal system and connective tissue,Systemic lupus erythematosus,20205,37,2.71 [1.69-4.34],3.267126648792826e-05
TMPRSS11D,Transmembrane protease serine 11D,Chapter XIII Diseases of the musculoskeletal system and connective tissue,Trochanteric bursitis,17616,19,2.25 [1.04-4.85],0.0384920231528106
TMPRSS11D,Transmembrane protease serine 11D,Chapter XIV Diseases of the genitourinary system,Acute renal failure,19711,1534,1.83 [1.65-2.03],1.2373559215027157e-29
TMPRSS11D,Transmembrane protease serine 11D,Chapter XIV Diseases of the genitourinary system,Chronic kidney disease,19334,1157,2.48 [2.23-2.75],9.061312382875432e-64
TMPRSS11D,Transmembrane protease serine 11D,Chapter XIV Diseases of the genitourinary system,Chronic nephritic syndrome,20268,49,4.15 [3.08-5.61],1.2509628619631178e-20
TMPRSS11D,Transmembrane protease serine 11D,Chapter XIV Diseases of the genitourinary system,Cyst of kidney,20266,298,1.36 [1.05-1.77],0.0194278361010772
TMPRSS11D,Transmembrane protease serine 11D,Chapter XIV Diseases of the genitourinary system,Diseases of male genital organs,19395,2830,0.88 [0.80-0.97],0.0089013721144597
TMPRSS11D,Transmembrane protease serine 11D,Chapter XIV Diseases of the genitourinary system,Genitourinary diseases,18513,4747,1.11 [1.03-1.20],0.0040825651430352
TMPRSS11D,Transmembrane protease serine 11D,Chapter XIV Diseases of the genitourinary system,Glomerular disorders in diseases classified elsewhere,20294,75,3.13 [2.29-4.29],1.031487082346814e-12
TMPRSS11D,Transmembrane protease serine 11D,Chapter XIV Diseases of the genitourinary system,Hydronephrosis,18243,293,1.70 [1.31-2.22],7.879865652656625e-05
TMPRSS11D,Transmembrane protease serine 11D,Chapter XIV Diseases of the genitourinary system,Hyperplasia of prostate,18788,2223,0.89 [0.80-0.99],0.0276875645866785
TMPRSS11D,Transmembrane protease serine 11D,Chapter XIV Diseases of the genitourinary system,Other disorders of kidney and ureter,20417,449,1.38 [1.12-1.71],0.0025264343603376
TMPRSS11D,Transmembrane protease serine 11D,Chapter XIV Diseases of the genitourinary system,Other disorders of the genitourinary system,20463,41,2.59 [1.64-4.08],4.1118083729453446e-05
TMPRSS11D,Transmembrane protease serine 11D,Chapter XIV Diseases of the genitourinary system,Other disorders of urethra and urinary system,19144,1255,1.21 [1.06-1.38],0.0051968657706386
TMPRSS11D,Transmembrane protease serine 11D,Chapter XIV Diseases of the genitourinary system,Other obstructive and reflux uropathy,18279,329,1.83 [1.44-2.33],8.296468207598671e-07
TMPRSS11D,Transmembrane protease serine 11D,Chapter XIV Diseases of the genitourinary system,Other specified disorders of kidney and ureter,20116,148,1.47 [1.02-2.11],0.0366106814182642
TMPRSS11D,Transmembrane protease serine 11D,Chapter XIV Diseases of the genitourinary system,Recurrent and persistent haematuria,20275,56,2.38 [1.51-3.75],0.0001879443897833
TMPRSS11D,Transmembrane protease serine 11D,Chapter XIV Diseases of the genitourinary system,Renal tubulo-interstitial diseases,20256,2306,1.78 [1.63-1.95],4.265557732898394e-38
TMPRSS11D,Transmembrane protease serine 11D,Chapter XIV Diseases of the genitourinary system,Unspecified kidney failure,18295,118,2.67 [1.95-3.66],9.856070999143963e-10
