Protein,Protein_definition,Disease_category,Disease,NB_individual,NB_case,OR[95%CI],P_value
CEACAM1,Carcinoembryonic antigen-related cell adhesion molecule 1,Chapter I Certain infectious and parasitic diseases,Certain infectious and parasitic diseases,44590,1815,1.55 [1.29-1.85],2.1050940488872373e-06
CEACAM1,Carcinoembryonic antigen-related cell adhesion molecule 1,Chapter I Certain infectious and parasitic diseases,Implicit bacterial Sepsis,43863,434,2.10 [1.44-3.06],0.0001183139452253
CEACAM1,Carcinoembryonic antigen-related cell adhesion molecule 1,Chapter I Certain infectious and parasitic diseases,Intestinal infectious diseases,48733,334,1.71 [1.12-2.59],0.0119680877556615
CEACAM1,Carcinoembryonic antigen-related cell adhesion molecule 1,Chapter I Certain infectious and parasitic diseases,Implicit Sepsis,33689,1583,1.64 [1.34-2.01],1.7957728412264018e-06
CEACAM1,Carcinoembryonic antigen-related cell adhesion molecule 1,Chapter I Certain infectious and parasitic diseases,Other bacterial intestinal infections,48624,225,1.90 [1.14-3.15],0.0134091722098056
CEACAM1,Carcinoembryonic antigen-related cell adhesion molecule 1,Chapter I Certain infectious and parasitic diseases,Explicit Sepsis,45470,174,2.67 [1.49-4.79],0.0009268955269772
CEACAM1,Carcinoembryonic antigen-related cell adhesion molecule 1,Chapter I Certain infectious and parasitic diseases,"Bacterial intestinal infections, IBD co-morbidities",51126,223,1.85 [1.11-3.07],0.0177762995962747
CEACAM1,Carcinoembryonic antigen-related cell adhesion molecule 1,Chapter I Certain infectious and parasitic diseases,Other specified/unspecified bacterial intestinal infections,51132,151,1.48 [0.81-2.68],0.1992533932773488
CEACAM1,Carcinoembryonic antigen-related cell adhesion molecule 1,Chapter I Certain infectious and parasitic diseases,Implicit viral Sepsis,44413,117,3.00 [1.47-6.13],0.0026296442560627
CEACAM1,Carcinoembryonic antigen-related cell adhesion molecule 1,Chapter I Certain infectious and parasitic diseases,Other bacterial diseases,49452,237,1.92 [1.18-3.12],0.0087228738887773
CEACAM1,Carcinoembryonic antigen-related cell adhesion molecule 1,Chapter I Certain infectious and parasitic diseases,Other septicaemia,49369,154,2.68 [1.46-4.93],0.0014361424150648
CEACAM1,Carcinoembryonic antigen-related cell adhesion molecule 1,Chapter I Certain infectious and parasitic diseases,Viral infections characterized by skin and mucous membrane lesions,51296,136,1.94 [0.98-3.82],0.0557026351562748
CEACAM1,Carcinoembryonic antigen-related cell adhesion molecule 1,Chapter I Certain infectious and parasitic diseases,Other viral diseases,51289,164,1.81 [1.00-3.28],0.0493181341281278
CEACAM1,Carcinoembryonic antigen-related cell adhesion molecule 1,Chapter I Certain infectious and parasitic diseases,"Other viral diseases, not elsewhere classified",51277,152,1.50 [0.82-2.77],0.192146096781049
CEACAM1,Carcinoembryonic antigen-related cell adhesion molecule 1,Chapter I Certain infectious and parasitic diseases,Mycoses,50589,104,1.18 [0.59-2.37],0.6309806879829449
CEACAM1,Carcinoembryonic antigen-related cell adhesion molecule 1,Chapter I Certain infectious and parasitic diseases,"Bacterial, viral and other infectious agents",48838,834,1.43 [1.10-1.85],0.0066706865803428
CEACAM1,Carcinoembryonic antigen-related cell adhesion molecule 1,Chapter I Certain infectious and parasitic diseases,Streptococcus and staphylococcus as the cause of diseases classified to other chapters,48290,286,2.23 [1.42-3.51],0.0004887067543293
CEACAM1,Carcinoembryonic antigen-related cell adhesion molecule 1,Chapter I Certain infectious and parasitic diseases,Other bacterial agents as the cause of diseases classified to other chapters,48575,571,1.27 [0.94-1.72],0.1261271360326149
CEACAM1,Carcinoembryonic antigen-related cell adhesion molecule 1,Chapter II Neoplasms,"Malignant neoplasm of colon, excluding all cancers (controls excluding all cancers)",41096,133,1.04 [0.54-2.02],0.9049245368810854
CEACAM1,Carcinoembryonic antigen-related cell adhesion molecule 1,Chapter II Neoplasms,"Malignant melanoma of skin, excluding all cancers (controls excluding all cancers)",41074,111,1.00 [0.43-2.33],0.9966525202755512
CEACAM1,Carcinoembryonic antigen-related cell adhesion molecule 1,Chapter II Neoplasms,"Other malignant neoplasms of skin (=non-melanoma skin cancer), excluding all cancers (controls excluding all cancers)",41488,525,0.82 [0.56-1.20],0.3029321681346523
CEACAM1,Carcinoembryonic antigen-related cell adhesion molecule 1,Chapter II Neoplasms,"Squamous cell neoplasms and carcinomas of the skin, excluding all cancers (controls excluding all cancers)",41504,541,0.81 [0.55-1.18],0.2696063147037049
CEACAM1,Carcinoembryonic antigen-related cell adhesion molecule 1,Chapter II Neoplasms,"Malignant neoplasm of breast, excluding all cancers (controls excluding all cancers)",23263,678,2.06 [1.49-2.84],1.0743781871351422e-05
CEACAM1,Carcinoembryonic antigen-related cell adhesion molecule 1,Chapter II Neoplasms,"Malignant neoplasm of prostate, excluding all cancers (controls excluding all cancers)",18611,233,0.70 [0.42-1.16],0.1633856140088417
CEACAM1,Carcinoembryonic antigen-related cell adhesion molecule 1,Chapter II Neoplasms,"Non-Hodgkin lymphoma, all, excluding all cancers (controls excluding all cancers)",41068,105,3.65 [1.73-7.68],0.0006687704138537
CEACAM1,Carcinoembryonic antigen-related cell adhesion molecule 1,Chapter III Diseases of the blood and blood-forming organs and certain disorders involving the immune mechanism,Diseases of the blood and blood-forming organs and certain disorders involving the immune mechanism,45784,1595,1.31 [1.10-1.57],0.0030878959101756
CEACAM1,Carcinoembryonic antigen-related cell adhesion molecule 1,Chapter II Neoplasms,"Benign neoplasm of colon, rectum, anus and anal canal",48722,673,1.17 [0.86-1.60],0.3073800387272677
CEACAM1,Carcinoembryonic antigen-related cell adhesion molecule 1,Chapter II Neoplasms,Benign neoplasm: Sigmoid colon,50368,239,0.94 [0.57-1.57],0.8242791555805761
CEACAM1,Carcinoembryonic antigen-related cell adhesion molecule 1,Chapter II Neoplasms,"Benign neoplasm: Colon, unspecified",51461,222,1.57 [0.92-2.67],0.10019203816897
CEACAM1,Carcinoembryonic antigen-related cell adhesion molecule 1,Chapter II Neoplasms,Benign neoplasm: Rectum,50893,134,1.49 [0.76-2.92],0.2494212902805956
CEACAM1,Carcinoembryonic antigen-related cell adhesion molecule 1,Chapter II Neoplasms,Benign neoplasm of other and ill-defined parts of digestive system,51472,135,2.59 [1.32-5.10],0.005843681035765
CEACAM1,Carcinoembryonic antigen-related cell adhesion molecule 1,Chapter II Neoplasms,Benign neoplasm: Stomach,51567,102,1.71 [0.76-3.84],0.1952200148180887
CEACAM1,Carcinoembryonic antigen-related cell adhesion molecule 1,Chapter II Neoplasms,Benign lipomatous neoplasm,51014,590,0.82 [0.62-1.07],0.1359240144164407
CEACAM1,Carcinoembryonic antigen-related cell adhesion molecule 1,Chapter II Neoplasms,Benign lipomatous neoplasm of skin and subcutaneous tissue of trunk,51480,215,0.96 [0.61-1.53],0.8749889780866944
CEACAM1,Carcinoembryonic antigen-related cell adhesion molecule 1,Chapter II Neoplasms,Benign lipomatous neoplasm of skin and subcutaneous tissue of limbs,51487,180,0.62 [0.40-0.96],0.0318031816230606
CEACAM1,Carcinoembryonic antigen-related cell adhesion molecule 1,Chapter II Neoplasms,"Haemangioma and lymphangioma, any site",51363,102,2.35 [1.08-5.15],0.0322353123371105
CEACAM1,Carcinoembryonic antigen-related cell adhesion molecule 1,Chapter II Neoplasms,"Haemangioma, any site",51367,101,2.27 [1.03-4.98],0.0418432613859748
CEACAM1,Carcinoembryonic antigen-related cell adhesion molecule 1,Chapter II Neoplasms,Melanocytic naevi,51196,397,1.19 [0.79-1.79],0.4082963742201309
CEACAM1,Carcinoembryonic antigen-related cell adhesion molecule 1,Chapter II Neoplasms,Melanocytic naevi of other and unspecified parts of face,51505,176,1.26 [0.69-2.31],0.4430517581000917
CEACAM1,Carcinoembryonic antigen-related cell adhesion molecule 1,Chapter II Neoplasms,Other benign neoplasms of skin,51295,366,1.30 [0.86-1.95],0.2129639909955339
CEACAM1,Carcinoembryonic antigen-related cell adhesion molecule 1,Chapter II Neoplasms,Benign neoplasm of breast,27761,139,1.11 [0.60-2.06],0.7342376949417664
CEACAM1,Carcinoembryonic antigen-related cell adhesion molecule 1,Chapter II Neoplasms,Leiomyoma of uterus,27253,996,1.01 [0.82-1.24],0.9462999134167588
CEACAM1,Carcinoembryonic antigen-related cell adhesion molecule 1,Chapter III Diseases of the blood and blood-forming organs and certain disorders involving the immune mechanism,Other and unspecified iron deficiency,48943,396,1.19 [0.84-1.70],0.328790077426468
CEACAM1,Carcinoembryonic antigen-related cell adhesion molecule 1,Chapter III Diseases of the blood and blood-forming organs and certain disorders involving the immune mechanism,Other anaemias,48295,708,1.36 [1.03-1.78],0.0286940161877159
CEACAM1,Carcinoembryonic antigen-related cell adhesion molecule 1,Chapter III Diseases of the blood and blood-forming organs and certain disorders involving the immune mechanism,Other and unspecified anaemias,48295,708,1.36 [1.03-1.78],0.0286940161877159
CEACAM1,Carcinoembryonic antigen-related cell adhesion molecule 1,Chapter I Certain infectious and parasitic diseases,Condition for Implicit Sepsis (Organ dysfunction codes),44504,933,1.18 [0.92-1.53],0.1949973143159001
CEACAM1,Carcinoembryonic antigen-related cell adhesion molecule 1,Chapter III Diseases of the blood and blood-forming organs and certain disorders involving the immune mechanism,Agranulocytosis,50461,139,1.43 [0.74-2.79],0.2906764865720713
CEACAM1,Carcinoembryonic antigen-related cell adhesion molecule 1,"Chapter IV Endocrine, nutritional and metabolic diseases",Disorders of other endocrine glands,50960,164,0.86 [0.50-1.48],0.5742306020868537
CEACAM1,Carcinoembryonic antigen-related cell adhesion molecule 1,"Chapter IV Endocrine, nutritional and metabolic diseases",Metabolic disorders,41622,2363,1.28 [1.09-1.50],0.0027838636014175
CEACAM1,Carcinoembryonic antigen-related cell adhesion molecule 1,"Chapter IV Endocrine, nutritional and metabolic diseases",Disorders of the thyroid gland,48497,1082,1.29 [1.03-1.63],0.029625830791008
CEACAM1,Carcinoembryonic antigen-related cell adhesion molecule 1,"Chapter IV Endocrine, nutritional and metabolic diseases",Type 1 diabetes,46922,271,3.89 [2.47-6.15],5.391795868676604e-09
CEACAM1,Carcinoembryonic antigen-related cell adhesion molecule 1,Chapter IX Diseases of the circulatory system,Peripheral artery disease,49183,224,2.58 [1.56-4.28],0.0002381826942716
CEACAM1,Carcinoembryonic antigen-related cell adhesion molecule 1,"Chapter IV Endocrine, nutritional and metabolic diseases",Type 1 diabetes without complications,46894,243,4.49 [2.78-7.24],7.615001567046347e-10
CEACAM1,Carcinoembryonic antigen-related cell adhesion molecule 1,"Chapter IV Endocrine, nutritional and metabolic diseases",Type 2 diabetes,47761,1110,1.76 [1.41-2.19],3.600146256717171e-07
CEACAM1,Carcinoembryonic antigen-related cell adhesion molecule 1,"Chapter IV Endocrine, nutritional and metabolic diseases",Type 2 diabetes without complications,47727,1076,1.83 [1.46-2.28],1.1152650031874309e-07
CEACAM1,Carcinoembryonic antigen-related cell adhesion molecule 1,"Chapter IV Endocrine, nutritional and metabolic diseases",Obesity,47710,371,0.99 [0.68-1.44],0.9658854124353008
CEACAM1,Carcinoembryonic antigen-related cell adhesion molecule 1,"Chapter IV Endocrine, nutritional and metabolic diseases","Obesity, other/unspecified",47713,367,0.98 [0.68-1.43],0.9359398270399076
CEACAM1,Carcinoembryonic antigen-related cell adhesion molecule 1,"Chapter IV Endocrine, nutritional and metabolic diseases",Disorders of lipoprotein metabolism and other lipidaemias,41269,2010,1.25 [1.05-1.48],0.0125021445345316
CEACAM1,Carcinoembryonic antigen-related cell adhesion molecule 1,"Chapter IV Endocrine, nutritional and metabolic diseases","Hyperlipidaemia, other/unspecified",39526,267,0.93 [0.61-1.42],0.7395030863200505
CEACAM1,Carcinoembryonic antigen-related cell adhesion molecule 1,"Chapter IV Endocrine, nutritional and metabolic diseases",Pure hypercholesterolaemia,41112,1853,1.29 [1.08-1.54],0.0059447634037677
CEACAM1,Carcinoembryonic antigen-related cell adhesion molecule 1,"Chapter IV Endocrine, nutritional and metabolic diseases",Volume depletion,39361,102,0.71 [0.38-1.31],0.2694520637228559
CEACAM1,Carcinoembryonic antigen-related cell adhesion molecule 1,"Chapter IV Endocrine, nutritional and metabolic diseases","Other disorders of fluid, electrolyte and acid-base balance",39430,171,1.92 [1.08-3.41],0.0266201230550821
CEACAM1,Carcinoembryonic antigen-related cell adhesion molecule 1,Chapter V Mental and behavioural disorders,Any mental disorder,43595,1301,2.25 [1.81-2.79],2.026969737865307e-13
CEACAM1,Carcinoembryonic antigen-related cell adhesion molecule 1,Chapter V Mental and behavioural disorders,"Substance abuse, excluding more controls",42747,453,5.09 [3.57-7.26],2.7437897383526055e-19
CEACAM1,Carcinoembryonic antigen-related cell adhesion molecule 1,Chapter V Mental and behavioural disorders,"Mental and behavioural disorders due to alcohol, excluding acute intoxication",50755,339,6.90 [4.68-10.17],1.6670717811690674e-22
CEACAM1,Carcinoembryonic antigen-related cell adhesion molecule 1,Chapter V Mental and behavioural disorders,"Alcohol use disorder, ICD-based",50884,245,7.56 [4.85-11.81],5.363063478120539e-19
CEACAM1,Carcinoembryonic antigen-related cell adhesion molecule 1,Chapter V Mental and behavioural disorders,Acute alcohol intoxication,48007,118,6.57 [3.46-12.48],9.164755651969048e-09
CEACAM1,Carcinoembryonic antigen-related cell adhesion molecule 1,Chapter V Mental and behavioural disorders,"Acute alcohol intoxication, ICD10",51372,118,5.31 [2.87-9.83],1.0794538949545924e-07
CEACAM1,Carcinoembryonic antigen-related cell adhesion molecule 1,Chapter V Mental and behavioural disorders,"Alcohol abuse, main dg, excluding more controls",42412,118,6.71 [3.53-12.75],6.333081877396553e-09
CEACAM1,Carcinoembryonic antigen-related cell adhesion molecule 1,Chapter V Mental and behavioural disorders,Alcohol dependence,48030,141,,
CEACAM1,Carcinoembryonic antigen-related cell adhesion molecule 1,Chapter V Mental and behavioural disorders,Smoking dependency,47914,115,2.52 [1.23-5.17],0.0116599479176111
CEACAM1,Carcinoembryonic antigen-related cell adhesion molecule 1,Chapter V Mental and behavioural disorders,"Schizophrenia or delusion, excluding more controls",42402,108,1.67 [0.84-3.29],0.1406996583889209
CEACAM1,Carcinoembryonic antigen-related cell adhesion molecule 1,Chapter V Mental and behavioural disorders,"Mood disorders, excluding more controls",42945,651,2.12 [1.57-2.86],9.74368808699484e-07
CEACAM1,Carcinoembryonic antigen-related cell adhesion molecule 1,Chapter V Mental and behavioural disorders,Depression,48351,571,1.94 [1.42-2.66],3.642716270726304e-05
CEACAM1,Carcinoembryonic antigen-related cell adhesion molecule 1,Chapter V Mental and behavioural disorders,Depression or dysthymia,42429,497,2.11 [1.50-2.98],2.132310945418689e-05
CEACAM1,Carcinoembryonic antigen-related cell adhesion molecule 1,Chapter V Mental and behavioural disorders,"Anxiety disorders, excluding more controls",42547,253,1.05 [0.65-1.70],0.8468082275924886
CEACAM1,Carcinoembryonic antigen-related cell adhesion molecule 1,Chapter V Mental and behavioural disorders,Other anxiety disorders,48633,131,1.33 [0.67-2.64],0.4107554812781295
CEACAM1,Carcinoembryonic antigen-related cell adhesion molecule 1,Chapter VI Diseases of the nervous system,Neurological diseases,44075,2965,1.46 [1.26-1.69],3.432974779221344e-07
CEACAM1,Carcinoembryonic antigen-related cell adhesion molecule 1,Chapter VI Diseases of the nervous system,Other degenerative diseases of the nervous system,40007,266,1.46 [0.88-2.44],0.145172719199991
CEACAM1,Carcinoembryonic antigen-related cell adhesion molecule 1,Chapter VI Diseases of the nervous system,MS-disease / Multiple Sclerosis,51268,210,1.36 [0.77-2.40],0.2904463946591189
CEACAM1,Carcinoembryonic antigen-related cell adhesion molecule 1,Chapter VI Diseases of the nervous system,Episodal and paroxysmal disorders,48870,964,2.06 [1.61-2.64],1.0054132293974626e-08
CEACAM1,Carcinoembryonic antigen-related cell adhesion molecule 1,Chapter VI Diseases of the nervous system,Epilepsy,48211,305,4.76 [3.16-7.18],8.537335613471257e-14
CEACAM1,Carcinoembryonic antigen-related cell adhesion molecule 1,Chapter VI Diseases of the nervous system,Migraine,48065,159,1.68 [0.90-3.11],0.1013425597749841
CEACAM1,Carcinoembryonic antigen-related cell adhesion molecule 1,Chapter VI Diseases of the nervous system,"Migraine, unspecified, drug-induced",50961,144,1.83 [0.96-3.51],0.0672701429712331
CEACAM1,Carcinoembryonic antigen-related cell adhesion molecule 1,Chapter IX Diseases of the circulatory system,Transient ischemic attack,49896,156,1.14 [0.59-2.19],0.7034147083768542
CEACAM1,Carcinoembryonic antigen-related cell adhesion molecule 1,Chapter VI Diseases of the nervous system,Other sleep disorders,48239,333,1.32 [0.89-1.95],0.1699876963544749
CEACAM1,Carcinoembryonic antigen-related cell adhesion molecule 1,Chapter VI Diseases of the nervous system,Sleep apnoea,50408,254,1.10 [0.71-1.70],0.6805621866508735
CEACAM1,Carcinoembryonic antigen-related cell adhesion molecule 1,Chapter VI Diseases of the nervous system,"Nerve, nerve root and plexus disorders",49221,1339,1.17 [0.95-1.43],0.1418708874658155
CEACAM1,Carcinoembryonic antigen-related cell adhesion molecule 1,Chapter VI Diseases of the nervous system,"Other and unspecified nerve root and plexus disorders, also in other diseases",48129,247,1.53 [0.93-2.51],0.0968699040478774
CEACAM1,Carcinoembryonic antigen-related cell adhesion molecule 1,Chapter VI Diseases of the nervous system,Carpal tunnel syndrome,48654,772,1.18 [0.90-1.54],0.2234712170005697
CEACAM1,Carcinoembryonic antigen-related cell adhesion molecule 1,Chapter VI Diseases of the nervous system,Cerebral palsy and other paralytic syndromes,50957,166,1.50 [0.85-2.64],0.1614612915457445
CEACAM1,Carcinoembryonic antigen-related cell adhesion molecule 1,Chapter VI Diseases of the nervous system,Hemiplegia,50906,115,1.21 [0.65-2.26],0.5423501055758411
CEACAM1,Carcinoembryonic antigen-related cell adhesion molecule 1,Chapter VI Diseases of the nervous system,Other neurological diseases,50560,246,0.86 [0.55-1.36],0.5316198110210864
CEACAM1,Carcinoembryonic antigen-related cell adhesion molecule 1,"Chapter VII Diseases of the eye, adnexa, ear and mastoid process","Disorders of eyelid, lacrimal system and orbit",50223,734,1.07 [0.82-1.39],0.6368820310210175
CEACAM1,Carcinoembryonic antigen-related cell adhesion molecule 1,"Chapter VII Diseases of the eye, adnexa, ear and mastoid process",Other disorders of eyelid,49915,426,0.98 [0.70-1.38],0.9160735810956812
CEACAM1,Carcinoembryonic antigen-related cell adhesion molecule 1,"Chapter VII Diseases of the eye, adnexa, ear and mastoid process",Chalazion,49639,150,1.38 [0.75-2.53],0.3027451647756887
CEACAM1,Carcinoembryonic antigen-related cell adhesion molecule 1,"Chapter VII Diseases of the eye, adnexa, ear and mastoid process",Other specified and unspecified  disorders of eyelid,49729,240,1.13 [0.71-1.82],0.6052653042993856
CEACAM1,Carcinoembryonic antigen-related cell adhesion molecule 1,"Chapter VII Diseases of the eye, adnexa, ear and mastoid process",Disorders of lacrimal system,49644,155,0.97 [0.55-1.70],0.9175871950596908
CEACAM1,Carcinoembryonic antigen-related cell adhesion molecule 1,"Chapter VII Diseases of the eye, adnexa, ear and mastoid process",Senile cataract,44376,321,1.64 [1.08-2.47],0.0190667625275049
CEACAM1,Carcinoembryonic antigen-related cell adhesion molecule 1,"Chapter VII Diseases of the eye, adnexa, ear and mastoid process",Other cataract,44853,798,1.03 [0.80-1.31],0.8406447119553013
CEACAM1,Carcinoembryonic antigen-related cell adhesion molecule 1,"Chapter VII Diseases of the eye, adnexa, ear and mastoid process",Disorders of choroid and retina,49538,436,1.17 [0.83-1.66],0.3746835505799304
CEACAM1,Carcinoembryonic antigen-related cell adhesion molecule 1,"Chapter VII Diseases of the eye, adnexa, ear and mastoid process",Background diabetic retinopathy,50889,104,1.29 [0.66-2.51],0.4494256601945284
CEACAM1,Carcinoembryonic antigen-related cell adhesion molecule 1,"Chapter VII Diseases of the eye, adnexa, ear and mastoid process",Diabetic maculopathy,4384,104,0.86 [0.48-1.54],0.6152193920948068
CEACAM1,Carcinoembryonic antigen-related cell adhesion molecule 1,"Chapter VII Diseases of the eye, adnexa, ear and mastoid process","Diabetic maculopathy, excluding more controls",46609,104,1.44 [0.72-2.89],0.3026872277862484
CEACAM1,Carcinoembryonic antigen-related cell adhesion molecule 1,"Chapter VII Diseases of the eye, adnexa, ear and mastoid process",Glaucoma,50189,193,1.18 [0.69-2.02],0.5390995561292712
CEACAM1,Carcinoembryonic antigen-related cell adhesion molecule 1,"Chapter VII Diseases of the eye, adnexa, ear and mastoid process",Other and unspecified glaucoma,50101,105,1.14 [0.55-2.35],0.7196730919597403
CEACAM1,Carcinoembryonic antigen-related cell adhesion molecule 1,"Chapter VII Diseases of the eye, adnexa, ear and mastoid process","Disorders of ocular muscles, binocular movement, accommodation and refraction",50163,169,1.11 [0.60-2.04],0.7458446440334325
CEACAM1,Carcinoembryonic antigen-related cell adhesion molecule 1,"Chapter VII Diseases of the eye, adnexa, ear and mastoid process",Visual disturbances,50453,197,1.23 [0.73-2.06],0.431777790552419
CEACAM1,Carcinoembryonic antigen-related cell adhesion molecule 1,"Chapter VII Diseases of the eye, adnexa, ear and mastoid process",Diseases of middle ear and mastoid,51343,269,1.93 [1.21-3.10],0.0061288451093573
CEACAM1,Carcinoembryonic antigen-related cell adhesion molecule 1,"Chapter VII Diseases of the eye, adnexa, ear and mastoid process",Other disorders of ear,49815,202,0.94 [0.54-1.62],0.8201560559831728
CEACAM1,Carcinoembryonic antigen-related cell adhesion molecule 1,Chapter IX Diseases of the circulatory system,Death due to cardiac causes,36471,6567,1.18 [1.05-1.32],0.0039245729418917
CEACAM1,Carcinoembryonic antigen-related cell adhesion molecule 1,Chapter IX Diseases of the circulatory system,Rheumatic valve diseases,50278,133,1.18 [0.62-2.27],0.6139015844950215
CEACAM1,Carcinoembryonic antigen-related cell adhesion molecule 1,Chapter IX Diseases of the circulatory system,"Hypertension, essential",38405,4533,1.24 [1.09-1.40],0.0008508321513442
CEACAM1,Carcinoembryonic antigen-related cell adhesion molecule 1,Chapter IX Diseases of the circulatory system,Hypertension,38470,4598,1.23 [1.08-1.39],0.0013378899268573
CEACAM1,Carcinoembryonic antigen-related cell adhesion molecule 1,Chapter IX Diseases of the circulatory system,Hypertensive Renal Disease,34029,157,0.88 [0.49-1.58],0.6761296904070995
CEACAM1,Carcinoembryonic antigen-related cell adhesion molecule 1,Chapter IX Diseases of the circulatory system,"Ischaemic heart disease, wide definition",47137,2402,0.89 [0.76-1.04],0.1287086850000271
CEACAM1,Carcinoembryonic antigen-related cell adhesion molecule 1,Chapter IX Diseases of the circulatory system,Angina pectoris,46178,1443,0.93 [0.76-1.13],0.4449900534713525
CEACAM1,Carcinoembryonic antigen-related cell adhesion molecule 1,Chapter IX Diseases of the circulatory system,Unstable angina pectoris,49451,482,1.05 [0.75-1.47],0.7697565524842249
CEACAM1,Carcinoembryonic antigen-related cell adhesion molecule 1,Chapter IX Diseases of the circulatory system,Major coronary heart disease event,49930,961,0.81 [0.64-1.03],0.0861793001425309
CEACAM1,Carcinoembryonic antigen-related cell adhesion molecule 1,Chapter IX Diseases of the circulatory system,"Myocardial infarction, with ST-elevation",51300,193,0.74 [0.43-1.28],0.282194544481716
CEACAM1,Carcinoembryonic antigen-related cell adhesion molecule 1,Chapter IX Diseases of the circulatory system,"Myocardial infarction, strict",45334,599,0.70 [0.52-0.93],0.0160840939533741
CEACAM1,Carcinoembryonic antigen-related cell adhesion molecule 1,Chapter IX Diseases of the circulatory system,Coronary atherosclerosis,46606,1907,0.90 [0.75-1.07],0.2342175591849108
CEACAM1,Carcinoembryonic antigen-related cell adhesion molecule 1,Chapter IX Diseases of the circulatory system,Pulmonary embolism,49897,215,1.00 [0.61-1.64],0.9952504161887876
CEACAM1,Carcinoembryonic antigen-related cell adhesion molecule 1,Chapter IX Diseases of the circulatory system,Venous thromboembolism,50109,457,0.83 [0.59-1.16],0.2711320940019704
CEACAM1,Carcinoembryonic antigen-related cell adhesion molecule 1,Chapter IX Diseases of the circulatory system,Secondary right heart disease,49862,180,1.52 [0.86-2.69],0.1480088349084891
CEACAM1,Carcinoembryonic antigen-related cell adhesion molecule 1,Chapter IX Diseases of the circulatory system,Other pulmonary heart/vessel disease,49864,182,1.57 [0.89-2.76],0.1220659955298633
CEACAM1,Carcinoembryonic antigen-related cell adhesion molecule 1,Chapter IX Diseases of the circulatory system,"Hypertension, Pulmonary Arterial",34045,173,1.49 [0.82-2.71],0.1870579450479838
CEACAM1,Carcinoembryonic antigen-related cell adhesion molecule 1,Chapter IX Diseases of the circulatory system,Cardiomyopathy,42729,117,1.72 [0.85-3.49],0.1332248167634491
CEACAM1,Carcinoembryonic antigen-related cell adhesion molecule 1,Chapter IX Diseases of the circulatory system,Conduction disorders,42861,249,1.02 [0.65-1.62],0.920021153024386
CEACAM1,Carcinoembryonic antigen-related cell adhesion molecule 1,Chapter IX Diseases of the circulatory system,Paroxysmal tachycardia,28416,238,0.70 [0.43-1.13],0.1463354644866293
CEACAM1,Carcinoembryonic antigen-related cell adhesion molecule 1,Chapter IX Diseases of the circulatory system,Atrial fibrillation and flutter,29060,882,1.24 [0.92-1.66],0.1566047049869417
CEACAM1,Carcinoembryonic antigen-related cell adhesion molecule 1,Chapter IX Diseases of the circulatory system,Other arrhythmias,42747,135,1.03 [0.55-1.92],0.9336814731302228
CEACAM1,Carcinoembryonic antigen-related cell adhesion molecule 1,Chapter IX Diseases of the circulatory system,Other or ill-defined heart diseases,42796,184,1.14 [0.66-1.98],0.6400256384677964
CEACAM1,Carcinoembryonic antigen-related cell adhesion molecule 1,Chapter IX Diseases of the circulatory system,"Heart failure, strict",49405,410,1.50 [1.02-2.21],0.0402647587824118
CEACAM1,Carcinoembryonic antigen-related cell adhesion molecule 1,Chapter IX Diseases of the circulatory system,"Stroke, including SAH",49741,311,0.83 [0.56-1.24],0.374368912706748
CEACAM1,Carcinoembryonic antigen-related cell adhesion molecule 1,Chapter IX Diseases of the circulatory system,"Stroke, excluding SAH",49811,261,0.84 [0.55-1.30],0.4367655790709012
CEACAM1,Carcinoembryonic antigen-related cell adhesion molecule 1,Chapter IX Diseases of the circulatory system,"Ischaemic Stroke, excluding all haemorrhages",49970,230,0.77 [0.49-1.22],0.2630689293145253
CEACAM1,Carcinoembryonic antigen-related cell adhesion molecule 1,Chapter IX Diseases of the circulatory system,Other diseases of arteries and capillaries,49180,160,1.15 [0.62-2.13],0.65286709776326
CEACAM1,Carcinoembryonic antigen-related cell adhesion molecule 1,Chapter IX Diseases of the circulatory system,Other peripheral vascular diseases,49279,259,1.33 [0.84-2.12],0.2266506078536868
CEACAM1,Carcinoembryonic antigen-related cell adhesion molecule 1,Chapter IX Diseases of the circulatory system,Phlebitis and thrombophlebitis (not including DVT),48589,283,0.73 [0.48-1.11],0.1377808589036871
CEACAM1,Carcinoembryonic antigen-related cell adhesion molecule 1,Chapter IX Diseases of the circulatory system,DVT of lower extremities,48548,242,0.94 [0.58-1.53],0.8170300002104041
CEACAM1,Carcinoembryonic antigen-related cell adhesion molecule 1,Chapter IX Diseases of the circulatory system,"!Phlebitis/thrombophlebitis venae iliacae [externae/internae/communis], drug-induced",51123,233,1.01 [0.62-1.66],0.9638497681435017
CEACAM1,Carcinoembryonic antigen-related cell adhesion molecule 1,Chapter IX Diseases of the circulatory system,Varicose veins,49258,952,0.96 [0.74-1.25],0.7801041300205461
CEACAM1,Carcinoembryonic antigen-related cell adhesion molecule 1,Chapter IX Diseases of the circulatory system,Hypotension,49105,173,0.66 [0.39-1.10],0.1120038535386454
CEACAM1,Carcinoembryonic antigen-related cell adhesion molecule 1,Chapter X Diseases of the respiratory system,Diseases of the respiratory system,41090,4125,1.31 [1.16-1.48],1.776179427947938e-05
CEACAM1,Carcinoembryonic antigen-related cell adhesion molecule 1,Chapter X Diseases of the respiratory system,Acute upper respiratory infections,51177,216,1.84 [1.13-3.00],0.0144509447538856
CEACAM1,Carcinoembryonic antigen-related cell adhesion molecule 1,Chapter X Diseases of the respiratory system,Influenza and pneumonia,47772,450,1.58 [1.11-2.26],0.0119240515982902
CEACAM1,Carcinoembryonic antigen-related cell adhesion molecule 1,Chapter X Diseases of the respiratory system,"Pneumonia, organism unspecified",47714,392,1.80 [1.22-2.64],0.0030340223973652
CEACAM1,Carcinoembryonic antigen-related cell adhesion molecule 1,Chapter X Diseases of the respiratory system,Other acute lower respiratory infections,49664,507,1.10 [0.80-1.51],0.5578339656863911
CEACAM1,Carcinoembryonic antigen-related cell adhesion molecule 1,Chapter X Diseases of the respiratory system,Unspecified acute lower respiratory infection,49653,496,1.05 [0.76-1.45],0.7600881814248226
CEACAM1,Carcinoembryonic antigen-related cell adhesion molecule 1,Chapter X Diseases of the respiratory system,Other diseases of upper respiratory tract,49938,1220,1.14 [0.92-1.41],0.2175874971878091
CEACAM1,Carcinoembryonic antigen-related cell adhesion molecule 1,Chapter X Diseases of the respiratory system,Chronic sinusitis,48905,187,0.99 [0.59-1.66],0.9761511439929904
CEACAM1,Carcinoembryonic antigen-related cell adhesion molecule 1,Chapter X Diseases of the respiratory system,Nasal polyp,48965,247,1.00 [0.60-1.66],0.9997442491952504
CEACAM1,Carcinoembryonic antigen-related cell adhesion molecule 1,Chapter X Diseases of the respiratory system,"Diseases of vocal cords and larynx+other diseases of upper respiratory tract, no elsewhere classified",49498,780,1.18 [0.91-1.54],0.2168045614471836
CEACAM1,Carcinoembryonic antigen-related cell adhesion molecule 1,Chapter X Diseases of the respiratory system,Deviated nasal septum,49084,366,1.26 [0.84-1.88],0.258509134447033
CEACAM1,Carcinoembryonic antigen-related cell adhesion molecule 1,Chapter X Diseases of the respiratory system,Vocal cord dysfunction,23694,126,0.68 [0.37-1.27],0.2279320606210615
CEACAM1,Carcinoembryonic antigen-related cell adhesion molecule 1,Chapter X Diseases of the respiratory system,Chronic lower respiratory diseases,46050,2021,1.17 [0.99-1.38],0.0597159524700394
CEACAM1,Carcinoembryonic antigen-related cell adhesion molecule 1,Chapter X Diseases of the respiratory system,Early onset COPD,49182,350,1.30 [0.86-1.95],0.2097515495244913
CEACAM1,Carcinoembryonic antigen-related cell adhesion molecule 1,Chapter X Diseases of the respiratory system,"COPD, hospital admissions 1, only main diagnosis",49234,402,1.41 [0.96-2.07],0.0834403232246215
CEACAM1,Carcinoembryonic antigen-related cell adhesion molecule 1,Chapter X Diseases of the respiratory system,"Other chronic obstructive pulmonary disease, including avohilmo",49234,402,1.41 [0.96-2.07],0.0834403232246215
CEACAM1,Carcinoembryonic antigen-related cell adhesion molecule 1,Chapter X Diseases of the respiratory system,"Asthma, hospital admissions , main diagnosis only",48085,1670,1.09 [0.91-1.30],0.3518817214120618
CEACAM1,Carcinoembryonic antigen-related cell adhesion molecule 1,Chapter X Diseases of the respiratory system,Asthma,36781,1670,1.18 [0.98-1.41],0.0839371157821903
CEACAM1,Carcinoembryonic antigen-related cell adhesion molecule 1,Chapter X Diseases of the respiratory system,"Asthma, excluding more controls",36245,1670,1.18 [0.98-1.42],0.0739743911954759
CEACAM1,Carcinoembryonic antigen-related cell adhesion molecule 1,Chapter X Diseases of the respiratory system,"Asthma, unspecified (mode)",36757,1646,1.21 [1.00-1.45],0.0463642132045876
CEACAM1,Carcinoembryonic antigen-related cell adhesion molecule 1,Chapter X Diseases of the respiratory system,Other respiratory diseases principally affecting the interstitium,50805,177,1.04 [0.62-1.74],0.884580154282069
CEACAM1,Carcinoembryonic antigen-related cell adhesion molecule 1,Chapter X Diseases of the respiratory system,Interstitial lung disease,48580,136,0.98 [0.55-1.74],0.9390657450372
CEACAM1,Carcinoembryonic antigen-related cell adhesion molecule 1,Chapter X Diseases of the respiratory system,"ILD, hospital admissions",50964,136,0.96 [0.54-1.71],0.8990085811215286
CEACAM1,Carcinoembryonic antigen-related cell adhesion molecule 1,Chapter X Diseases of the respiratory system,Idiopathic pulmonary fibrosis,48567,123,0.90 [0.50-1.63],0.7293821071726251
CEACAM1,Carcinoembryonic antigen-related cell adhesion molecule 1,Chapter X Diseases of the respiratory system,Pleural effusion,47371,222,1.23 [0.74-2.05],0.4166661884101512
CEACAM1,Carcinoembryonic antigen-related cell adhesion molecule 1,Chapter X Diseases of the respiratory system,Other diseases of pleura,47618,469,1.51 [1.06-2.15],0.0215568504743058
CEACAM1,Carcinoembryonic antigen-related cell adhesion molecule 1,Chapter X Diseases of the respiratory system,Other respiratory disorders and diseases,49007,215,2.43 [1.46-4.04],0.0006446503800069
CEACAM1,Carcinoembryonic antigen-related cell adhesion molecule 1,Chapter XI Diseases of the digestive system,Gastrointestinal diseases,35042,11667,1.28 [1.17-1.40],3.5250794993810327e-08
CEACAM1,Carcinoembryonic antigen-related cell adhesion molecule 1,Chapter XI Diseases of the digestive system,"Diseases of oral cavity, salivary glands and jaws",50497,845,1.05 [0.82-1.34],0.7049997606822644
CEACAM1,Carcinoembryonic antigen-related cell adhesion molecule 1,Chapter XI Diseases of the digestive system,Embedded and impacted teeth,51494,183,1.05 [0.59-1.88],0.8667684278071547
CEACAM1,Carcinoembryonic antigen-related cell adhesion molecule 1,Chapter XI Diseases of the digestive system,Impacted teeth,51502,170,1.17 [0.63-2.17],0.6161858998297024
CEACAM1,Carcinoembryonic antigen-related cell adhesion molecule 1,Chapter XI Diseases of the digestive system,Dental caries,49867,215,0.75 [0.51-1.10],0.1416489062212764
CEACAM1,Carcinoembryonic antigen-related cell adhesion molecule 1,Chapter XI Diseases of the digestive system,Diseases of pulp and periapical tissues,49853,201,1.98 [1.13-3.47],0.0172170116174014
CEACAM1,Carcinoembryonic antigen-related cell adhesion molecule 1,Chapter XI Diseases of the digestive system,Palatinal maxillary canine,51475,202,0.99 [0.58-1.70],0.967614947479166
CEACAM1,Carcinoembryonic antigen-related cell adhesion molecule 1,Chapter XI Diseases of the digestive system,Other disorders of teeth and supporting structures,49849,197,1.91 [1.09-3.34],0.0232419306769683
CEACAM1,Carcinoembryonic antigen-related cell adhesion molecule 1,Chapter XI Diseases of the digestive system,Other diseases of lip and oral mucosa,49309,154,0.90 [0.49-1.65],0.7298603286124465
CEACAM1,Carcinoembryonic antigen-related cell adhesion molecule 1,Chapter XI Diseases of the digestive system,Oral lichen ruber planus,51330,104,0.69 [0.36-1.33],0.2659156666667592
CEACAM1,Carcinoembryonic antigen-related cell adhesion molecule 1,Chapter XI Diseases of the digestive system,Gastroduodenal ulcer,39178,545,1.04 [0.76-1.42],0.8169770349160492
CEACAM1,Carcinoembryonic antigen-related cell adhesion molecule 1,Chapter XI Diseases of the digestive system,"Diseases of oesophagus, stomach and duodenum",42947,4314,1.33 [1.17-1.50],6.607136134696505e-06
CEACAM1,Carcinoembryonic antigen-related cell adhesion molecule 1,Chapter XI Diseases of the digestive system,Oesophagitis,39307,674,2.01 [1.46-2.76],1.918799029152931e-05
CEACAM1,Carcinoembryonic antigen-related cell adhesion molecule 1,Chapter XI Diseases of the digestive system,Gastro-oesophageal reflux disease,40020,1387,1.40 [1.13-1.73],0.0020122387214115
CEACAM1,Carcinoembryonic antigen-related cell adhesion molecule 1,Chapter XI Diseases of the digestive system,Other diseases of oesophagus,38787,154,1.61 [0.86-3.04],0.1392065269904038
CEACAM1,Carcinoembryonic antigen-related cell adhesion molecule 1,Chapter XI Diseases of the digestive system,Ulcer of oesophagus,39039,406,1.87 [1.24-2.81],0.0029915829471639
CEACAM1,Carcinoembryonic antigen-related cell adhesion molecule 1,Chapter XI Diseases of the digestive system,Oesophageal obstruction,38748,115,1.78 [0.84-3.76],0.1326568529059713
CEACAM1,Carcinoembryonic antigen-related cell adhesion molecule 1,Chapter XI Diseases of the digestive system,Gastric ulcer,38941,308,1.13 [0.74-1.71],0.5759670945932183
CEACAM1,Carcinoembryonic antigen-related cell adhesion molecule 1,Chapter XI Diseases of the digestive system,Duodenal ulcer,38879,246,1.40 [0.86-2.27],0.1817911183195506
CEACAM1,Carcinoembryonic antigen-related cell adhesion molecule 1,Chapter XI Diseases of the digestive system,"Duodenal ulcer - Unspecified as acute or chronic, without haemorrhage or perforation, drug-induced",51284,169,0.95 [0.55-1.63],0.8411211418065396
CEACAM1,Carcinoembryonic antigen-related cell adhesion molecule 1,Chapter XI Diseases of the digestive system,Chronic gastritis,38879,246,1.55 [0.96-2.51],0.074261978924689
CEACAM1,Carcinoembryonic antigen-related cell adhesion molecule 1,Chapter XI Diseases of the digestive system,Other gastritis (incl. Duodenitis),40265,1632,1.49 [1.22-1.81],7.806041418034191e-05
CEACAM1,Carcinoembryonic antigen-related cell adhesion molecule 1,Chapter XI Diseases of the digestive system,Diseases of appendix,51242,254,1.04 [0.64-1.67],0.8857703454168986
CEACAM1,Carcinoembryonic antigen-related cell adhesion molecule 1,Chapter XI Diseases of the digestive system,Functional dyspepsia,39505,872,1.08 [0.84-1.38],0.5554934925448869
CEACAM1,Carcinoembryonic antigen-related cell adhesion molecule 1,Chapter XI Diseases of the digestive system,Other diseases of stomach and duodenum,38978,345,1.49 [0.96-2.30],0.0758652216887274
CEACAM1,Carcinoembryonic antigen-related cell adhesion molecule 1,Chapter XI Diseases of the digestive system,Colonic or urogenital fistula,51232,311,0.92 [0.64-1.34],0.672821867988185
CEACAM1,Carcinoembryonic antigen-related cell adhesion molecule 1,Chapter XI Diseases of the digestive system,Acute appendicitis,51193,205,1.01 [0.59-1.72],0.9734155521342374
CEACAM1,Carcinoembryonic antigen-related cell adhesion molecule 1,Chapter XI Diseases of the digestive system,Hernia,45110,3258,1.12 [0.98-1.29],0.1076130119606633
CEACAM1,Carcinoembryonic antigen-related cell adhesion molecule 1,Chapter XI Diseases of the digestive system,Inguinal hernia,43056,1204,0.95 [0.76-1.19],0.6475093025939659
CEACAM1,Carcinoembryonic antigen-related cell adhesion molecule 1,Chapter XI Diseases of the digestive system,Umbilical hernia,42110,258,1.06 [0.71-1.59],0.7757120208137932
CEACAM1,Carcinoembryonic antigen-related cell adhesion molecule 1,Chapter XI Diseases of the digestive system,Ventral hernia,42058,206,0.76 [0.48-1.18],0.2153829897246886
CEACAM1,Carcinoembryonic antigen-related cell adhesion molecule 1,Chapter XI Diseases of the digestive system,Diaphragmatic hernia,43573,1721,1.41 [1.16-1.71],0.000472804235966
CEACAM1,Carcinoembryonic antigen-related cell adhesion molecule 1,Chapter XI Diseases of the digestive system,Noninfective enteritis and colitis,49595,1529,1.43 [1.17-1.74],0.0005050623948758
CEACAM1,Carcinoembryonic antigen-related cell adhesion molecule 1,Chapter XI Diseases of the digestive system,Other diseases of intestines,40330,4018,1.20 [1.06-1.37],0.0042985265334817
CEACAM1,Carcinoembryonic antigen-related cell adhesion molecule 1,Chapter XI Diseases of the digestive system,"Crohn disease (strict definition, all UC cases excluded)",50867,120,0.69 [0.36-1.34],0.2759866116463002
CEACAM1,Carcinoembryonic antigen-related cell adhesion molecule 1,Chapter XI Diseases of the digestive system,"Crohn disease (strict definition, require KELA, min 2 HDR)",51417,165,0.82 [0.46-1.47],0.5070318067530175
CEACAM1,Carcinoembryonic antigen-related cell adhesion molecule 1,Chapter XI Diseases of the digestive system,Crohn disease,48231,165,0.84 [0.47-1.51],0.5563359865194595
CEACAM1,Carcinoembryonic antigen-related cell adhesion molecule 1,Chapter XI Diseases of the digestive system,Crohn's disease NAS,48192,126,0.75 [0.40-1.40],0.3589616856551758
CEACAM1,Carcinoembryonic antigen-related cell adhesion molecule 1,Chapter XI Diseases of the digestive system,"Ulcerative colitis (strict definition, require KELA, min 2 HDR)",51281,278,1.30 [0.81-2.09],0.2807146322826522
CEACAM1,Carcinoembryonic antigen-related cell adhesion molecule 1,Chapter XI Diseases of the digestive system,Ulcerative colitis,48344,278,1.33 [0.83-2.16],0.2391523052031442
CEACAM1,Carcinoembryonic antigen-related cell adhesion molecule 1,Chapter XI Diseases of the digestive system,"Ulcerative colitis, NAS",48316,250,1.68 [1.01-2.80],0.047487161419117
CEACAM1,Carcinoembryonic antigen-related cell adhesion molecule 1,Chapter XI Diseases of the digestive system,Other noninfective gastroenteritis and colitis,49303,1237,1.61 [1.29-2.01],2.5754535644997576e-05
CEACAM1,Carcinoembryonic antigen-related cell adhesion molecule 1,Chapter XI Diseases of the digestive system,Noninfectious colitis NAS,49289,1223,1.62 [1.30-2.02],2.300140603746014e-05
CEACAM1,Carcinoembryonic antigen-related cell adhesion molecule 1,Chapter XI Diseases of the digestive system,Paralytic ileus and intestinal obstruction,36515,203,0.88 [0.51-1.55],0.6672202687988288
CEACAM1,Carcinoembryonic antigen-related cell adhesion molecule 1,Chapter XI Diseases of the digestive system,Intestinal stricture,50622,203,0.89 [0.52-1.54],0.6834947603584451
CEACAM1,Carcinoembryonic antigen-related cell adhesion molecule 1,Chapter XI Diseases of the digestive system,"Other or unspecified ileus, impaction or obstruction",36446,134,0.70 [0.36-1.37],0.295863558625145
CEACAM1,Carcinoembryonic antigen-related cell adhesion molecule 1,Chapter XI Diseases of the digestive system,Diverticular disease of intestine,37526,1214,1.18 [0.93-1.50],0.1779306320203224
CEACAM1,Carcinoembryonic antigen-related cell adhesion molecule 1,Chapter XI Diseases of the digestive system,Irritable bowel syndrome,36644,332,1.49 [0.95-2.33],0.0806686057003145
CEACAM1,Carcinoembryonic antigen-related cell adhesion molecule 1,Chapter XI Diseases of the digestive system,Other functional intestinal disorders,36886,574,1.72 [1.24-2.40],0.0012855996144418
CEACAM1,Carcinoembryonic antigen-related cell adhesion molecule 1,Chapter XI Diseases of the digestive system,Constipation,48265,517,1.71 [1.22-2.41],0.0019494924132463
CEACAM1,Carcinoembryonic antigen-related cell adhesion molecule 1,Chapter XI Diseases of the digestive system,Diseases of peritoneum,50639,179,0.80 [0.46-1.38],0.4159375052207122
CEACAM1,Carcinoembryonic antigen-related cell adhesion molecule 1,Chapter XI Diseases of the digestive system,Fissure and fistula of anal and rectal regions,36597,285,0.91 [0.61-1.35],0.6397293989532424
CEACAM1,Carcinoembryonic antigen-related cell adhesion molecule 1,Chapter XI Diseases of the digestive system,Abscess of anal and rectal regions,36455,143,0.73 [0.43-1.23],0.2417225524884081
CEACAM1,Carcinoembryonic antigen-related cell adhesion molecule 1,Chapter XI Diseases of the digestive system,Other diseases of anus and rectum,38076,1764,1.24 [1.03-1.50],0.0228562840502341
CEACAM1,Carcinoembryonic antigen-related cell adhesion molecule 1,Chapter XI Diseases of the digestive system,Other diseases of intestine,36863,551,1.10 [0.80-1.53],0.5489445811220803
CEACAM1,Carcinoembryonic antigen-related cell adhesion molecule 1,Chapter XI Diseases of the digestive system,Other diseases of peritoneum,50611,151,0.71 [0.40-1.25],0.2357872990710506
CEACAM1,Carcinoembryonic antigen-related cell adhesion molecule 1,Chapter XI Diseases of the digestive system,Diseases of liver,49917,249,,
CEACAM1,Carcinoembryonic antigen-related cell adhesion molecule 1,Chapter XI Diseases of the digestive system,Other diseases of liver,49806,138,,
CEACAM1,Carcinoembryonic antigen-related cell adhesion molecule 1,Chapter XI Diseases of the digestive system,"Disorders of gallbladder, biliary tract and pancreas",48799,1257,1.30 [1.04-1.61],0.021063480104644
CEACAM1,Carcinoembryonic antigen-related cell adhesion molecule 1,Chapter XI Diseases of the digestive system,Cholelithiasis,48549,1007,1.16 [0.91-1.48],0.2231813590111752
CEACAM1,Carcinoembryonic antigen-related cell adhesion molecule 1,Chapter XI Diseases of the digestive system,Cholecystitis,47742,200,1.19 [0.69-2.07],0.5342039864234877
CEACAM1,Carcinoembryonic antigen-related cell adhesion molecule 1,Chapter XI Diseases of the digestive system,Other diseases of biliary tract,47644,102,6.28 [3.03-13.00],7.634037964143416e-07
CEACAM1,Carcinoembryonic antigen-related cell adhesion molecule 1,Chapter XI Diseases of the digestive system,Acute pancreatitis,47679,137,2.26 [1.17-4.36],0.0150537584297774
CEACAM1,Carcinoembryonic antigen-related cell adhesion molecule 1,Chapter XI Diseases of the digestive system,Acute pancreatitis (for exclusion),51198,137,2.15 [1.13-4.10],0.0203551372053003
CEACAM1,Carcinoembryonic antigen-related cell adhesion molecule 1,Chapter XI Diseases of the digestive system,Diseases of the digestive system,48760,628,1.43 [1.05-1.96],0.0244797401895856
CEACAM1,Carcinoembryonic antigen-related cell adhesion molecule 1,Chapter XI Diseases of the digestive system,Intestinal malabsorption,48272,140,1.05 [0.52-2.14],0.8867978133792255
CEACAM1,Carcinoembryonic antigen-related cell adhesion molecule 1,Chapter XI Diseases of the digestive system,Coeliac disease,48246,114,1.18 [0.53-2.62],0.6907224769723693
CEACAM1,Carcinoembryonic antigen-related cell adhesion molecule 1,Chapter XI Diseases of the digestive system,"Postprocedural disorders of digestive system, not elsewhere classified",48234,102,1.21 [0.54-2.72],0.641947484397555
CEACAM1,Carcinoembryonic antigen-related cell adhesion molecule 1,Chapter XI Diseases of the digestive system,Other diseases of the digestive system,48530,398,1.59 [1.08-2.32],0.0174890927355504
CEACAM1,Carcinoembryonic antigen-related cell adhesion molecule 1,Chapter XI Diseases of the digestive system,GI-bleeding,48516,384,1.52 [1.03-2.24],0.0329176954159319
CEACAM1,Carcinoembryonic antigen-related cell adhesion molecule 1,Chapter XII Diseases of the skin and subcutaneous tissue,Diseases of the skin and subcutaneous tissue,45202,3118,1.21 [1.05-1.39],0.0077723588610742
CEACAM1,Carcinoembryonic antigen-related cell adhesion molecule 1,Chapter XII Diseases of the skin and subcutaneous tissue,Dermatitis and eczema,50642,207,1.64 [0.97-2.78],0.0632086380888934
CEACAM1,Carcinoembryonic antigen-related cell adhesion molecule 1,Chapter XII Diseases of the skin and subcutaneous tissue,Disorders of skin appendages,50708,913,1.18 [0.92-1.52],0.1926809827730151
CEACAM1,Carcinoembryonic antigen-related cell adhesion molecule 1,Chapter XII Diseases of the skin and subcutaneous tissue,Other disorders of skin and subcutaneous tissue,48345,1162,1.12 [0.90-1.40],0.2982110587578033
CEACAM1,Carcinoembryonic antigen-related cell adhesion molecule 1,Chapter XII Diseases of the skin and subcutaneous tissue,Infections of the skin and subcutaneous tissue,49704,787,1.08 [0.84-1.40],0.5427489055215862
CEACAM1,Carcinoembryonic antigen-related cell adhesion molecule 1,Chapter XII Diseases of the skin and subcutaneous tissue,"Cutaneous abscess, furuncle and carbuncle",49091,174,1.00 [0.60-1.66],0.9945959479606756
CEACAM1,Carcinoembryonic antigen-related cell adhesion molecule 1,Chapter XII Diseases of the skin and subcutaneous tissue,Cellulitis,49422,505,1.33 [0.95-1.87],0.0953357376264506
CEACAM1,Carcinoembryonic antigen-related cell adhesion molecule 1,Chapter XII Diseases of the skin and subcutaneous tissue,Papulosquamous disorders,50992,183,1.34 [0.78-2.29],0.2839615600029901
CEACAM1,Carcinoembryonic antigen-related cell adhesion molecule 1,Chapter XII Diseases of the skin and subcutaneous tissue,Psoriasis,50950,141,1.49 [0.81-2.71],0.1986105520166748
CEACAM1,Carcinoembryonic antigen-related cell adhesion molecule 1,Chapter XII Diseases of the skin and subcutaneous tissue,Other and unspecified psoriasis,50917,108,1.45 [0.74-2.86],0.2816882223160601
CEACAM1,Carcinoembryonic antigen-related cell adhesion molecule 1,Chapter XII Diseases of the skin and subcutaneous tissue,Radiation-related disorders of the skin and subcutaneous tissue,50953,114,1.05 [0.48-2.31],0.9012167955319844
CEACAM1,Carcinoembryonic antigen-related cell adhesion molecule 1,Chapter XII Diseases of the skin and subcutaneous tissue,Skin changes due to chronic exposure to nonionizing radiation,50948,109,1.10 [0.49-2.46],0.8244474676178608
CEACAM1,Carcinoembryonic antigen-related cell adhesion molecule 1,Chapter XII Diseases of the skin and subcutaneous tissue,Nail disorders,49911,116,1.32 [0.65-2.67],0.4460732340730213
CEACAM1,Carcinoembryonic antigen-related cell adhesion molecule 1,Chapter XII Diseases of the skin and subcutaneous tissue,Follicular cysts of skin and subcutaneous tissue,50522,727,1.11 [0.83-1.48],0.4771663244511037
CEACAM1,Carcinoembryonic antigen-related cell adhesion molecule 1,Chapter XII Diseases of the skin and subcutaneous tissue,Seborrhoeic keratosis,47366,183,0.90 [0.50-1.61],0.7134410438817382
CEACAM1,Carcinoembryonic antigen-related cell adhesion molecule 1,Chapter XII Diseases of the skin and subcutaneous tissue,Atrophic disorders of skin,47384,201,1.39 [0.80-2.41],0.2434393010454322
CEACAM1,Carcinoembryonic antigen-related cell adhesion molecule 1,Chapter XII Diseases of the skin and subcutaneous tissue,Scar conditions and fibrosis of skin,47336,153,1.53 [0.82-2.85],0.1804875891410787
CEACAM1,Carcinoembryonic antigen-related cell adhesion molecule 1,Chapter XII Diseases of the skin and subcutaneous tissue,"Other disorders of skin and subcutaneous tissue, not elsewhere classified",47629,446,0.99 [0.70-1.40],0.957059257875163
CEACAM1,Carcinoembryonic antigen-related cell adhesion molecule 1,Chapter XII Diseases of the skin and subcutaneous tissue,Other and unspecified disorders of skin and subcutaneous tissue,47581,398,1.10 [0.75-1.60],0.6265903628682354
CEACAM1,Carcinoembryonic antigen-related cell adhesion molecule 1,Chapter XIII Diseases of the musculoskeletal system and connective tissue,Diseases of the musculoskeletal system and connective tissue,37086,7981,1.20 [1.09-1.32],0.0002040503955647
CEACAM1,Carcinoembryonic antigen-related cell adhesion molecule 1,Chapter XIII Diseases of the musculoskeletal system and connective tissue,Arthropathies,40339,4640,1.10 [0.98-1.24],0.1181800509434161
CEACAM1,Carcinoembryonic antigen-related cell adhesion molecule 1,Chapter XIII Diseases of the musculoskeletal system and connective tissue,Soft tissue disorders,46462,2414,1.33 [1.13-1.55],0.0004299091599335
CEACAM1,Carcinoembryonic antigen-related cell adhesion molecule 1,Chapter XIII Diseases of the musculoskeletal system and connective tissue,Rheumatoid arthritis,36002,303,2.03 [1.29-3.19],0.0022373175607248
CEACAM1,Carcinoembryonic antigen-related cell adhesion molecule 1,Chapter XIII Diseases of the musculoskeletal system and connective tissue,Polyarthropathies,36639,940,1.52 [1.18-1.95],0.0011302023967285
CEACAM1,Carcinoembryonic antigen-related cell adhesion molecule 1,Chapter XIII Diseases of the musculoskeletal system and connective tissue,"Other (seronegative) rheumatoid arthritis, wide",50701,291,1.75 [1.11-2.75],0.0155542249710439
CEACAM1,Carcinoembryonic antigen-related cell adhesion molecule 1,Chapter XIII Diseases of the musculoskeletal system and connective tissue,Other/unspecified rheumatoid arthritis,50723,263,2.09 [1.30-3.36],0.0022519811316343
CEACAM1,Carcinoembryonic antigen-related cell adhesion molecule 1,Chapter XIII Diseases of the musculoskeletal system and connective tissue,Arthrosis,37996,2297,1.05 [0.88-1.24],0.5948202891095093
CEACAM1,Carcinoembryonic antigen-related cell adhesion molecule 1,Chapter XIII Diseases of the musculoskeletal system and connective tissue,"Artrosis, including avohilmo",43173,2297,1.02 [0.86-1.20],0.8494822701349272
CEACAM1,Carcinoembryonic antigen-related cell adhesion molecule 1,Chapter XIII Diseases of the musculoskeletal system and connective tissue,Gout,35840,141,2.12 [1.11-4.04],0.0223610555892809
CEACAM1,Carcinoembryonic antigen-related cell adhesion molecule 1,Chapter XIII Diseases of the musculoskeletal system and connective tissue,"Gout, unspecified",50385,137,2.14 [1.14-4.04],0.0185118651871954
CEACAM1,Carcinoembryonic antigen-related cell adhesion molecule 1,Chapter XIII Diseases of the musculoskeletal system and connective tissue,Other specified/unspecified arthritis,36151,452,1.31 [0.92-1.86],0.1294932559569486
CEACAM1,Carcinoembryonic antigen-related cell adhesion molecule 1,Chapter XIII Diseases of the musculoskeletal system and connective tissue,Polyarthrosis,35842,143,0.88 [0.46-1.70],0.711802655057852
CEACAM1,Carcinoembryonic antigen-related cell adhesion molecule 1,Chapter XIII Diseases of the musculoskeletal system and connective tissue,Coxarthrosis,36262,563,0.79 [0.57-1.11],0.1756417227336899
CEACAM1,Carcinoembryonic antigen-related cell adhesion molecule 1,Chapter XIII Diseases of the musculoskeletal system and connective tissue,"Coxarthrosis, primary",51232,277,0.72 [0.45-1.14],0.1556221456466155
CEACAM1,Carcinoembryonic antigen-related cell adhesion molecule 1,Chapter XIII Diseases of the musculoskeletal system and connective tissue,Gonarthrosis,36753,1054,0.92 [0.73-1.16],0.5053018651961603
CEACAM1,Carcinoembryonic antigen-related cell adhesion molecule 1,Chapter XIII Diseases of the musculoskeletal system and connective tissue,Other arthrosis,36493,794,1.68 [1.26-2.24],0.0004391978877871
CEACAM1,Carcinoembryonic antigen-related cell adhesion molecule 1,Chapter XIII Diseases of the musculoskeletal system and connective tissue,Other joint disorders,38278,2579,1.02 [0.88-1.19],0.768102991142323
CEACAM1,Carcinoembryonic antigen-related cell adhesion molecule 1,Chapter XIII Diseases of the musculoskeletal system and connective tissue,Other deformities of toe(s),35829,130,1.86 [0.89-3.86],0.0971281288807723
CEACAM1,Carcinoembryonic antigen-related cell adhesion molecule 1,Chapter XIII Diseases of the musculoskeletal system and connective tissue,Hallux valgus (acquired),36173,474,1.02 [0.71-1.46],0.9229192863317496
CEACAM1,Carcinoembryonic antigen-related cell adhesion molecule 1,Chapter XIII Diseases of the musculoskeletal system and connective tissue,Hallux rigidus,35810,111,0.76 [0.36-1.59],0.4636999142595577
CEACAM1,Carcinoembryonic antigen-related cell adhesion molecule 1,Chapter XIII Diseases of the musculoskeletal system and connective tissue,Other hammer toe(s) (acquired),35821,122,0.73 [0.35-1.51],0.3957421104560229
CEACAM1,Carcinoembryonic antigen-related cell adhesion molecule 1,Chapter XIII Diseases of the musculoskeletal system and connective tissue,Internal derangement of knee,36665,966,0.92 [0.72-1.18],0.5121344618277124
CEACAM1,Carcinoembryonic antigen-related cell adhesion molecule 1,Chapter XIII Diseases of the musculoskeletal system and connective tissue,Meniscus derangement,36533,834,0.98 [0.75-1.29],0.8916191757871857
CEACAM1,Carcinoembryonic antigen-related cell adhesion molecule 1,Chapter XIII Diseases of the musculoskeletal system and connective tissue,Pain in joint,39895,557,0.85 [0.64-1.12],0.2371298630813847
CEACAM1,Carcinoembryonic antigen-related cell adhesion molecule 1,Chapter XIII Diseases of the musculoskeletal system and connective tissue,Systemic lupus erythematosus,50432,261,1.36 [0.91-2.04],0.1345233439893046
CEACAM1,Carcinoembryonic antigen-related cell adhesion molecule 1,Chapter XIII Diseases of the musculoskeletal system and connective tissue,Other systemic involvement of connective tissue,50285,114,3.26 [1.60-6.61],0.0010869937001488
CEACAM1,Carcinoembryonic antigen-related cell adhesion molecule 1,Chapter XIII Diseases of the musculoskeletal system and connective tissue,Deforming dorsopathies,44555,126,0.93 [0.48-1.79],0.8333938531071241
CEACAM1,Carcinoembryonic antigen-related cell adhesion molecule 1,Chapter XIII Diseases of the musculoskeletal system and connective tissue,Spondylopathies,45023,594,1.35 [0.99-1.84],0.0564976644560448
CEACAM1,Carcinoembryonic antigen-related cell adhesion molecule 1,Chapter XIII Diseases of the musculoskeletal system and connective tissue,Dorsopathies,46290,1861,1.33 [1.12-1.59],0.0015230835854191
CEACAM1,Carcinoembryonic antigen-related cell adhesion molecule 1,Chapter XIII Diseases of the musculoskeletal system and connective tissue,Spondylosis,44809,380,1.35 [0.91-2.00],0.1301522264227171
CEACAM1,Carcinoembryonic antigen-related cell adhesion molecule 1,Chapter XIII Diseases of the musculoskeletal system and connective tissue,Spinal stenosis,44603,174,1.01 [0.61-1.68],0.9559402892113844
CEACAM1,Carcinoembryonic antigen-related cell adhesion molecule 1,Chapter XIII Diseases of the musculoskeletal system and connective tissue,"Other dorsopathies, not elsewhere classified",45895,1466,1.33 [1.09-1.63],0.004859588398576
CEACAM1,Carcinoembryonic antigen-related cell adhesion molecule 1,Chapter XIII Diseases of the musculoskeletal system and connective tissue,Cervical disc disorders,44533,104,2.55 [1.17-5.56],0.0183619855414965
CEACAM1,Carcinoembryonic antigen-related cell adhesion molecule 1,Chapter XIII Diseases of the musculoskeletal system and connective tissue,Other intervertebral disc disorders,44899,470,1.17 [0.83-1.65],0.3706352374306585
CEACAM1,Carcinoembryonic antigen-related cell adhesion molecule 1,Chapter XIII Diseases of the musculoskeletal system and connective tissue,Lumbar disc prolapse,44632,203,1.35 [0.77-2.34],0.2917068981202977
CEACAM1,Carcinoembryonic antigen-related cell adhesion molecule 1,Chapter XIII Diseases of the musculoskeletal system and connective tissue,Sciatica+with lumbago,44587,158,2.23 [1.21-4.11],0.0104277115275993
CEACAM1,Carcinoembryonic antigen-related cell adhesion molecule 1,Chapter XIII Diseases of the musculoskeletal system and connective tissue,Other/unspecified dorsalgia,44710,281,0.96 [0.63-1.45],0.8463060847466606
CEACAM1,Carcinoembryonic antigen-related cell adhesion molecule 1,Chapter XIII Diseases of the musculoskeletal system and connective tissue,Cervicalgia,44558,129,2.57 [1.34-4.94],0.0046607394336154
CEACAM1,Carcinoembryonic antigen-related cell adhesion molecule 1,Chapter XIII Diseases of the musculoskeletal system and connective tissue,Low back pain,45039,610,1.53 [1.13-2.08],0.0064623007212544
CEACAM1,Carcinoembryonic antigen-related cell adhesion molecule 1,Chapter XIII Diseases of the musculoskeletal system and connective tissue,Disorders of synovium and tendon,44674,626,1.47 [1.08-2.01],0.0136216726872824
CEACAM1,Carcinoembryonic antigen-related cell adhesion molecule 1,Chapter XIII Diseases of the musculoskeletal system and connective tissue,Other/unspecified synovitis and tenosynovitis,44183,135,1.11 [0.56-2.20],0.7739013203552709
CEACAM1,Carcinoembryonic antigen-related cell adhesion molecule 1,Chapter XIII Diseases of the musculoskeletal system and connective tissue,Trigger finger,44223,175,1.33 [0.75-2.36],0.3295429847669324
CEACAM1,Carcinoembryonic antigen-related cell adhesion molecule 1,Chapter XIII Diseases of the musculoskeletal system and connective tissue,Ganglion,44253,205,1.85 [1.09-3.12],0.0222980656933191
CEACAM1,Carcinoembryonic antigen-related cell adhesion molecule 1,Chapter XIII Diseases of the musculoskeletal system and connective tissue,"Soft tissue disorders related to use, overuse and pressure",44147,99,3.26 [1.50-7.05],0.0027367796326756
CEACAM1,Carcinoembryonic antigen-related cell adhesion molecule 1,Chapter XIII Diseases of the musculoskeletal system and connective tissue,Fibroblastic disorders,44283,235,2.09 [1.23-3.55],0.0063170478587744
CEACAM1,Carcinoembryonic antigen-related cell adhesion molecule 1,Chapter XIII Diseases of the musculoskeletal system and connective tissue,Palmar fascial fibromatosis [Dupuytren],44256,208,2.55 [1.45-4.46],0.001113597061793
CEACAM1,Carcinoembryonic antigen-related cell adhesion molecule 1,Chapter XIII Diseases of the musculoskeletal system and connective tissue,Shoulder lesions,44571,523,1.66 [1.20-2.31],0.0024076652382335
CEACAM1,Carcinoembryonic antigen-related cell adhesion molecule 1,Chapter XIII Diseases of the musculoskeletal system and connective tissue,Other shoulder lesions,44160,112,0.85 [0.46-1.60],0.6213215212239953
CEACAM1,Carcinoembryonic antigen-related cell adhesion molecule 1,Chapter XIII Diseases of the musculoskeletal system and connective tissue,Rotator cuff syndrome,44200,152,2.69 [1.48-4.89],0.0012325325151081
CEACAM1,Carcinoembryonic antigen-related cell adhesion molecule 1,Chapter XIII Diseases of the musculoskeletal system and connective tissue,Impingement syndrome of shoulder,44293,245,2.05 [1.26-3.35],0.0041143218530287
CEACAM1,Carcinoembryonic antigen-related cell adhesion molecule 1,Chapter XIII Diseases of the musculoskeletal system and connective tissue,Other enthesopathies,44171,123,0.73 [0.40-1.34],0.307057170379083
CEACAM1,Carcinoembryonic antigen-related cell adhesion molecule 1,Chapter XIII Diseases of the musculoskeletal system and connective tissue,"Other soft tissue disorders, not elsewhere classified",44936,888,1.06 [0.84-1.36],0.6125761687697031
CEACAM1,Carcinoembryonic antigen-related cell adhesion molecule 1,Chapter XIII Diseases of the musculoskeletal system and connective tissue,Other specified/unspecified soft tissue disorders,44381,333,0.79 [0.55-1.13],0.1946275879203167
CEACAM1,Carcinoembryonic antigen-related cell adhesion molecule 1,Chapter XIII Diseases of the musculoskeletal system and connective tissue,Pain in limb,44524,476,0.97 [0.70-1.35],0.8650168188970915
CEACAM1,Carcinoembryonic antigen-related cell adhesion molecule 1,Chapter XIII Diseases of the musculoskeletal system and connective tissue,Osteoporosis,47748,340,1.40 [0.93-2.10],0.1071080874723129
CEACAM1,Carcinoembryonic antigen-related cell adhesion molecule 1,Chapter XIII Diseases of the musculoskeletal system and connective tissue,Osteopathies and chondropathies,48185,777,1.43 [1.09-1.87],0.0106095757649879
CEACAM1,Carcinoembryonic antigen-related cell adhesion molecule 1,Chapter XIII Diseases of the musculoskeletal system and connective tissue,Disorders of continuity of bone,47507,99,4.37 [2.07-9.23],0.0001107415768222
CEACAM1,Carcinoembryonic antigen-related cell adhesion molecule 1,Chapter XIII Diseases of the musculoskeletal system and connective tissue,Other specified/unspecified disorders of  bone/cartilage,47525,117,1.12 [0.56-2.25],0.7473180142974961
CEACAM1,Carcinoembryonic antigen-related cell adhesion molecule 1,Chapter XIII Diseases of the musculoskeletal system and connective tissue,Other disorders of bone,47611,203,1.24 [0.73-2.13],0.4270494579683465
CEACAM1,Carcinoembryonic antigen-related cell adhesion molecule 1,Chapter XIV Diseases of the genitourinary system,Genitourinary diseases,40877,8557,0.94 [0.86-1.03],0.194546900116864
CEACAM1,Carcinoembryonic antigen-related cell adhesion molecule 1,Chapter XIV Diseases of the genitourinary system,Diseases of male genital organs,20454,1290,0.80 [0.65-0.99],0.0373133209261046
CEACAM1,Carcinoembryonic antigen-related cell adhesion molecule 1,Chapter XIV Diseases of the genitourinary system,Renal tubulo-interstitial diseases,46261,506,0.96 [0.70-1.31],0.7861364843918598
CEACAM1,Carcinoembryonic antigen-related cell adhesion molecule 1,Chapter XIV Diseases of the genitourinary system,Other obstructive and reflux uropathy,45892,137,0.89 [0.46-1.72],0.7215019964280918
CEACAM1,Carcinoembryonic antigen-related cell adhesion molecule 1,Chapter XIV Diseases of the genitourinary system,Acute renal failure,46466,108,0.75 [0.42-1.35],0.3391270729170204
CEACAM1,Carcinoembryonic antigen-related cell adhesion molecule 1,Chapter XIV Diseases of the genitourinary system,Chronic kidney disease,46494,136,0.86 [0.48-1.55],0.6178765196015625
CEACAM1,Carcinoembryonic antigen-related cell adhesion molecule 1,Chapter XIV Diseases of the genitourinary system,Unspecified kidney failure,46493,135,1.46 [0.76-2.80],0.2615962804081166
CEACAM1,Carcinoembryonic antigen-related cell adhesion molecule 1,Chapter XIV Diseases of the genitourinary system,Urolithiasis,50808,490,1.26 [0.91-1.76],0.1684490399424716
CEACAM1,Carcinoembryonic antigen-related cell adhesion molecule 1,Chapter XIV Diseases of the genitourinary system,Other disorders of kidney and ureter,50648,145,2.12 [1.12-4.00],0.0206813580012996
CEACAM1,Carcinoembryonic antigen-related cell adhesion molecule 1,Chapter XIV Diseases of the genitourinary system,Calculus of kidney and ureter,50672,354,1.66 [1.11-2.48],0.0140350859666381
CEACAM1,Carcinoembryonic antigen-related cell adhesion molecule 1,Chapter XIV Diseases of the genitourinary system,Unspecified renal colic,50489,171,1.24 [0.73-2.10],0.4280994783299481
CEACAM1,Carcinoembryonic antigen-related cell adhesion molecule 1,Chapter XIV Diseases of the genitourinary system,Other diseases of urinary system,47061,2096,0.98 [0.84-1.16],0.8490008615762814
CEACAM1,Carcinoembryonic antigen-related cell adhesion molecule 1,Chapter XIV Diseases of the genitourinary system,Cystitis,45162,197,0.99 [0.59-1.66],0.9728069121582856
CEACAM1,Carcinoembryonic antigen-related cell adhesion molecule 1,Chapter XIV Diseases of the genitourinary system,Neuromuscular dysfunction of bladder,45129,164,1.09 [0.61-1.92],0.7738959575706631
CEACAM1,Carcinoembryonic antigen-related cell adhesion molecule 1,Chapter XIV Diseases of the genitourinary system,Other disorders of  bladder,45515,550,0.92 [0.68-1.25],0.5897000081283446
CEACAM1,Carcinoembryonic antigen-related cell adhesion molecule 1,Chapter XIV Diseases of the genitourinary system,Urethral stricture,45196,231,0.88 [0.58-1.34],0.5541158081847144
CEACAM1,Carcinoembryonic antigen-related cell adhesion molecule 1,Chapter XIV Diseases of the genitourinary system,Other disorders of urethra and urinary system,46326,1361,1.06 [0.86-1.30],0.5980756370878274
CEACAM1,Carcinoembryonic antigen-related cell adhesion molecule 1,Chapter XIV Diseases of the genitourinary system,Hyperplasia of prostate,19736,572,0.62 [0.45-0.85],0.0031903897730744
CEACAM1,Carcinoembryonic antigen-related cell adhesion molecule 1,Chapter XIV Diseases of the genitourinary system,Inflammatory diseases of prostate (prostatitis),19271,107,0.74 [0.38-1.42],0.3609239091047389
CEACAM1,Carcinoembryonic antigen-related cell adhesion molecule 1,Chapter XIV Diseases of the genitourinary system,Hydrocele,19267,103,0.99 [0.51-1.91],0.9774189545098808
CEACAM1,Carcinoembryonic antigen-related cell adhesion molecule 1,Chapter XIV Diseases of the genitourinary system,"Redundant prepuce, phimosis and paraphimosis",19329,165,0.91 [0.52-1.61],0.7529120399787235
CEACAM1,Carcinoembryonic antigen-related cell adhesion molecule 1,Chapter XIV Diseases of the genitourinary system,Other disorders of penis,19325,161,1.04 [0.55-1.97],0.9015217209493424
CEACAM1,Carcinoembryonic antigen-related cell adhesion molecule 1,Chapter XIV Diseases of the genitourinary system,Other disorders of male genital organs,19382,218,1.10 [0.67-1.82],0.6957394740894938
CEACAM1,Carcinoembryonic antigen-related cell adhesion molecule 1,Chapter XIV Diseases of the genitourinary system,Disorders of breast,27502,482,1.50 [1.05-2.16],0.0276658601413019
CEACAM1,Carcinoembryonic antigen-related cell adhesion molecule 1,Chapter XIV Diseases of the genitourinary system,Benign mammary dysplasia,27168,148,1.18 [0.62-2.27],0.6151081535678331
CEACAM1,Carcinoembryonic antigen-related cell adhesion molecule 1,Chapter XIV Diseases of the genitourinary system,Unspecified lump in breast,27192,172,1.20 [0.67-2.18],0.5380798152063271
CEACAM1,Carcinoembryonic antigen-related cell adhesion molecule 1,Chapter XIV Diseases of the genitourinary system,Other disorders of breast,27134,114,3.28 [1.56-6.88],0.001657400042875
CEACAM1,Carcinoembryonic antigen-related cell adhesion molecule 1,Chapter XIV Diseases of the genitourinary system,Inflammatory diseases of female pelvic organs,27440,559,0.81 [0.61-1.08],0.1471627305655672
CEACAM1,Carcinoembryonic antigen-related cell adhesion molecule 1,Chapter XIV Diseases of the genitourinary system,Inflammatory disease of cervix uteri,27014,133,0.60 [0.34-1.05],0.0720914863904537
CEACAM1,Carcinoembryonic antigen-related cell adhesion molecule 1,Chapter XIV Diseases of the genitourinary system,Other female pelvic inflammatory diseases,27132,251,0.99 [0.64-1.54],0.9691178183508754
CEACAM1,Carcinoembryonic antigen-related cell adhesion molecule 1,Chapter XIV Diseases of the genitourinary system,Noninflammatory disorders of female genital tract,25348,4618,0.96 [0.86-1.08],0.532341225961287
CEACAM1,Carcinoembryonic antigen-related cell adhesion molecule 1,Chapter XIV Diseases of the genitourinary system,Endometriosis,21090,360,1.14 [0.76-1.69],0.5261908701614135
CEACAM1,Carcinoembryonic antigen-related cell adhesion molecule 1,Chapter XIV Diseases of the genitourinary system,Unspecified/other endometriosis,20828,98,0.89 [0.44-1.80],0.7355649809556187
CEACAM1,Carcinoembryonic antigen-related cell adhesion molecule 1,Chapter XIV Diseases of the genitourinary system,Adenomyosis (Endometriosis of uterus),20893,163,0.90 [0.50-1.62],0.7328807626239522
CEACAM1,Carcinoembryonic antigen-related cell adhesion molecule 1,Chapter XIV Diseases of the genitourinary system,Female genital prolapse,21524,794,0.86 [0.65-1.14],0.3024456076964208
CEACAM1,Carcinoembryonic antigen-related cell adhesion molecule 1,Chapter XIV Diseases of the genitourinary system,Ovarian cyst,21142,412,1.08 [0.74-1.56],0.698546511165399
CEACAM1,Carcinoembryonic antigen-related cell adhesion molecule 1,Chapter XIV Diseases of the genitourinary system,Polyp of the female genital tract,21701,971,0.86 [0.68-1.10],0.237751473298128
CEACAM1,Carcinoembryonic antigen-related cell adhesion molecule 1,Chapter XIV Diseases of the genitourinary system,Uterine polyps,21051,321,0.86 [0.56-1.31],0.482109012371811
CEACAM1,Carcinoembryonic antigen-related cell adhesion molecule 1,Chapter XIV Diseases of the genitourinary system,"Other noninflammatory disorders of uterus, except cervix",21174,444,1.02 [0.70-1.49],0.8998138172888549
CEACAM1,Carcinoembryonic antigen-related cell adhesion molecule 1,Chapter XIV Diseases of the genitourinary system,Erosion and ectropion of cervix uteri,20831,101,0.79 [0.34-1.81],0.5710189862053949
CEACAM1,Carcinoembryonic antigen-related cell adhesion molecule 1,Chapter XIV Diseases of the genitourinary system,Dysplasia of cervi uteri,20918,188,0.76 [0.49-1.20],0.2367239960246276
CEACAM1,Carcinoembryonic antigen-related cell adhesion molecule 1,Chapter XIV Diseases of the genitourinary system,"All dysplastic lesions of the cervix uteri, vagina or vulva",27778,266,0.79 [0.53-1.18],0.2545462110190782
CEACAM1,Carcinoembryonic antigen-related cell adhesion molecule 1,Chapter XIV Diseases of the genitourinary system,All dysplastic lesions of the cervix uteri,27790,253,0.82 [0.54-1.24],0.3382606532346371
CEACAM1,Carcinoembryonic antigen-related cell adhesion molecule 1,Chapter XIV Diseases of the genitourinary system,HSIL lesion of the cervix uteri,27815,141,0.90 [0.50-1.62],0.7251649424358687
CEACAM1,Carcinoembryonic antigen-related cell adhesion molecule 1,Chapter XIV Diseases of the genitourinary system,"HSIL lesion of the cervix uteri, vagina or vulva",27804,154,0.82 [0.47-1.43],0.4845478793432265
CEACAM1,Carcinoembryonic antigen-related cell adhesion molecule 1,Chapter XIV Diseases of the genitourinary system,Other noninflammatory disorders of cervix uteri,20875,145,1.09 [0.58-2.04],0.7856852900925214
CEACAM1,Carcinoembryonic antigen-related cell adhesion molecule 1,Chapter XIV Diseases of the genitourinary system,Other noninflammatory disorders of vagina,20847,117,1.42 [0.71-2.83],0.317425624993812
CEACAM1,Carcinoembryonic antigen-related cell adhesion molecule 1,Chapter XIV Diseases of the genitourinary system,Other noninflammatory disorders of vulva and perineum,20875,145,1.33 [0.71-2.52],0.3732478257276651
CEACAM1,Carcinoembryonic antigen-related cell adhesion molecule 1,Chapter XIV Diseases of the genitourinary system,Irregular menses,27707,470,1.11 [0.78-1.58],0.5502322972481761
CEACAM1,Carcinoembryonic antigen-related cell adhesion molecule 1,Chapter XIV Diseases of the genitourinary system,"Excessive, frequent and irregular menstruation",22084,1354,1.07 [0.87-1.30],0.525046514124054
CEACAM1,Carcinoembryonic antigen-related cell adhesion molecule 1,Chapter XIV Diseases of the genitourinary system,Menorrhagia,21615,885,1.06 [0.84-1.35],0.6105775114193627
CEACAM1,Carcinoembryonic antigen-related cell adhesion molecule 1,"Chapter IV Endocrine, nutritional and metabolic diseases","Polycystic ovarian syndrome, consortium definition",27795,196,1.10 [0.63-1.91],0.7474680813843164
CEACAM1,Carcinoembryonic antigen-related cell adhesion molecule 1,Chapter XIV Diseases of the genitourinary system,Other abnormal uterine and vaginal bleeding,21200,470,1.11 [0.79-1.56],0.5542627961077459
CEACAM1,Carcinoembryonic antigen-related cell adhesion molecule 1,Chapter XIV Diseases of the genitourinary system,Pain and other conditions associated with female genital organs and menstrual cycle,21062,332,1.12 [0.74-1.70],0.5846038859518832
CEACAM1,Carcinoembryonic antigen-related cell adhesion molecule 1,Chapter XIV Diseases of the genitourinary system,Postmenopausal bleeding,21638,908,1.15 [0.88-1.51],0.3195030230049754
CEACAM1,Carcinoembryonic antigen-related cell adhesion molecule 1,Chapter XIV Diseases of the genitourinary system,Female infertility,20845,115,0.78 [0.43-1.44],0.4340211688593423
CEACAM1,Carcinoembryonic antigen-related cell adhesion molecule 1,Chapter XIV Diseases of the genitourinary system,"Female infertility, cervigal, vaginal, other or unspecified origin",20838,108,0.81 [0.43-1.54],0.5268683120491988
CEACAM1,Carcinoembryonic antigen-related cell adhesion molecule 1,"Chapter XV Pregnancy, childbirth and the puerperium",Maternal care related to the fetus and amniotic cavity and possible delivery problems,27813,887,0.78 [0.61-1.00],0.0460278803434806
CEACAM1,Carcinoembryonic antigen-related cell adhesion molecule 1,"Chapter XV Pregnancy, childbirth and the puerperium",Complications of labour and delivery,27817,1206,0.75 [0.60-0.94],0.0109992511146555
CEACAM1,Carcinoembryonic antigen-related cell adhesion molecule 1,"Chapter XV Pregnancy, childbirth and the puerperium",Pregnancy with abortive outcome,27814,482,0.93 [0.69-1.26],0.6320957031882266
CEACAM1,Carcinoembryonic antigen-related cell adhesion molecule 1,"Chapter XV Pregnancy, childbirth and the puerperium",Other abnormal products of conception,27470,138,1.48 [0.75-2.92],0.2617422703801346
CEACAM1,Carcinoembryonic antigen-related cell adhesion molecule 1,"Chapter XV Pregnancy, childbirth and the puerperium",Spontaneous abortion,27526,194,0.74 [0.47-1.17],0.1952641783086208
CEACAM1,Carcinoembryonic antigen-related cell adhesion molecule 1,"Chapter XV Pregnancy, childbirth and the puerperium",Medical abortion,27499,167,0.97 [0.61-1.55],0.9029320514724772
CEACAM1,Carcinoembryonic antigen-related cell adhesion molecule 1,"Chapter XV Pregnancy, childbirth and the puerperium","Oedema, proteinuria and hypertensive disorders in pregnancy, childbirth and the puerperium",27831,166,0.85 [0.50-1.45],0.5521777041346473
CEACAM1,Carcinoembryonic antigen-related cell adhesion molecule 1,"Chapter XV Pregnancy, childbirth and the puerperium",Pregnancy hypertension,27833,163,0.85 [0.50-1.45],0.552925813717262
CEACAM1,Carcinoembryonic antigen-related cell adhesion molecule 1,"Chapter XV Pregnancy, childbirth and the puerperium",Other maternal disorders predominantly related to pregnancy,27829,419,0.98 [0.71-1.35],0.8807083109130427
CEACAM1,Carcinoembryonic antigen-related cell adhesion molecule 1,"Chapter XV Pregnancy, childbirth and the puerperium",Haemorrhage in early pregnancy,27536,126,0.94 [0.53-1.67],0.8447554039030738
CEACAM1,Carcinoembryonic antigen-related cell adhesion molecule 1,"Chapter XV Pregnancy, childbirth and the puerperium",Maternal care for other conditions predominantly related to pregnancy,27640,230,1.13 [0.73-1.76],0.5757814494093475
CEACAM1,Carcinoembryonic antigen-related cell adhesion molecule 1,"Chapter XV Pregnancy, childbirth and the puerperium",Maternal care for known or suspected malpresentation of fetus,27076,150,0.63 [0.38-1.05],0.0773907099221326
CEACAM1,Carcinoembryonic antigen-related cell adhesion molecule 1,"Chapter XV Pregnancy, childbirth and the puerperium",Maternal care for known or suspected abnormality of pelvic organs,27129,203,0.79 [0.51-1.23],0.2995023139843227
CEACAM1,Carcinoembryonic antigen-related cell adhesion molecule 1,"Chapter XV Pregnancy, childbirth and the puerperium",Maternal care for other known or suspected fetal problems,27177,251,0.99 [0.63-1.55],0.9723137075636484
CEACAM1,Carcinoembryonic antigen-related cell adhesion molecule 1,"Chapter XV Pregnancy, childbirth and the puerperium",Premature rupture of membranes,27077,151,0.74 [0.44-1.25],0.2620231710522224
CEACAM1,Carcinoembryonic antigen-related cell adhesion molecule 1,"Chapter XV Pregnancy, childbirth and the puerperium",False labour,27065,139,0.70 [0.41-1.20],0.1932181460702723
CEACAM1,Carcinoembryonic antigen-related cell adhesion molecule 1,"Chapter XV Pregnancy, childbirth and the puerperium",Prolonged pregnancy,27079,153,0.48 [0.31-0.76],0.0016715539707692
CEACAM1,Carcinoembryonic antigen-related cell adhesion molecule 1,"Chapter XV Pregnancy, childbirth and the puerperium",Long labour,26843,232,0.99 [0.58-1.68],0.9661077642648914
CEACAM1,Carcinoembryonic antigen-related cell adhesion molecule 1,"Chapter XV Pregnancy, childbirth and the puerperium",Labour and delivery complicated by fetal stress [distress],27049,438,0.59 [0.43-0.81],0.0010118453289901
CEACAM1,Carcinoembryonic antigen-related cell adhesion molecule 1,"Chapter XV Pregnancy, childbirth and the puerperium",Perineal laceration during delivery,27283,672,0.94 [0.68-1.29],0.6949872917099412
CEACAM1,Carcinoembryonic antigen-related cell adhesion molecule 1,"Chapter XV Pregnancy, childbirth and the puerperium","Postpartum hemorraghe, all women as controls",27835,172,0.87 [0.52-1.46],0.5941707413072992
CEACAM1,Carcinoembryonic antigen-related cell adhesion molecule 1,"Chapter XV Pregnancy, childbirth and the puerperium",Postpartum haemorrhage due to anatomy,26366,131,0.85 [0.46-1.55],0.5968125743933006
CEACAM1,Carcinoembryonic antigen-related cell adhesion molecule 1,"Chapter XV Pregnancy, childbirth and the puerperium","Other complications of labour and delivery, not elsewhere classified",26714,103,0.77 [0.39-1.53],0.455377062423151
CEACAM1,Carcinoembryonic antigen-related cell adhesion molecule 1,"Chapter XV Pregnancy, childbirth and the puerperium",Delivery,27842,346,0.56 [0.41-0.76],0.0002510020773228
CEACAM1,Carcinoembryonic antigen-related cell adhesion molecule 1,"Chapter XV Pregnancy, childbirth and the puerperium",Single spontaneous delivery,27759,263,0.47 [0.34-0.66],1.4047245722106248e-05
CEACAM1,Carcinoembryonic antigen-related cell adhesion molecule 1,"Chapter XV Pregnancy, childbirth and the puerperium","Other obstetric conditions, not elsewhere classified",27829,255,1.05 [0.69-1.61],0.8155283591119642
CEACAM1,Carcinoembryonic antigen-related cell adhesion molecule 1,"Chapter XV Pregnancy, childbirth and the puerperium","Other maternal diseases classifiable elsewhere but complicating pregnancy, childbirth and the puerperium",27820,246,1.03 [0.67-1.60],0.88098537776541
CEACAM1,Carcinoembryonic antigen-related cell adhesion molecule 1,Chapter IX Diseases of the circulatory system,"Bradycardia, unspecified, drug-induced",50755,123,0.95 [0.51-1.77],0.8631243342636168
CEACAM1,Carcinoembryonic antigen-related cell adhesion molecule 1,Chapter VI Diseases of the nervous system,Falls/tendency to fall,46430,1199,1.61 [1.27-2.04],7.108686121824703e-05
