Protein,Protein_definition,Disease_category,Disease,NB_individual,NB_case,HR[95%CI],P_value
TNFRSF8,Tumor necrosis factor receptor superfamily member 8,Chapter I Certain infectious and parasitic diseases,"Bacterial infection, other or unspecified",27886,103,2.66 [2.05-3.45],2.33833918306295e-13
TNFRSF8,Tumor necrosis factor receptor superfamily member 8,Chapter I Certain infectious and parasitic diseases,"Bacterial intestinal infections, IBD co-morbidities",28471,148,1.65 [1.26-2.18],0.0003469955687897
TNFRSF8,Tumor necrosis factor receptor superfamily member 8,Chapter I Certain infectious and parasitic diseases,"Bacterial, viral and other infectious agents",28214,1013,1.50 [1.35-1.68],4.325958901332338e-13
TNFRSF8,Tumor necrosis factor receptor superfamily member 8,Chapter I Certain infectious and parasitic diseases,Candidiasis,28504,311,1.58 [1.30-1.92],3.56681642951287e-06
TNFRSF8,Tumor necrosis factor receptor superfamily member 8,Chapter I Certain infectious and parasitic diseases,Certain infectious and parasitic diseases,27703,2799,1.41 [1.32-1.51],6.741437937545296e-23
TNFRSF8,Tumor necrosis factor receptor superfamily member 8,Chapter I Certain infectious and parasitic diseases,Condition for Implicit Sepsis (Organ dysfunction codes),27952,2108,1.55 [1.44-1.68],8.55310930116078e-30
TNFRSF8,Tumor necrosis factor receptor superfamily member 8,Chapter I Certain infectious and parasitic diseases,Diarrhoea and gastroenteritis of presumed infectious origin,28287,1007,1.47 [1.32-1.64],9.429687578913104e-12
TNFRSF8,Tumor necrosis factor receptor superfamily member 8,Chapter I Certain infectious and parasitic diseases,Enterocolitis due to Clostridium difficile,28413,43,2.44 [1.61-3.70],2.7303785284035413e-05
TNFRSF8,Tumor necrosis factor receptor superfamily member 8,Chapter I Certain infectious and parasitic diseases,Explicit Sepsis,27216,652,1.78 [1.57-2.03],3.351131015508537e-18
TNFRSF8,Tumor necrosis factor receptor superfamily member 8,Chapter I Certain infectious and parasitic diseases,Implicit bacterial Sepsis,26312,625,2.04 [1.80-2.31],9.067893474034511e-29
TNFRSF8,Tumor necrosis factor receptor superfamily member 8,Chapter I Certain infectious and parasitic diseases,Implicit fungal Sepsis,26563,174,1.98 [1.55-2.53],4.8755108213148056e-08
TNFRSF8,Tumor necrosis factor receptor superfamily member 8,Chapter I Certain infectious and parasitic diseases,Implicit Sepsis,21238,1226,1.60 [1.45-1.77],9.110003258199188e-21
TNFRSF8,Tumor necrosis factor receptor superfamily member 8,Chapter I Certain infectious and parasitic diseases,Implicit viral Sepsis,26319,287,2.13 [1.78-2.54],5.592560888969286e-17
TNFRSF8,Tumor necrosis factor receptor superfamily member 8,Chapter I Certain infectious and parasitic diseases,Intestinal infectious diseases,28455,1175,1.46 [1.32-1.62],7.623492665866389e-13
TNFRSF8,Tumor necrosis factor receptor superfamily member 8,Chapter I Certain infectious and parasitic diseases,Mycoses,28566,373,1.55 [1.29-1.85],1.814719909161888e-06
TNFRSF8,Tumor necrosis factor receptor superfamily member 8,Chapter I Certain infectious and parasitic diseases,Other bacterial agents as the cause of diseases classified to other chapters,27814,613,1.71 [1.49-1.96],6.695133920401699e-15
TNFRSF8,Tumor necrosis factor receptor superfamily member 8,Chapter I Certain infectious and parasitic diseases,Other bacterial diseases,28500,717,1.78 [1.58-2.01],1.9606760183038687e-20
TNFRSF8,Tumor necrosis factor receptor superfamily member 8,Chapter I Certain infectious and parasitic diseases,Other bacterial intestinal infections,27430,150,1.63 [1.23-2.15],0.0005707358426294
TNFRSF8,Tumor necrosis factor receptor superfamily member 8,Chapter I Certain infectious and parasitic diseases,Other infectious diseases,28607,33,1.34 [0.70-2.56],0.371176802249763
TNFRSF8,Tumor necrosis factor receptor superfamily member 8,Chapter I Certain infectious and parasitic diseases,Other septicaemia,28414,631,1.76 [1.54-2.01],2.4659134876710477e-17
TNFRSF8,Tumor necrosis factor receptor superfamily member 8,Chapter I Certain infectious and parasitic diseases,Other specified/unspecified bacterial intestinal infections,28445,75,1.43 [0.94-2.15],0.0911462264066365
TNFRSF8,Tumor necrosis factor receptor superfamily member 8,Chapter I Certain infectious and parasitic diseases,Other viral diseases,28511,173,1.76 [1.38-2.24],4.87216726126614e-06
TNFRSF8,Tumor necrosis factor receptor superfamily member 8,Chapter I Certain infectious and parasitic diseases,"Other viral diseases, not elsewhere classified",28496,158,1.65 [1.27-2.14],0.0001689839936376
TNFRSF8,Tumor necrosis factor receptor superfamily member 8,Chapter I Certain infectious and parasitic diseases,Streptococcus and staphylococcus as the cause of diseases classified to other chapters,27542,341,1.59 [1.32-1.92],1.5107423844570636e-06
TNFRSF8,Tumor necrosis factor receptor superfamily member 8,Chapter I Certain infectious and parasitic diseases,Viral agents as the cause of diseases classified to other chapters,27449,248,1.36 [1.08-1.72],0.0100382988940225
TNFRSF8,Tumor necrosis factor receptor superfamily member 8,Chapter I Certain infectious and parasitic diseases,Viral and other specified intestinal infections,27363,83,1.77 [1.24-2.53],0.0016596752326853
TNFRSF8,Tumor necrosis factor receptor superfamily member 8,Chapter I Certain infectious and parasitic diseases,Viral hepatitis,28579,54,2.12 [1.40-3.20],0.0003576777938283
TNFRSF8,Tumor necrosis factor receptor superfamily member 8,Chapter I Certain infectious and parasitic diseases,Viral infections characterized by skin and mucous membrane lesions,28543,133,1.67 [1.25-2.23],0.0004667508030563
TNFRSF8,Tumor necrosis factor receptor superfamily member 8,Chapter I Certain infectious and parasitic diseases,Viral warts,28455,45,1.34 [0.78-2.31],0.2891042763211898
TNFRSF8,Tumor necrosis factor receptor superfamily member 8,Chapter I Certain infectious and parasitic diseases,Zoster [herpes zoster],28461,51,1.85 [1.19-2.88],0.0062193007231766
TNFRSF8,Tumor necrosis factor receptor superfamily member 8,Chapter II Neoplasms,Benign lipomatous neoplasm,28307,324,0.82 [0.65-1.04],0.1008113306499018
TNFRSF8,Tumor necrosis factor receptor superfamily member 8,Chapter II Neoplasms,Benign lipomatous neoplasm of skin and subcutaneous tissue of limbs,28513,77,1.09 [0.70-1.69],0.7120322983943668
TNFRSF8,Tumor necrosis factor receptor superfamily member 8,Chapter II Neoplasms,Benign lipomatous neoplasm of skin and subcutaneous tissue of trunk,28491,82,0.50 [0.31-0.82],0.0060674647510011
TNFRSF8,Tumor necrosis factor receptor superfamily member 8,Chapter II Neoplasms,Benign lipomatous neoplasm of spermatic cord,12765,44,0.79 [0.41-1.50],0.4662761271362683
TNFRSF8,Tumor necrosis factor receptor superfamily member 8,Chapter II Neoplasms,"Benign neoplasm of colon, rectum, anus and anal canal",28407,1211,1.03 [0.92-1.15],0.6269688086356141
TNFRSF8,Tumor necrosis factor receptor superfamily member 8,Chapter II Neoplasms,Benign neoplasm of meninges,28595,49,0.82 [0.45-1.48],0.5052275307266603
TNFRSF8,Tumor necrosis factor receptor superfamily member 8,Chapter II Neoplasms,Benign neoplasm of other and ill-defined parts of digestive system,28570,51,2.15 [1.44-3.22],0.0001809805499779
TNFRSF8,Tumor necrosis factor receptor superfamily member 8,Chapter II Neoplasms,Benign neoplasm of other and unspecified endocrine glands,28584,93,1.51 [1.05-2.15],0.0247525251980107
TNFRSF8,Tumor necrosis factor receptor superfamily member 8,Chapter II Neoplasms,Benign neoplasm of ovary,15778,101,1.03 [0.70-1.51],0.8817995061892857
TNFRSF8,Tumor necrosis factor receptor superfamily member 8,Chapter II Neoplasms,Benign neoplasm: Ascending colon,28600,285,1.02 [0.81-1.30],0.8529547047340312
TNFRSF8,Tumor necrosis factor receptor superfamily member 8,Chapter II Neoplasms,Benign neoplasm: Caecum,28596,211,1.15 [0.88-1.50],0.3003860251770371
TNFRSF8,Tumor necrosis factor receptor superfamily member 8,Chapter II Neoplasms,"Benign neoplasm: Colon, unspecified",28536,60,0.68 [0.39-1.18],0.1677917710284982
TNFRSF8,Tumor necrosis factor receptor superfamily member 8,Chapter II Neoplasms,Benign neoplasm: Descending colon,28599,179,0.87 [0.64-1.19],0.386667462187517
TNFRSF8,Tumor necrosis factor receptor superfamily member 8,Chapter II Neoplasms,Benign neoplasm: Rectum,28562,298,0.91 [0.72-1.15],0.4244222774281019
TNFRSF8,Tumor necrosis factor receptor superfamily member 8,Chapter II Neoplasms,Benign neoplasm: Sigmoid colon,28530,554,1.13 [0.96-1.33],0.1563176276180036
TNFRSF8,Tumor necrosis factor receptor superfamily member 8,Chapter II Neoplasms,Benign neoplasm: Transverse colon,28600,322,0.96 [0.76-1.20],0.6945909153656515
TNFRSF8,Tumor necrosis factor receptor superfamily member 8,Chapter II Neoplasms,Carcinoma in situ of breast,13577,89,0.95 [0.62-1.46],0.8201929637490302
TNFRSF8,Tumor necrosis factor receptor superfamily member 8,Chapter II Neoplasms,"Carcinoma in situ of breast, intraductal",13626,102,0.96 [0.65-1.43],0.849473386448618
TNFRSF8,Tumor necrosis factor receptor superfamily member 8,Chapter II Neoplasms,"Chronic lymphocytic leukaemia and small lyphocytis leukaemia, excluding all cancers (controls excluding all cancers)",24721,31,3.88 [2.63-5.75],1.1041987793667878e-11
TNFRSF8,Tumor necrosis factor receptor superfamily member 8,Chapter II Neoplasms,"Diffuse large B-cell lymphoma, excluding all cancers (controls excluding all cancers)",24729,39,3.98 [2.75-5.77],2.3129291835137173e-13
TNFRSF8,Tumor necrosis factor receptor superfamily member 8,Chapter II Neoplasms,"Haemangioma and lymphangioma, any site",28565,112,0.89 [0.60-1.30],0.5382709054814168
TNFRSF8,Tumor necrosis factor receptor superfamily member 8,Chapter II Neoplasms,"Haemangioma, any site",28565,110,0.87 [0.59-1.29],0.4904728774740338
TNFRSF8,Tumor necrosis factor receptor superfamily member 8,Chapter II Neoplasms,Leiomyoma of uterus,15124,428,0.69 [0.56-0.84],0.000298677501239
TNFRSF8,Tumor necrosis factor receptor superfamily member 8,Chapter II Neoplasms,Lung cancer and mesothelioma,21261,180,1.28 [0.96-1.71],0.0903590486251792
TNFRSF8,Tumor necrosis factor receptor superfamily member 8,Chapter II Neoplasms,Lymphoid leukaemia,24719,29,2.85 [1.74-4.68],3.299361981915149e-05
TNFRSF8,Tumor necrosis factor receptor superfamily member 8,Chapter II Neoplasms,"Malignant melanoma of skin, excluding all cancers (controls excluding all cancers)",24843,153,1.04 [0.75-1.43],0.8216717724212433
TNFRSF8,Tumor necrosis factor receptor superfamily member 8,Chapter II Neoplasms,"Malignant neoplasm of bladder, excluding all cancers (controls excluding all cancers)",24776,86,1.21 [0.80-1.84],0.3600710516241679
TNFRSF8,Tumor necrosis factor receptor superfamily member 8,Chapter II Neoplasms,"Malignant neoplasm of corpus uteri, excluding all cancers (controls excluding all cancers)",13681,85,0.70 [0.45-1.11],0.1284335862324248
TNFRSF8,Tumor necrosis factor receptor superfamily member 8,Chapter II Neoplasms,"Malignant neoplasm of intrahepatic ducts, biliary tract and gallbladder, excluding all cancers (controls excluding all cancers)",24742,52,1.91 [1.20-3.02],0.0059098758240161
TNFRSF8,Tumor necrosis factor receptor superfamily member 8,Chapter II Neoplasms,"Malignant neoplasm of kidney, except renal pelvis, excluding all cancers (controls excluding all cancers)",24759,69,1.46 [0.94-2.26],0.0943251815214639
TNFRSF8,Tumor necrosis factor receptor superfamily member 8,Chapter II Neoplasms,"Malignant neoplasm of oesophagus, excluding all cancers (controls excluding all cancers)",24762,72,1.56 [1.01-2.39],0.0441054054276382
TNFRSF8,Tumor necrosis factor receptor superfamily member 8,Chapter II Neoplasms,"Malignant neoplasm of ovary, excluding all cancers (controls excluding all cancers)",13653,57,0.90 [0.53-1.54],0.6967994385286371
TNFRSF8,Tumor necrosis factor receptor superfamily member 8,Chapter II Neoplasms,"Malignant neoplasm of pancreas, excluding all cancers (controls excluding all cancers)",24746,56,1.13 [0.67-1.91],0.643363736368608
TNFRSF8,Tumor necrosis factor receptor superfamily member 8,Chapter II Neoplasms,"Malignant neoplasm of prostate, excluding all cancers (controls excluding all cancers)",11520,426,0.76 [0.62-0.94],0.0120226509110678
TNFRSF8,Tumor necrosis factor receptor superfamily member 8,Chapter II Neoplasms,"Malignant neoplasm of rectum, excluding all cancers (controls excluding all cancers)",24783,93,1.48 [1.02-2.15],0.038507371997456
TNFRSF8,Tumor necrosis factor receptor superfamily member 8,Chapter II Neoplasms,"Malignant neoplasm of stomach, excluding all cancers (controls excluding all cancers)",24747,57,1.26 [0.76-2.09],0.361080201970322
TNFRSF8,Tumor necrosis factor receptor superfamily member 8,Chapter II Neoplasms,Malignant neoplasms of independent (primary) multiple sites,24755,65,1.01 [0.61-1.66],0.980013901990053
TNFRSF8,Tumor necrosis factor receptor superfamily member 8,Chapter II Neoplasms,Melanocytic naevi,28360,221,0.77 [0.58-1.02],0.0735138489400646
TNFRSF8,Tumor necrosis factor receptor superfamily member 8,Chapter II Neoplasms,Melanocytic naevi of trunk,28555,98,0.74 [0.48-1.13],0.1654905366915803
TNFRSF8,Tumor necrosis factor receptor superfamily member 8,Chapter II Neoplasms,Melanoma in situ,24707,53,0.80 [0.45-1.42],0.4386673020267936
TNFRSF8,Tumor necrosis factor receptor superfamily member 8,Chapter II Neoplasms,"Non-follicular lymphoma, hilmo, excluding all cancers",24751,61,3.68 [2.72-4.97],2.544487515373825e-17
TNFRSF8,Tumor necrosis factor receptor superfamily member 8,Chapter II Neoplasms,"Non-Hodgkin lymphoma, all, excluding all cancers (controls excluding all cancers)",24812,122,3.20 [2.55-4.01],8.025806543417056e-24
TNFRSF8,Tumor necrosis factor receptor superfamily member 8,Chapter II Neoplasms,"Non-small cell lung cancer, excluding all cancers (controls excluding all cancers)",24811,121,0.89 [0.63-1.26],0.5096310424761794
TNFRSF8,Tumor necrosis factor receptor superfamily member 8,Chapter II Neoplasms,"Other and unspecified types of non-Hodgkin lymphoma, hilmo, excluding all cancers",24758,68,3.11 [2.30-4.20],1.1555693759899706e-13
TNFRSF8,Tumor necrosis factor receptor superfamily member 8,Chapter II Neoplasms,Other benign neoplasms of skin,28420,147,0.85 [0.61-1.19],0.3500317791077335
TNFRSF8,Tumor necrosis factor receptor superfamily member 8,Chapter II Neoplasms,"Other malignant neoplasms of skin (=non-melanoma skin cancer), excluding all cancers (controls excluding all cancers)",25354,664,1.12 [0.97-1.31],0.1303615071253047
TNFRSF8,Tumor necrosis factor receptor superfamily member 8,Chapter II Neoplasms,"Squamous cell neoplasms and carcinomas of the skin, excluding all cancers (controls excluding all cancers)",25386,696,1.13 [0.97-1.31],0.1154042222167349
TNFRSF8,Tumor necrosis factor receptor superfamily member 8,Chapter III Diseases of the blood and blood-forming organs and certain disorders involving the immune mechanism,Agranulocytosis,28327,292,1.97 [1.65-2.36],1.0141774912364264e-13
TNFRSF8,Tumor necrosis factor receptor superfamily member 8,Chapter III Diseases of the blood and blood-forming organs and certain disorders involving the immune mechanism,Anaemia in chronic diseases classified elsewhere,27148,59,2.96 [2.17-4.04],8.986768734388915e-12
TNFRSF8,Tumor necrosis factor receptor superfamily member 8,Chapter III Diseases of the blood and blood-forming organs and certain disorders involving the immune mechanism,Diseases of spleen,28107,72,2.05 [1.43-2.93],8.331479826255566e-05
TNFRSF8,Tumor necrosis factor receptor superfamily member 8,Chapter III Diseases of the blood and blood-forming organs and certain disorders involving the immune mechanism,Diseases of the blood and blood-forming organs and certain disorders involving the immune mechanism,27781,2298,1.64 [1.52-1.76],9.873489321379458e-42
TNFRSF8,Tumor necrosis factor receptor superfamily member 8,Chapter III Diseases of the blood and blood-forming organs and certain disorders involving the immune mechanism,Folate deficiency anaemia,27384,25,2.25 [1.24-4.08],0.0075828261963883
TNFRSF8,Tumor necrosis factor receptor superfamily member 8,Chapter III Diseases of the blood and blood-forming organs and certain disorders involving the immune mechanism,Idiopathic thrombocytopenic purpura,28244,37,2.35 [1.46-3.77],0.0004240924466873
TNFRSF8,Tumor necrosis factor receptor superfamily member 8,Chapter III Diseases of the blood and blood-forming organs and certain disorders involving the immune mechanism,Other anaemias,28150,1061,1.73 [1.56-1.91],3.859684496285082e-26
TNFRSF8,Tumor necrosis factor receptor superfamily member 8,Chapter III Diseases of the blood and blood-forming organs and certain disorders involving the immune mechanism,Other and unspecified anaemias,28150,1061,1.73 [1.56-1.91],3.859684496285082e-26
TNFRSF8,Tumor necrosis factor receptor superfamily member 8,Chapter III Diseases of the blood and blood-forming organs and certain disorders involving the immune mechanism,Other and unspecified aplastic anaemias,27148,59,2.76 [1.99-3.83],1.0883088548142778e-09
TNFRSF8,Tumor necrosis factor receptor superfamily member 8,Chapter III Diseases of the blood and blood-forming organs and certain disorders involving the immune mechanism,Other and unspecified iron deficiency,28314,955,1.71 [1.54-1.90],4.194022400501062e-23
TNFRSF8,Tumor necrosis factor receptor superfamily member 8,Chapter III Diseases of the blood and blood-forming organs and certain disorders involving the immune mechanism,Other coagulation defects,28322,115,1.65 [1.21-2.26],0.0016541057593462
TNFRSF8,Tumor necrosis factor receptor superfamily member 8,Chapter III Diseases of the blood and blood-forming organs and certain disorders involving the immune mechanism,Other diseases of blood and blood-forming organs,28090,55,1.87 [1.21-2.90],0.0046718788258123
TNFRSF8,Tumor necrosis factor receptor superfamily member 8,Chapter III Diseases of the blood and blood-forming organs and certain disorders involving the immune mechanism,Other disorders of white blood cells,28078,43,1.93 [1.19-3.12],0.0075814766782295
TNFRSF8,Tumor necrosis factor receptor superfamily member 8,Chapter III Diseases of the blood and blood-forming organs and certain disorders involving the immune mechanism,Purpura and other haemorrhagic conditions,28406,199,2.16 [1.76-2.66],3.452384827370942e-13
TNFRSF8,Tumor necrosis factor receptor superfamily member 8,Chapter III Diseases of the blood and blood-forming organs and certain disorders involving the immune mechanism,Sarcoidosis,28527,72,3.55 [2.76-4.55],2.162625899106357e-23
TNFRSF8,Tumor necrosis factor receptor superfamily member 8,Chapter III Diseases of the blood and blood-forming organs and certain disorders involving the immune mechanism,"Thrombocytopenia, unspecified",28373,166,2.37 [1.91-2.94],2.729158532911171e-15
TNFRSF8,Tumor necrosis factor receptor superfamily member 8,Chapter III Diseases of the blood and blood-forming organs and certain disorders involving the immune mechanism,Vitamin B12 deficiency anaemia,27435,76,1.90 [1.33-2.71],0.0004536281090237
TNFRSF8,Tumor necrosis factor receptor superfamily member 8,"Chapter IV Endocrine, nutritional and metabolic diseases",Acidosis,24594,217,2.00 [1.61-2.49],5.033079855373229e-10
TNFRSF8,Tumor necrosis factor receptor superfamily member 8,"Chapter IV Endocrine, nutritional and metabolic diseases",Acute alcohol intoxication,26627,130,0.77 [0.53-1.12],0.1656866224055279
TNFRSF8,Tumor necrosis factor receptor superfamily member 8,"Chapter IV Endocrine, nutritional and metabolic diseases",Alcohol dependence,26640,143,0.87 [0.62-1.22],0.4256280758895677
TNFRSF8,Tumor necrosis factor receptor superfamily member 8,"Chapter IV Endocrine, nutritional and metabolic diseases",Alkalosis,24415,38,1.50 [0.83-2.70],0.1772758234046225
TNFRSF8,Tumor necrosis factor receptor superfamily member 8,"Chapter IV Endocrine, nutritional and metabolic diseases",Bipolar affective disorders,26572,72,1.96 [1.35-2.85],0.0004351116288448
TNFRSF8,Tumor necrosis factor receptor superfamily member 8,"Chapter IV Endocrine, nutritional and metabolic diseases",Deficiency of other B group vitamins,26223,152,1.66 [1.26-2.18],0.0002931014266505
TNFRSF8,Tumor necrosis factor receptor superfamily member 8,"Chapter IV Endocrine, nutritional and metabolic diseases","Delirium, not induced by alcohol and other psychoactive substances",28458,174,1.37 [1.04-1.81],0.0271309678927935
TNFRSF8,Tumor necrosis factor receptor superfamily member 8,"Chapter IV Endocrine, nutritional and metabolic diseases",Dementia in Alzheimer disease,28332,48,1.16 [0.67-2.00],0.6066013657240685
TNFRSF8,Tumor necrosis factor receptor superfamily member 8,"Chapter IV Endocrine, nutritional and metabolic diseases",Dementia in other diseases classified elsewhere,28322,38,0.86 [0.44-1.69],0.6597969108742854
TNFRSF8,Tumor necrosis factor receptor superfamily member 8,"Chapter IV Endocrine, nutritional and metabolic diseases",Depression,28187,1687,1.12 [1.01-1.23],0.0234977870252191
TNFRSF8,Tumor necrosis factor receptor superfamily member 8,"Chapter IV Endocrine, nutritional and metabolic diseases",Depression or dysthymia,25633,1638,1.11 [1.00-1.22],0.0397901443590519
TNFRSF8,Tumor necrosis factor receptor superfamily member 8,"Chapter IV Endocrine, nutritional and metabolic diseases","Disorder of lipoprotein metabolism, unspecified",24418,41,0.47 [0.23-0.95],0.0366027816940866
TNFRSF8,Tumor necrosis factor receptor superfamily member 8,"Chapter IV Endocrine, nutritional and metabolic diseases","Disorder of thyroid, unspecified",26871,58,1.97 [1.31-2.96],0.0011036298665528
TNFRSF8,Tumor necrosis factor receptor superfamily member 8,"Chapter IV Endocrine, nutritional and metabolic diseases",Disorders of calcium metabolism,24569,192,1.84 [1.45-2.33],4.619505356213056e-07
TNFRSF8,Tumor necrosis factor receptor superfamily member 8,"Chapter IV Endocrine, nutritional and metabolic diseases",Disorders of iron metabolism,24443,66,1.38 [0.88-2.18],0.1606967104078241
TNFRSF8,Tumor necrosis factor receptor superfamily member 8,"Chapter IV Endocrine, nutritional and metabolic diseases",Disorders of lipoprotein metabolism and other lipidaemias,26836,2459,1.13 [1.05-1.22],0.0021468524545298
TNFRSF8,Tumor necrosis factor receptor superfamily member 8,"Chapter IV Endocrine, nutritional and metabolic diseases",Disorders of magnesium metabolism,24499,122,1.02 [0.71-1.48],0.8945660802547684
TNFRSF8,Tumor necrosis factor receptor superfamily member 8,"Chapter IV Endocrine, nutritional and metabolic diseases",Disorders of mineral metabolism,24776,399,1.48 [1.24-1.78],1.8192522378633617e-05
TNFRSF8,Tumor necrosis factor receptor superfamily member 8,"Chapter IV Endocrine, nutritional and metabolic diseases",Disorders of other endocrine glands,28503,281,1.61 [1.32-1.97],2.860757705577316e-06
TNFRSF8,Tumor necrosis factor receptor superfamily member 8,"Chapter IV Endocrine, nutritional and metabolic diseases",Disorders of parathyroid gland,28335,113,2.06 [1.57-2.71],2.1463514539988334e-07
TNFRSF8,Tumor necrosis factor receptor superfamily member 8,"Chapter IV Endocrine, nutritional and metabolic diseases",Disorders of phosphorus metabolism and phosphatases,24477,100,1.55 [1.09-2.20],0.0150634269378369
TNFRSF8,Tumor necrosis factor receptor superfamily member 8,"Chapter IV Endocrine, nutritional and metabolic diseases","Disorders of plasma-protein metabolism, not elsewhere classified",24417,40,2.78 [1.84-4.19],1.109503345327835e-06
TNFRSF8,Tumor necrosis factor receptor superfamily member 8,"Chapter IV Endocrine, nutritional and metabolic diseases",Disorders of the thyroid gland,28163,1350,1.68 [1.53-1.83],4.167313252881815e-30
TNFRSF8,Tumor necrosis factor receptor superfamily member 8,"Chapter IV Endocrine, nutritional and metabolic diseases",Fluid overload,24509,132,2.59 [2.05-3.29],3.187009402674389e-15
TNFRSF8,Tumor necrosis factor receptor superfamily member 8,"Chapter IV Endocrine, nutritional and metabolic diseases",Hyperkalaemia,24544,167,2.08 [1.63-2.65],3.6435710664739715e-09
TNFRSF8,Tumor necrosis factor receptor superfamily member 8,"Chapter IV Endocrine, nutritional and metabolic diseases","Hyperlipidaemia, other/unspecified",24775,398,1.19 [0.98-1.45],0.0750411640630788
TNFRSF8,Tumor necrosis factor receptor superfamily member 8,"Chapter IV Endocrine, nutritional and metabolic diseases",Hyperosmolality and hypernatraemia,24439,62,1.10 [0.66-1.83],0.7210934967630795
TNFRSF8,Tumor necrosis factor receptor superfamily member 8,"Chapter IV Endocrine, nutritional and metabolic diseases",Hyperparathyroidism,28328,106,2.03 [1.52-2.70],1.1822736006268792e-06
TNFRSF8,Tumor necrosis factor receptor superfamily member 8,"Chapter IV Endocrine, nutritional and metabolic diseases",Hypo-osmolality and hyponatraemia,24683,306,1.60 [1.31-1.95],4.670251087817195e-06
TNFRSF8,Tumor necrosis factor receptor superfamily member 8,"Chapter IV Endocrine, nutritional and metabolic diseases",Hypokalaemia,24681,304,1.44 [1.17-1.77],0.0006351983186725
TNFRSF8,Tumor necrosis factor receptor superfamily member 8,"Chapter IV Endocrine, nutritional and metabolic diseases",Iron deficiency,26131,60,1.84 [1.21-2.78],0.0040316111611078
TNFRSF8,Tumor necrosis factor receptor superfamily member 8,"Chapter IV Endocrine, nutritional and metabolic diseases",Metabolic disorders,27896,3519,1.20 [1.13-1.28],2.6458913193279992e-08
TNFRSF8,Tumor necrosis factor receptor superfamily member 8,"Chapter IV Endocrine, nutritional and metabolic diseases",Nontoxic multinodular goitre,26850,37,1.25 [0.68-2.29],0.4816420467421318
TNFRSF8,Tumor necrosis factor receptor superfamily member 8,"Chapter IV Endocrine, nutritional and metabolic diseases",Nontoxic single thyroid nodule,26874,61,1.10 [0.67-1.81],0.7014976230398471
TNFRSF8,Tumor necrosis factor receptor superfamily member 8,"Chapter IV Endocrine, nutritional and metabolic diseases",Obesity,28420,1984,1.02 [0.93-1.11],0.6869613599521948
TNFRSF8,Tumor necrosis factor receptor superfamily member 8,"Chapter IV Endocrine, nutritional and metabolic diseases","Obesity, other/unspecified",28424,1981,1.02 [0.93-1.11],0.692450910628903
TNFRSF8,Tumor necrosis factor receptor superfamily member 8,"Chapter IV Endocrine, nutritional and metabolic diseases",Other and/or unspecified nontoxic goitre,26852,39,1.68 [0.99-2.86],0.055147317385528
TNFRSF8,Tumor necrosis factor receptor superfamily member 8,"Chapter IV Endocrine, nutritional and metabolic diseases",Other anxiety disorders,28273,1278,1.02 [0.91-1.14],0.7258129921629153
TNFRSF8,Tumor necrosis factor receptor superfamily member 8,"Chapter IV Endocrine, nutritional and metabolic diseases","Other disorders of fluid, electrolyte and acid-base balance",25295,918,1.64 [1.46-1.84],1.9366697433577567e-17
TNFRSF8,Tumor necrosis factor receptor superfamily member 8,"Chapter IV Endocrine, nutritional and metabolic diseases",Other disorders of glucose regulation and pancreatic internal secretion,28597,137,1.92 [1.47-2.52],1.950725393480783e-06
TNFRSF8,Tumor necrosis factor receptor superfamily member 8,"Chapter IV Endocrine, nutritional and metabolic diseases",Other mental disorders due to brain damage and dysfunction and to physical disease,28318,34,1.80 [1.03-3.15],0.0400011883689347
TNFRSF8,Tumor necrosis factor receptor superfamily member 8,"Chapter IV Endocrine, nutritional and metabolic diseases",Panic disorder,27086,91,1.16 [0.78-1.73],0.4713415365195067
TNFRSF8,Tumor necrosis factor receptor superfamily member 8,"Chapter IV Endocrine, nutritional and metabolic diseases",Phobic anxiety disorders,27114,119,0.84 [0.58-1.23],0.3805911966934215
TNFRSF8,Tumor necrosis factor receptor superfamily member 8,"Chapter IV Endocrine, nutritional and metabolic diseases","Postprocedural endocrine and metabolic disorders, not elsewhere classified",24513,136,1.63 [1.22-2.17],0.0009373290643022
TNFRSF8,Tumor necrosis factor receptor superfamily member 8,"Chapter IV Endocrine, nutritional and metabolic diseases",Type 1 diabetes without complications,26760,124,1.79 [1.34-2.41],9.425885726681409e-05
TNFRSF8,Tumor necrosis factor receptor superfamily member 8,"Chapter IV Endocrine, nutritional and metabolic diseases",Type 2 diabetes with neurological complications,1759,71,1.51 [1.00-2.28],0.0520141277182942
TNFRSF8,Tumor necrosis factor receptor superfamily member 8,"Chapter IV Endocrine, nutritional and metabolic diseases",Type 2 diabetes with ophthalmic complications,1868,195,1.31 [1.01-1.68],0.0395973133163484
TNFRSF8,Tumor necrosis factor receptor superfamily member 8,"Chapter IV Endocrine, nutritional and metabolic diseases",Type 2 diabetes with peripheral circulatory complications,26677,41,1.79 [1.03-3.12],0.0390736275950241
TNFRSF8,Tumor necrosis factor receptor superfamily member 8,"Chapter IV Endocrine, nutritional and metabolic diseases",Type 2 diabetes with renal complications,1725,37,2.64 [1.69-4.14],2.237150338298858e-05
TNFRSF8,Tumor necrosis factor receptor superfamily member 8,"Chapter IV Endocrine, nutritional and metabolic diseases",Type 2 diabetes without complications,28178,1542,1.16 [1.05-1.27],0.0036767071464478
TNFRSF8,Tumor necrosis factor receptor superfamily member 8,"Chapter IV Endocrine, nutritional and metabolic diseases",Unspecified dementia,28358,74,1.51 [1.00-2.28],0.0493969601528834
TNFRSF8,Tumor necrosis factor receptor superfamily member 8,"Chapter IV Endocrine, nutritional and metabolic diseases",Vitamin D deficiency,26349,278,1.40 [1.13-1.75],0.0022093065347051
TNFRSF8,Tumor necrosis factor receptor superfamily member 8,"Chapter IV Endocrine, nutritional and metabolic diseases",Volume depletion,24795,418,1.64 [1.38-1.94],1.0449075994397078e-08
TNFRSF8,Tumor necrosis factor receptor superfamily member 8,Chapter IX Diseases of the circulatory system,"!Phlebitis/thrombophlebitis venae iliacae [externae/internae/communis], drug-induced",28517,181,1.28 [0.97-1.68],0.0848359525822754
TNFRSF8,Tumor necrosis factor receptor superfamily member 8,Chapter IX Diseases of the circulatory system,Abdominal aortic aneurysm (AAA),27858,57,2.37 [1.61-3.50],1.4447482082586984e-05
TNFRSF8,Tumor necrosis factor receptor superfamily member 8,Chapter IX Diseases of the circulatory system,Angina pectoris,27300,815,1.34 [1.18-1.53],1.0792285111992103e-05
TNFRSF8,Tumor necrosis factor receptor superfamily member 8,Chapter IX Diseases of the circulatory system,Aortic aneurysm,27905,104,1.50 [1.05-2.13],0.0254533565082292
TNFRSF8,Tumor necrosis factor receptor superfamily member 8,Chapter IX Diseases of the circulatory system,Arterial embolism and thrombosis of lower extremity artery,27831,30,1.65 [0.84-3.25],0.1460806002727486
TNFRSF8,Tumor necrosis factor receptor superfamily member 8,Chapter IX Diseases of the circulatory system,"Atherosclerosis, excluding cerebral and coronary sclerosis",27908,107,1.79 [1.29-2.49],0.0004731839670126
TNFRSF8,Tumor necrosis factor receptor superfamily member 8,Chapter IX Diseases of the circulatory system,Atrial fibrillation and flutter,20430,970,1.43 [1.27-1.60],2.8652593729341275e-09
TNFRSF8,Tumor necrosis factor receptor superfamily member 8,Chapter IX Diseases of the circulatory system,AV-block,26045,185,0.97 [0.72-1.32],0.8618680982370425
TNFRSF8,Tumor necrosis factor receptor superfamily member 8,Chapter IX Diseases of the circulatory system,"Bradycardia, unspecified, drug-induced",28574,268,1.12 [0.89-1.42],0.3354415268392973
TNFRSF8,Tumor necrosis factor receptor superfamily member 8,Chapter IX Diseases of the circulatory system,Cardiac arrest,19578,118,2.08 [1.56-2.77],5.611162362237438e-07
TNFRSF8,Tumor necrosis factor receptor superfamily member 8,Chapter IX Diseases of the circulatory system,Cardiomyopathy,25996,136,1.47 [1.08-2.00],0.0136608477048334
TNFRSF8,Tumor necrosis factor receptor superfamily member 8,Chapter IX Diseases of the circulatory system,"Cardiomyopathy, other and unspecified",25941,81,1.68 [1.15-2.45],0.0073823720980214
TNFRSF8,Tumor necrosis factor receptor superfamily member 8,Chapter IX Diseases of the circulatory system,Cerebral atherosclerosis,28609,20,1.54 [0.70-3.37],0.2808926869803863
TNFRSF8,Tumor necrosis factor receptor superfamily member 8,Chapter IX Diseases of the circulatory system,Conduction disorders,26402,542,1.23 [1.04-1.46],0.0131474127701831
TNFRSF8,Tumor necrosis factor receptor superfamily member 8,Chapter IX Diseases of the circulatory system,Coronary atherosclerosis,27868,1394,1.38 [1.25-1.53],1.012533477362516e-10
TNFRSF8,Tumor necrosis factor receptor superfamily member 8,Chapter IX Diseases of the circulatory system,Death due to cardiac causes,26611,6228,1.09 [1.03-1.14],0.001159552713463
TNFRSF8,Tumor necrosis factor receptor superfamily member 8,Chapter IX Diseases of the circulatory system,DVT of lower extremities,27409,190,1.29 [0.98-1.69],0.069550639869072
TNFRSF8,Tumor necrosis factor receptor superfamily member 8,Chapter IX Diseases of the circulatory system,Endocarditis,25904,44,1.44 [0.84-2.48],0.1855859107770805
TNFRSF8,Tumor necrosis factor receptor superfamily member 8,Chapter IX Diseases of the circulatory system,"Heart failure, strict",28488,528,1.71 [1.48-1.97],5.869007606452606e-13
TNFRSF8,Tumor necrosis factor receptor superfamily member 8,Chapter IX Diseases of the circulatory system,Hypertension,27209,5075,1.04 [0.98-1.10],0.2159180521617675
TNFRSF8,Tumor necrosis factor receptor superfamily member 8,Chapter IX Diseases of the circulatory system,"Hypertension, essential",27225,5091,1.05 [0.99-1.11],0.1189538587999914
TNFRSF8,Tumor necrosis factor receptor superfamily member 8,Chapter IX Diseases of the circulatory system,"Hypertension, portal",28434,60,3.23 [2.40-4.36],1.2182557274637194e-14
TNFRSF8,Tumor necrosis factor receptor superfamily member 8,Chapter IX Diseases of the circulatory system,"Hypertension, Pulmonary Arterial",22223,89,2.28 [1.69-3.07],7.444773703266706e-08
TNFRSF8,Tumor necrosis factor receptor superfamily member 8,Chapter IX Diseases of the circulatory system,Hypertensive Renal Disease,22196,62,3.42 [2.65-4.40],1.8384210246033707e-21
TNFRSF8,Tumor necrosis factor receptor superfamily member 8,Chapter IX Diseases of the circulatory system,Hypotension,28501,711,1.66 [1.46-1.88],1.2262927331477088e-14
TNFRSF8,Tumor necrosis factor receptor superfamily member 8,Chapter IX Diseases of the circulatory system,Intracerebral haemorrhage,28064,65,0.85 [0.51-1.42],0.539448533702883
TNFRSF8,Tumor necrosis factor receptor superfamily member 8,Chapter IX Diseases of the circulatory system,"Ischaemic heart disease, wide definition",28033,1548,1.33 [1.21-1.46],5.161114978429942e-09
TNFRSF8,Tumor necrosis factor receptor superfamily member 8,Chapter IX Diseases of the circulatory system,"Ischaemic Stroke, excluding all haemorrhages",28372,314,1.25 [1.01-1.54],0.0401984560483808
TNFRSF8,Tumor necrosis factor receptor superfamily member 8,Chapter IX Diseases of the circulatory system,Left bundle-branch block,26057,197,1.43 [1.10-1.86],0.0081929715424962
TNFRSF8,Tumor necrosis factor receptor superfamily member 8,Chapter IX Diseases of the circulatory system,Major coronary heart disease event,28340,611,1.43 [1.23-1.65],1.886702521930208e-06
TNFRSF8,Tumor necrosis factor receptor superfamily member 8,Chapter IX Diseases of the circulatory system,"Myocardial infarction, strict",26982,497,1.62 [1.39-1.89],1.069899496662186e-09
TNFRSF8,Tumor necrosis factor receptor superfamily member 8,Chapter IX Diseases of the circulatory system,"Myocardial infarction, with ST-elevation",28549,122,1.56 [1.14-2.15],0.0055693828394266
TNFRSF8,Tumor necrosis factor receptor superfamily member 8,Chapter IX Diseases of the circulatory system,"Myocardial infarction, without ST-elevation",28592,209,1.65 [1.30-2.09],3.539059757752446e-05
TNFRSF8,Tumor necrosis factor receptor superfamily member 8,Chapter IX Diseases of the circulatory system,Oesophageal varices,27261,42,3.29 [2.29-4.72],9.715356018970988e-11
TNFRSF8,Tumor necrosis factor receptor superfamily member 8,Chapter IX Diseases of the circulatory system,Other aneurysm,27852,51,1.43 [0.86-2.37],0.1701716605259852
TNFRSF8,Tumor necrosis factor receptor superfamily member 8,Chapter IX Diseases of the circulatory system,Other arrhythmias,26109,249,1.18 [0.93-1.52],0.1783576192168109
TNFRSF8,Tumor necrosis factor receptor superfamily member 8,Chapter IX Diseases of the circulatory system,Other arterial embolism and thrombosis,27866,65,1.63 [1.04-2.54],0.0317736434951978
TNFRSF8,Tumor necrosis factor receptor superfamily member 8,Chapter IX Diseases of the circulatory system,Other diseases of arteries and capillaries,27948,147,2.12 [1.65-2.72],4.6063421521183424e-09
TNFRSF8,Tumor necrosis factor receptor superfamily member 8,Chapter IX Diseases of the circulatory system,Other diseases of pericardium,25992,132,1.53 [1.12-2.09],0.0068923558725302
TNFRSF8,Tumor necrosis factor receptor superfamily member 8,Chapter IX Diseases of the circulatory system,Other disorders of veins,27295,76,0.93 [0.58-1.48],0.7439765261917894
TNFRSF8,Tumor necrosis factor receptor superfamily member 8,Chapter IX Diseases of the circulatory system,Other embolism and thrombosis,27269,50,1.63 [1.01-2.65],0.0466418860369054
TNFRSF8,Tumor necrosis factor receptor superfamily member 8,Chapter IX Diseases of the circulatory system,Other intracranial haemorrhages,27811,39,1.99 [1.20-3.31],0.0078978481155747
TNFRSF8,Tumor necrosis factor receptor superfamily member 8,Chapter IX Diseases of the circulatory system,Other noninfective disorders of lymphatic vessels and lymph nodes,27314,95,1.58 [1.12-2.24],0.0095807599658272
TNFRSF8,Tumor necrosis factor receptor superfamily member 8,Chapter IX Diseases of the circulatory system,Other or ill-defined heart diseases,26458,598,1.55 [1.34-1.79],3.278250546409272e-09
TNFRSF8,Tumor necrosis factor receptor superfamily member 8,Chapter IX Diseases of the circulatory system,Other other unspecified disorders of the circulatory system,27837,47,2.55 [1.72-3.76],2.591721945790816e-06
TNFRSF8,Tumor necrosis factor receptor superfamily member 8,Chapter IX Diseases of the circulatory system,Other peripheral vascular diseases,28149,348,1.83 [1.54-2.18],1.0340017716737789e-11
TNFRSF8,Tumor necrosis factor receptor superfamily member 8,Chapter IX Diseases of the circulatory system,Other pulmonary heart/vessel disease,28151,161,2.20 [1.75-2.76],1.3913273146896822e-11
TNFRSF8,Tumor necrosis factor receptor superfamily member 8,Chapter IX Diseases of the circulatory system,"Other specified cerebrovascular diseases, other cerebrovascular disorders in diseases classified elsewhere",28014,242,1.45 [1.15-1.82],0.0016990787746503
TNFRSF8,Tumor necrosis factor receptor superfamily member 8,Chapter IX Diseases of the circulatory system,Paroxysmal tachycardia,19717,257,1.61 [1.29-2.00],2.139120996395202e-05
TNFRSF8,Tumor necrosis factor receptor superfamily member 8,Chapter IX Diseases of the circulatory system,Peripheral artery disease,27984,210,1.60 [1.25-2.04],0.0001878872327539
TNFRSF8,Tumor necrosis factor receptor superfamily member 8,Chapter IX Diseases of the circulatory system,Phlebitis and thrombophlebitis (not including DVT),27482,263,1.20 [0.95-1.52],0.1327869166017996
TNFRSF8,Tumor necrosis factor receptor superfamily member 8,Chapter IX Diseases of the circulatory system,Pulmonary embolism,28337,347,1.29 [1.05-1.57],0.013353531385852
TNFRSF8,Tumor necrosis factor receptor superfamily member 8,Chapter IX Diseases of the circulatory system,Rheumatic valve diseases,28566,337,1.54 [1.27-1.86],8.72045629884964e-06
TNFRSF8,Tumor necrosis factor receptor superfamily member 8,Chapter IX Diseases of the circulatory system,Right bundle-branch block,26039,179,1.36 [1.03-1.79],0.0320227954855672
TNFRSF8,Tumor necrosis factor receptor superfamily member 8,Chapter IX Diseases of the circulatory system,Secondary right heart disease,28147,157,2.19 [1.74-2.76],2.9034745902211718e-11
TNFRSF8,Tumor necrosis factor receptor superfamily member 8,Chapter IX Diseases of the circulatory system,Sequelae of cerebrovascular disease,27890,118,1.28 [0.91-1.81],0.1579951161124831
TNFRSF8,Tumor necrosis factor receptor superfamily member 8,Chapter IX Diseases of the circulatory system,"Stroke, excluding SAH",28365,366,1.19 [0.97-1.45],0.0879652112204873
TNFRSF8,Tumor necrosis factor receptor superfamily member 8,Chapter IX Diseases of the circulatory system,"Stroke, including SAH",28339,403,1.23 [1.02-1.48],0.033097247884994
TNFRSF8,Tumor necrosis factor receptor superfamily member 8,Chapter IX Diseases of the circulatory system,Subarachnoid haemorrhage,28040,56,1.06 [0.63-1.79],0.8321623845041053
TNFRSF8,Tumor necrosis factor receptor superfamily member 8,Chapter IX Diseases of the circulatory system,Thoracic aortic aneurysm,27856,56,1.00 [0.59-1.72],0.9872652347640496
TNFRSF8,Tumor necrosis factor receptor superfamily member 8,Chapter IX Diseases of the circulatory system,Transient ischemic attack,28205,147,0.99 [0.71-1.38],0.9485694636630908
TNFRSF8,Tumor necrosis factor receptor superfamily member 8,Chapter IX Diseases of the circulatory system,Unstable angina pectoris,27915,186,1.02 [0.76-1.37],0.9137348130161308
TNFRSF8,Tumor necrosis factor receptor superfamily member 8,Chapter IX Diseases of the circulatory system,Varicose veins,27546,327,1.07 [0.86-1.33],0.5209862547055402
TNFRSF8,Tumor necrosis factor receptor superfamily member 8,Chapter IX Diseases of the circulatory system,Vascular diseases of the intestine,27810,49,1.46 [0.87-2.45],0.1536785256490729
TNFRSF8,Tumor necrosis factor receptor superfamily member 8,Chapter IX Diseases of the circulatory system,Venous thromboembolism,28431,548,1.20 [1.02-1.41],0.0270285805574754
TNFRSF8,Tumor necrosis factor receptor superfamily member 8,Chapter V Mental and behavioural disorders,"Alcohol use disorder, ICD-based",28446,383,0.75 [0.60-0.93],0.0101592804332392
TNFRSF8,Tumor necrosis factor receptor superfamily member 8,Chapter V Mental and behavioural disorders,"Anxiety disorders, excluding more controls",25520,1468,1.06 [0.95-1.17],0.3080410058778392
TNFRSF8,Tumor necrosis factor receptor superfamily member 8,Chapter V Mental and behavioural disorders,Any mental disorder,27837,3785,1.10 [1.04-1.18],0.0024496442639678
TNFRSF8,Tumor necrosis factor receptor superfamily member 8,Chapter V Mental and behavioural disorders,"Mental and behavioural disorders due to alcohol, excluding acute intoxication",28380,455,0.76 [0.62-0.93],0.0076921881309228
TNFRSF8,Tumor necrosis factor receptor superfamily member 8,Chapter V Mental and behavioural disorders,"Mood disorders, excluding more controls",25771,1719,1.14 [1.04-1.25],0.0053758280117336
TNFRSF8,Tumor necrosis factor receptor superfamily member 8,Chapter V Mental and behavioural disorders,"Schizophrenia or delusion, excluding more controls",24146,94,1.76 [1.25-2.48],0.001256290832524
TNFRSF8,Tumor necrosis factor receptor superfamily member 8,Chapter V Mental and behavioural disorders,Smoking dependency,28057,1564,1.23 [1.11-1.35],5.432776763415468e-05
TNFRSF8,Tumor necrosis factor receptor superfamily member 8,Chapter V Mental and behavioural disorders,"Substance abuse, excluding more controls",25866,1814,1.12 [1.02-1.23],0.0182527971826412
TNFRSF8,Tumor necrosis factor receptor superfamily member 8,Chapter V Mental and behavioural disorders,Vascular dementia,28489,21,1.39 [0.62-3.12],0.4266107611257264
TNFRSF8,Tumor necrosis factor receptor superfamily member 8,Chapter VI Diseases of the nervous system,Alzheimer disease,28609,67,1.30 [0.83-2.04],0.2545868251215506
TNFRSF8,Tumor necrosis factor receptor superfamily member 8,Chapter VI Diseases of the nervous system,Bell's palsy,26898,76,1.76 [1.21-2.56],0.0028622212759498
TNFRSF8,Tumor necrosis factor receptor superfamily member 8,Chapter VI Diseases of the nervous system,Carpal tunnel syndrome,27315,493,1.18 [1.00-1.40],0.05138965745467
TNFRSF8,Tumor necrosis factor receptor superfamily member 8,Chapter VI Diseases of the nervous system,Cerebral cysts,28242,211,1.40 [1.10-1.80],0.0070433640604939
TNFRSF8,Tumor necrosis factor receptor superfamily member 8,Chapter VI Diseases of the nervous system,Cerebral palsy and other paralytic syndromes,28524,235,1.41 [1.11-1.78],0.0042815483319533
TNFRSF8,Tumor necrosis factor receptor superfamily member 8,Chapter VI Diseases of the nervous system,Circumscribed brain atrophy,28463,24,0.74 [0.31-1.76],0.4904142137329684
TNFRSF8,Tumor necrosis factor receptor superfamily member 8,Chapter VI Diseases of the nervous system,Diseases of the myoneural junction and muscle,28594,52,1.78 [1.13-2.78],0.0119398636929187
TNFRSF8,Tumor necrosis factor receptor superfamily member 8,Chapter VI Diseases of the nervous system,"Disorders of brain, other and unspecified",28092,61,1.39 [0.88-2.21],0.1597838306648333
TNFRSF8,Tumor necrosis factor receptor superfamily member 8,Chapter VI Diseases of the nervous system,Epilepsy,26994,269,1.68 [1.37-2.06],5.191634124247866e-07
TNFRSF8,Tumor necrosis factor receptor superfamily member 8,Chapter VI Diseases of the nervous system,Episodal and paroxysmal disorders,28114,1389,1.30 [1.18-1.43],2.509225776409052e-07
TNFRSF8,Tumor necrosis factor receptor superfamily member 8,Chapter VI Diseases of the nervous system,Extrapyramidal and movement disorders,28580,281,1.01 [0.80-1.29],0.9083534214500864
TNFRSF8,Tumor necrosis factor receptor superfamily member 8,Chapter VI Diseases of the nervous system,Falls/tendency to fall,28073,1700,1.22 [1.11-1.33],2.366224312926021e-05
TNFRSF8,Tumor necrosis factor receptor superfamily member 8,Chapter VI Diseases of the nervous system,Generalized epilepsy,28224,54,1.76 [1.13-2.74],0.0122133132358171
TNFRSF8,Tumor necrosis factor receptor superfamily member 8,Chapter VI Diseases of the nervous system,Hemiplegia,28457,168,1.50 [1.14-1.96],0.0036378813278983
TNFRSF8,Tumor necrosis factor receptor superfamily member 8,Chapter VI Diseases of the nervous system,Hydrocephalus,28079,48,0.89 [0.49-1.61],0.6929625923499335
TNFRSF8,Tumor necrosis factor receptor superfamily member 8,Chapter VI Diseases of the nervous system,Inflammatory diseases of the central nervous system,28585,65,1.74 [1.16-2.61],0.0073799317125802
TNFRSF8,Tumor necrosis factor receptor superfamily member 8,Chapter VI Diseases of the nervous system,Lesion of plantar nerve,26904,82,1.12 [0.73-1.71],0.604084933550574
TNFRSF8,Tumor necrosis factor receptor superfamily member 8,Chapter VI Diseases of the nervous system,Lesion of ulnar nerve,26911,89,0.87 [0.57-1.35],0.5433717620163736
TNFRSF8,Tumor necrosis factor receptor superfamily member 8,Chapter VI Diseases of the nervous system,Memory loss,28453,76,1.20 [0.78-1.86],0.4046290703757883
TNFRSF8,Tumor necrosis factor receptor superfamily member 8,Chapter VI Diseases of the nervous system,Migraine,27165,440,1.19 [1.00-1.43],0.0541515525969247
TNFRSF8,Tumor necrosis factor receptor superfamily member 8,Chapter VI Diseases of the nervous system,"Migraine, unspecified, drug-induced",28516,391,1.22 [1.01-1.47],0.0377260530000643
TNFRSF8,Tumor necrosis factor receptor superfamily member 8,Chapter VI Diseases of the nervous system,Motor neuron disease,20855,100,0.92 [0.60-1.39],0.6890866631608652
TNFRSF8,Tumor necrosis factor receptor superfamily member 8,Chapter VI Diseases of the nervous system,MS-disease / Multiple Sclerosis,28405,147,1.20 [0.88-1.63],0.2573763673552447
TNFRSF8,Tumor necrosis factor receptor superfamily member 8,Chapter VI Diseases of the nervous system,"Nerve, nerve root and plexus disorders",27986,1164,1.18 [1.05-1.32],0.0037710387523905
TNFRSF8,Tumor necrosis factor receptor superfamily member 8,Chapter VI Diseases of the nervous system,Neurological diseases,27145,3175,1.18 [1.10-1.26],1.6118606871161657e-06
TNFRSF8,Tumor necrosis factor receptor superfamily member 8,Chapter VI Diseases of the nervous system,Other and unspecified degenerative diseases of nervous system,28515,76,1.47 [0.98-2.22],0.0641509695142535
TNFRSF8,Tumor necrosis factor receptor superfamily member 8,Chapter VI Diseases of the nervous system,"Other and unspecified nerve root and plexus disorders, also in other diseases",27215,393,1.10 [0.90-1.33],0.3572770558698771
TNFRSF8,Tumor necrosis factor receptor superfamily member 8,Chapter VI Diseases of the nervous system,"Other and unspecified polyneuropathies, also in other diseases",28536,241,1.55 [1.24-1.94],0.0001419756793886
TNFRSF8,Tumor necrosis factor receptor superfamily member 8,Chapter VI Diseases of the nervous system,Other degenerative diseases of the nervous system,23881,314,1.23 [1.00-1.53],0.0546746349251237
TNFRSF8,Tumor necrosis factor receptor superfamily member 8,Chapter VI Diseases of the nervous system,Other diseases of spinal cord,28093,62,1.19 [0.73-1.93],0.4929006112056714
TNFRSF8,Tumor necrosis factor receptor superfamily member 8,Chapter VI Diseases of the nervous system,Other disorders of nervous system,28150,119,1.16 [0.82-1.65],0.4030532126086013
TNFRSF8,Tumor necrosis factor receptor superfamily member 8,Chapter VI Diseases of the nervous system,Other extrapyramidal and movement disorders in other diseases,28392,93,1.28 [0.87-1.88],0.2059005231340192
TNFRSF8,Tumor necrosis factor receptor superfamily member 8,Chapter VI Diseases of the nervous system,Other facial nerve disorders,26916,94,1.73 [1.23-2.43],0.0015295979613457
TNFRSF8,Tumor necrosis factor receptor superfamily member 8,Chapter VI Diseases of the nervous system,Other headache syndromes,26787,62,0.98 [0.59-1.63],0.9334414922619724
TNFRSF8,Tumor necrosis factor receptor superfamily member 8,Chapter VI Diseases of the nervous system,Other neurological diseases,28483,452,1.18 [0.99-1.41],0.0677325034763414
TNFRSF8,Tumor necrosis factor receptor superfamily member 8,Chapter VI Diseases of the nervous system,Other sleep disorders,27324,599,1.31 [1.12-1.52],0.0005820264273901
TNFRSF8,Tumor necrosis factor receptor superfamily member 8,Chapter VI Diseases of the nervous system,Parkinson's disease,28596,165,0.89 [0.65-1.23],0.4899883577841303
TNFRSF8,Tumor necrosis factor receptor superfamily member 8,Chapter VI Diseases of the nervous system,Postviral fatigue syndrome,28097,66,0.85 [0.51-1.41],0.5215780476716119
TNFRSF8,Tumor necrosis factor receptor superfamily member 8,Chapter VI Diseases of the nervous system,Restless leg syndrome,28608,48,1.51 [0.92-2.49],0.1042621086413195
TNFRSF8,Tumor necrosis factor receptor superfamily member 8,Chapter VI Diseases of the nervous system,Sleep apnoea,28358,519,1.27 [1.08-1.50],0.0041857935761438
TNFRSF8,Tumor necrosis factor receptor superfamily member 8,Chapter VI Diseases of the nervous system,Small fibre neuropathy,28332,37,1.39 [0.76-2.54],0.2863185520229943
TNFRSF8,Tumor necrosis factor receptor superfamily member 8,Chapter VI Diseases of the nervous system,Systemic atrophies primarily affecting the central nervous system,28593,126,0.95 [0.66-1.36],0.7671483766364071
TNFRSF8,Tumor necrosis factor receptor superfamily member 8,Chapter VI Diseases of the nervous system,Trigeminal neuralgia,26854,32,2.04 [1.20-3.45],0.0080023520642318
TNFRSF8,Tumor necrosis factor receptor superfamily member 8,Chapter VI Diseases of the nervous system,Unspecific neurodegenerative disorder,28609,68,1.29 [0.83-2.02],0.2592643950345251
TNFRSF8,Tumor necrosis factor receptor superfamily member 8,Chapter VI Diseases of the nervous system,Vascular dementia (undefined),28476,20,1.38 [0.60-3.19],0.4538683836700847
TNFRSF8,Tumor necrosis factor receptor superfamily member 8,"Chapter VII Diseases of the eye, adnexa, ear and mastoid process",Amblyopia ex anopsia,28112,42,1.38 [0.79-2.39],0.2580861053102419
TNFRSF8,Tumor necrosis factor receptor superfamily member 8,"Chapter VII Diseases of the eye, adnexa, ear and mastoid process",Astigmatism,28245,224,0.93 [0.71-1.22],0.5837694589505189
TNFRSF8,Tumor necrosis factor receptor superfamily member 8,"Chapter VII Diseases of the eye, adnexa, ear and mastoid process",Background diabetic retinopathy,28516,198,1.54 [1.20-1.98],0.0006698174100142
TNFRSF8,Tumor necrosis factor receptor superfamily member 8,"Chapter VII Diseases of the eye, adnexa, ear and mastoid process",Blepharochalasis,27842,38,1.11 [0.59-2.09],0.7418115959631182
TNFRSF8,Tumor necrosis factor receptor superfamily member 8,"Chapter VII Diseases of the eye, adnexa, ear and mastoid process",Chalazion,27881,77,0.81 [0.50-1.31],0.3880905860318225
TNFRSF8,Tumor necrosis factor receptor superfamily member 8,"Chapter VII Diseases of the eye, adnexa, ear and mastoid process","Conjunctivitis (acute, non atopic)",28515,32,0.58 [0.27-1.26],0.1721127578153929
TNFRSF8,Tumor necrosis factor receptor superfamily member 8,"Chapter VII Diseases of the eye, adnexa, ear and mastoid process",Corneal degeneration,28401,65,0.96 [0.58-1.58],0.8594616496023781
TNFRSF8,Tumor necrosis factor receptor superfamily member 8,"Chapter VII Diseases of the eye, adnexa, ear and mastoid process","Diabetic nephropathy, excluding more controls",1732,44,2.70 [1.82-4.01],7.403041308784747e-07
TNFRSF8,Tumor necrosis factor receptor superfamily member 8,"Chapter VII Diseases of the eye, adnexa, ear and mastoid process",Diabetic neuropathy,2045,88,1.53 [1.06-2.19],0.0218347983425916
TNFRSF8,Tumor necrosis factor receptor superfamily member 8,"Chapter VII Diseases of the eye, adnexa, ear and mastoid process",Diplopia,28149,79,1.49 [1.00-2.22],0.052541468696472
TNFRSF8,Tumor necrosis factor receptor superfamily member 8,"Chapter VII Diseases of the eye, adnexa, ear and mastoid process",Disorders of choroid and retina,28474,637,1.07 [0.91-1.24],0.4274048973635426
TNFRSF8,Tumor necrosis factor receptor superfamily member 8,"Chapter VII Diseases of the eye, adnexa, ear and mastoid process","Disorders of eyelid, lacrimal system and orbit",28295,491,1.25 [1.06-1.48],0.0088827092807524
TNFRSF8,Tumor necrosis factor receptor superfamily member 8,"Chapter VII Diseases of the eye, adnexa, ear and mastoid process",Disorders of lacrimal system,27943,139,1.45 [1.07-1.95],0.016664086934382
TNFRSF8,Tumor necrosis factor receptor superfamily member 8,"Chapter VII Diseases of the eye, adnexa, ear and mastoid process","Disorders of ocular muscles, binocular movement, accommodation and refraction",28513,492,0.92 [0.77-1.11],0.3988984199709489
TNFRSF8,Tumor necrosis factor receptor superfamily member 8,"Chapter VII Diseases of the eye, adnexa, ear and mastoid process",Disorders of optic nerve and visual pathways,28596,55,1.07 [0.63-1.82],0.8036925752885639
TNFRSF8,Tumor necrosis factor receptor superfamily member 8,"Chapter VII Diseases of the eye, adnexa, ear and mastoid process",Disorders of refraction and accommodation,28438,417,0.89 [0.73-1.09],0.267078269907079
TNFRSF8,Tumor necrosis factor receptor superfamily member 8,"Chapter VII Diseases of the eye, adnexa, ear and mastoid process","Disorders of sclera, cornea, iris and ciliary body",28564,228,1.29 [1.01-1.65],0.0437138169562085
TNFRSF8,Tumor necrosis factor receptor superfamily member 8,"Chapter VII Diseases of the eye, adnexa, ear and mastoid process",Disorders of vitreous body,28543,133,0.73 [0.51-1.06],0.0954303079577693
TNFRSF8,Tumor necrosis factor receptor superfamily member 8,"Chapter VII Diseases of the eye, adnexa, ear and mastoid process",Ectropion of eyelid,27821,17,1.14 [0.44-2.94],0.7834763616175915
TNFRSF8,Tumor necrosis factor receptor superfamily member 8,"Chapter VII Diseases of the eye, adnexa, ear and mastoid process",Entropion and trichiasis of eyelid,27834,30,1.65 [0.88-3.10],0.1161902144538644
TNFRSF8,Tumor necrosis factor receptor superfamily member 8,"Chapter VII Diseases of the eye, adnexa, ear and mastoid process",Epiphora,27836,32,1.14 [0.58-2.25],0.6990629634850893
TNFRSF8,Tumor necrosis factor receptor superfamily member 8,"Chapter VII Diseases of the eye, adnexa, ear and mastoid process",Glaucoma,28560,392,1.02 [0.83-1.25],0.8568389702190699
TNFRSF8,Tumor necrosis factor receptor superfamily member 8,"Chapter VII Diseases of the eye, adnexa, ear and mastoid process",Glaucoma suspect,28270,102,0.84 [0.56-1.27],0.4165918087057809
TNFRSF8,Tumor necrosis factor receptor superfamily member 8,"Chapter VII Diseases of the eye, adnexa, ear and mastoid process",Hypermetropia,28048,27,0.57 [0.24-1.33],0.1950113439237884
TNFRSF8,Tumor necrosis factor receptor superfamily member 8,"Chapter VII Diseases of the eye, adnexa, ear and mastoid process",Iridocyclitis,28412,76,1.03 [0.65-1.63],0.8926521137975958
TNFRSF8,Tumor necrosis factor receptor superfamily member 8,"Chapter VII Diseases of the eye, adnexa, ear and mastoid process",Keratitis,28489,153,1.47 [1.10-1.96],0.0085426357882829
TNFRSF8,Tumor necrosis factor receptor superfamily member 8,"Chapter VII Diseases of the eye, adnexa, ear and mastoid process",Myopia,28188,167,0.89 [0.65-1.22],0.4604352401323279
TNFRSF8,Tumor necrosis factor receptor superfamily member 8,"Chapter VII Diseases of the eye, adnexa, ear and mastoid process",Other and unspecified disorders of vitreous body,28488,78,0.78 [0.49-1.26],0.3156594691848559
TNFRSF8,Tumor necrosis factor receptor superfamily member 8,"Chapter VII Diseases of the eye, adnexa, ear and mastoid process",Other and unspecified glaucoma,28428,260,1.14 [0.90-1.45],0.2702301629988579
TNFRSF8,Tumor necrosis factor receptor superfamily member 8,"Chapter VII Diseases of the eye, adnexa, ear and mastoid process",Other and unspecified visual disturbances,28192,122,1.18 [0.83-1.67],0.3521181339368927
TNFRSF8,Tumor necrosis factor receptor superfamily member 8,"Chapter VII Diseases of the eye, adnexa, ear and mastoid process",Other cataract,27874,1094,1.14 [1.01-1.28],0.0306102100886129
TNFRSF8,Tumor necrosis factor receptor superfamily member 8,"Chapter VII Diseases of the eye, adnexa, ear and mastoid process",Other disorders of cornea,28462,126,1.50 [1.10-2.05],0.0113557646337671
TNFRSF8,Tumor necrosis factor receptor superfamily member 8,"Chapter VII Diseases of the eye, adnexa, ear and mastoid process",Other disorders of eye and adnexa,28582,116,1.28 [0.91-1.81],0.1549316096238096
TNFRSF8,Tumor necrosis factor receptor superfamily member 8,"Chapter VII Diseases of the eye, adnexa, ear and mastoid process",Other disorders of eyelid,28076,272,1.25 [1.00-1.57],0.0542552337927864
TNFRSF8,Tumor necrosis factor receptor superfamily member 8,"Chapter VII Diseases of the eye, adnexa, ear and mastoid process",Other disorders of iris and ciliary body,28374,38,1.07 [0.56-2.04],0.835937835126743
TNFRSF8,Tumor necrosis factor receptor superfamily member 8,"Chapter VII Diseases of the eye, adnexa, ear and mastoid process",Other disorders of optic [2nd] nerve and visual pathways,28579,38,1.22 [0.66-2.24],0.5328483626664108
TNFRSF8,Tumor necrosis factor receptor superfamily member 8,"Chapter VII Diseases of the eye, adnexa, ear and mastoid process",Other inflammation of eyelid,27845,41,1.62 [0.95-2.76],0.0757142925671313
TNFRSF8,Tumor necrosis factor receptor superfamily member 8,"Chapter VII Diseases of the eye, adnexa, ear and mastoid process",Other specified and unspecified  disorders of eyelid,27924,120,1.04 [0.73-1.49],0.8291679670621878
TNFRSF8,Tumor necrosis factor receptor superfamily member 8,"Chapter VII Diseases of the eye, adnexa, ear and mastoid process",Other specified and unspecified retinal disorders,27908,71,0.87 [0.53-1.42],0.5738336244619875
TNFRSF8,Tumor necrosis factor receptor superfamily member 8,"Chapter VII Diseases of the eye, adnexa, ear and mastoid process",Other strabismus,28081,60,1.17 [0.72-1.90],0.5337280694376324
TNFRSF8,Tumor necrosis factor receptor superfamily member 8,"Chapter VII Diseases of the eye, adnexa, ear and mastoid process","Other, unspecified and serous retinal detachments",27889,52,0.57 [0.31-1.05],0.0733537553681123
TNFRSF8,Tumor necrosis factor receptor superfamily member 8,"Chapter VII Diseases of the eye, adnexa, ear and mastoid process",Primary angle-closure glaucoma,28227,59,0.71 [0.41-1.24],0.2271801936477951
TNFRSF8,Tumor necrosis factor receptor superfamily member 8,"Chapter VII Diseases of the eye, adnexa, ear and mastoid process","Primary open-angle glaucoma, strict",28261,93,0.92 [0.60-1.41],0.7019623482560547
TNFRSF8,Tumor necrosis factor receptor superfamily member 8,"Chapter VII Diseases of the eye, adnexa, ear and mastoid process",Ptosis of eyelid,27898,94,1.56 [1.09-2.22],0.0153215312093699
TNFRSF8,Tumor necrosis factor receptor superfamily member 8,"Chapter VII Diseases of the eye, adnexa, ear and mastoid process",Retinal detachment with retinal break,27963,126,0.85 [0.59-1.23],0.399631490484083
TNFRSF8,Tumor necrosis factor receptor superfamily member 8,"Chapter VII Diseases of the eye, adnexa, ear and mastoid process",Retinal vascular occlusion,27874,37,0.84 [0.42-1.66],0.611944063482452
TNFRSF8,Tumor necrosis factor receptor superfamily member 8,"Chapter VII Diseases of the eye, adnexa, ear and mastoid process",Senile cataract,27637,857,1.04 [0.91-1.19],0.5412876005970365
TNFRSF8,Tumor necrosis factor receptor superfamily member 8,"Chapter VII Diseases of the eye, adnexa, ear and mastoid process",Stenosis and insufficiency of lacrimal passages,27854,50,0.92 [0.52-1.64],0.7876715320962742
TNFRSF8,Tumor necrosis factor receptor superfamily member 8,"Chapter VII Diseases of the eye, adnexa, ear and mastoid process",Visual disturbances,28385,315,1.33 [1.08-1.63],0.0070370599883204
TNFRSF8,Tumor necrosis factor receptor superfamily member 8,"Chapter VII Diseases of the eye, adnexa, ear and mastoid process",Visual field defects,28109,39,1.97 [1.19-3.25],0.008087641350832
TNFRSF8,Tumor necrosis factor receptor superfamily member 8,"Chapter VII Diseases of the eye, adnexa, ear and mastoid process",Visual impairment including blindness (binocular or monocular),28203,133,1.56 [1.16-2.11],0.0036450925910317
TNFRSF8,Tumor necrosis factor receptor superfamily member 8,Chapter VIII Diseases of the ear and mastoid process,Benign paroxysmal vertigo,28407,63,0.97 [0.58-1.60],0.8907875004452659
TNFRSF8,Tumor necrosis factor receptor superfamily member 8,Chapter VIII Diseases of the ear and mastoid process,Diseases of external ear,28566,101,1.18 [0.81-1.72],0.3901557839662111
TNFRSF8,Tumor necrosis factor receptor superfamily member 8,Chapter VIII Diseases of the ear and mastoid process,Diseases of middle ear and mastoid,28483,143,1.44 [1.07-1.94],0.0151228819827404
TNFRSF8,Tumor necrosis factor receptor superfamily member 8,Chapter VIII Diseases of the ear and mastoid process,Labyrinthitis,28399,55,2.11 [1.43-3.11],0.0001671634899702
TNFRSF8,Tumor necrosis factor receptor superfamily member 8,Chapter VIII Diseases of the ear and mastoid process,Mnire disease,28400,56,1.57 [0.99-2.47],0.0529303529135558
TNFRSF8,Tumor necrosis factor receptor superfamily member 8,Chapter VIII Diseases of the ear and mastoid process,Other disorders of ear,28520,549,1.28 [1.09-1.50],0.0022387651399134
TNFRSF8,Tumor necrosis factor receptor superfamily member 8,Chapter VIII Diseases of the ear and mastoid process,Other specified/unspecified hearing loss,28310,339,1.43 [1.17-1.73],0.0003379436763403
TNFRSF8,Tumor necrosis factor receptor superfamily member 8,Chapter VIII Diseases of the ear and mastoid process,Sensorineural hearing loss,28071,100,1.09 [0.74-1.61],0.6558299004507756
TNFRSF8,Tumor necrosis factor receptor superfamily member 8,Chapter VIII Diseases of the ear and mastoid process,Tinnitus,28054,83,1.22 [0.81-1.84],0.3504073275001966
TNFRSF8,Tumor necrosis factor receptor superfamily member 8,Chapter X Diseases of the respiratory system,Acute pharyngitis,28315,83,1.72 [1.20-2.46],0.0030256379737672
TNFRSF8,Tumor necrosis factor receptor superfamily member 8,Chapter X Diseases of the respiratory system,Acute upper respiratory infections,28471,239,1.51 [1.21-1.89],0.0003002924043482
TNFRSF8,Tumor necrosis factor receptor superfamily member 8,Chapter X Diseases of the respiratory system,Acute upper respiratory infections of multiple and unspecified sites,28297,65,1.40 [0.90-2.18],0.1355825293343201
TNFRSF8,Tumor necrosis factor receptor superfamily member 8,Chapter X Diseases of the respiratory system,All influenza,27255,80,2.80 [2.11-3.72],1.039637590913413e-12
TNFRSF8,Tumor necrosis factor receptor superfamily member 8,Chapter X Diseases of the respiratory system,All influenza (not pneumonia),27253,78,2.74 [2.04-3.67],1.485129485047671e-11
TNFRSF8,Tumor necrosis factor receptor superfamily member 8,Chapter X Diseases of the respiratory system,Allergic asthma (mode),21213,132,0.98 [0.68-1.40],0.9026480595302232
TNFRSF8,Tumor necrosis factor receptor superfamily member 8,Chapter X Diseases of the respiratory system,Allergic rhinitis,28452,320,0.93 [0.74-1.17],0.5467386828355195
TNFRSF8,Tumor necrosis factor receptor superfamily member 8,Chapter X Diseases of the respiratory system,"Asthma, excluding more controls",22762,1826,1.32 [1.21-1.44],5.155307014966826e-10
TNFRSF8,Tumor necrosis factor receptor superfamily member 8,Chapter X Diseases of the respiratory system,"Asthma, unspecified (mode)",22876,1795,1.33 [1.21-1.45],3.1993721367627707e-10
TNFRSF8,Tumor necrosis factor receptor superfamily member 8,Chapter X Diseases of the respiratory system,Bacterial pneumonia (organism specified),28312,98,2.18 [1.60-2.96],6.226022614408267e-07
TNFRSF8,Tumor necrosis factor receptor superfamily member 8,Chapter X Diseases of the respiratory system,"Bacterial pneumonia, not elsewhere classified",27234,59,2.76 [1.92-3.96],4.1428491464692644e-08
TNFRSF8,Tumor necrosis factor receptor superfamily member 8,Chapter X Diseases of the respiratory system,Bronchiectasis,25471,190,1.98 [1.58-2.47],2.0580016859193807e-09
TNFRSF8,Tumor necrosis factor receptor superfamily member 8,Chapter X Diseases of the respiratory system,"Bronchitis, not specified as acute or chronic",25325,44,1.53 [0.90-2.60],0.1165685012716237
TNFRSF8,Tumor necrosis factor receptor superfamily member 8,Chapter X Diseases of the respiratory system,Chronic lower respiratory diseases,27716,2435,1.36 [1.26-1.46],7.361299469977349e-16
TNFRSF8,Tumor necrosis factor receptor superfamily member 8,Chapter X Diseases of the respiratory system,"Chronic rhinitis, nasopharyngitis and pharyngitis",27086,69,0.93 [0.57-1.52],0.7762704304807043
TNFRSF8,Tumor necrosis factor receptor superfamily member 8,Chapter X Diseases of the respiratory system,Chronic sinusitis,27192,175,1.25 [0.95-1.66],0.114144768164417
TNFRSF8,Tumor necrosis factor receptor superfamily member 8,Chapter X Diseases of the respiratory system,"COPD, hospital admissions 1, only main diagnosis",28501,739,1.68 [1.47-1.91],3.0969170611485578e-15
TNFRSF8,Tumor necrosis factor receptor superfamily member 8,Chapter X Diseases of the respiratory system,Deviated nasal septum,27150,133,0.98 [0.69-1.39],0.9028978034423324
TNFRSF8,Tumor necrosis factor receptor superfamily member 8,Chapter X Diseases of the respiratory system,Diseases of the respiratory system,26627,4403,1.32 [1.25-1.39],6.894026928868287e-22
TNFRSF8,Tumor necrosis factor receptor superfamily member 8,Chapter X Diseases of the respiratory system,"Diseases of vocal cords and larynx+other diseases of upper respiratory tract, no elsewhere classified",27406,389,1.14 [0.94-1.39],0.1767722835479233
TNFRSF8,Tumor necrosis factor receptor superfamily member 8,Chapter X Diseases of the respiratory system,Early onset COPD,28283,521,1.77 [1.53-2.05],5.1610780594629566e-14
TNFRSF8,Tumor necrosis factor receptor superfamily member 8,Chapter X Diseases of the respiratory system,Emphysema,25471,190,1.86 [1.44-2.39],1.843242489848516e-06
TNFRSF8,Tumor necrosis factor receptor superfamily member 8,Chapter X Diseases of the respiratory system,Idiopathic pulmonary fibrosis,27327,115,2.53 [1.97-3.26],3.6038466340192953e-13
TNFRSF8,Tumor necrosis factor receptor superfamily member 8,Chapter X Diseases of the respiratory system,Influenza and pneumonia,28418,1243,1.62 [1.47-1.78],6.36279227713804e-22
TNFRSF8,Tumor necrosis factor receptor superfamily member 8,Chapter X Diseases of the respiratory system,Interstitial lung disease,27353,141,2.70 [2.17-3.36],7.425191206297127e-19
TNFRSF8,Tumor necrosis factor receptor superfamily member 8,Chapter X Diseases of the respiratory system,Later onset COPD,27126,218,1.45 [1.13-1.86],0.003962412092604
TNFRSF8,Tumor necrosis factor receptor superfamily member 8,Chapter X Diseases of the respiratory system,Lung diseases due to external agents,28600,160,1.57 [1.19-2.06],0.0012581543373737
TNFRSF8,Tumor necrosis factor receptor superfamily member 8,Chapter X Diseases of the respiratory system,Nasal polyp,27135,118,1.33 [0.96-1.86],0.0904231623318117
TNFRSF8,Tumor necrosis factor receptor superfamily member 8,Chapter X Diseases of the respiratory system,Other acute lower respiratory infections,28393,637,1.63 [1.42-1.86],9.405809873579509e-13
TNFRSF8,Tumor necrosis factor receptor superfamily member 8,Chapter X Diseases of the respiratory system,Other diseases of pleura,28428,1289,1.58 [1.43-1.74],4.634802669850337e-20
TNFRSF8,Tumor necrosis factor receptor superfamily member 8,Chapter X Diseases of the respiratory system,Other diseases of upper respiratory tract,27931,914,1.10 [0.97-1.26],0.1268766740903775
TNFRSF8,Tumor necrosis factor receptor superfamily member 8,Chapter X Diseases of the respiratory system,Other pleural conditions,27174,35,1.68 [0.94-3.00],0.0795942683467374
TNFRSF8,Tumor necrosis factor receptor superfamily member 8,Chapter X Diseases of the respiratory system,Other respiratory diseases principally affecting the interstitium,28552,204,2.28 [1.87-2.78],5.008163000485512e-16
TNFRSF8,Tumor necrosis factor receptor superfamily member 8,Chapter X Diseases of the respiratory system,Other respiratory disorders and diseases,28525,876,1.64 [1.46-1.84],6.034453916447402e-17
TNFRSF8,Tumor necrosis factor receptor superfamily member 8,Chapter X Diseases of the respiratory system,Pleural effusion,27755,616,1.50 [1.30-1.74],2.352552476291184e-08
TNFRSF8,Tumor necrosis factor receptor superfamily member 8,Chapter X Diseases of the respiratory system,Pleural plaque,27196,57,1.74 [1.11-2.75],0.0166095040416461
TNFRSF8,Tumor necrosis factor receptor superfamily member 8,Chapter X Diseases of the respiratory system,"Pneumonia, organism unspecified",28203,1028,1.62 [1.46-1.81],1.5803200435147397e-18
TNFRSF8,Tumor necrosis factor receptor superfamily member 8,Chapter X Diseases of the respiratory system,Pneumonitis due to solids and liquids,28580,140,1.52 [1.13-2.04],0.0054605740338328
TNFRSF8,Tumor necrosis factor receptor superfamily member 8,Chapter X Diseases of the respiratory system,Pneumothorax,27203,64,1.51 [0.97-2.36],0.0668594425730906
TNFRSF8,Tumor necrosis factor receptor superfamily member 8,Chapter X Diseases of the respiratory system,Pollen allergy,28572,274,0.88 [0.69-1.13],0.3063461548052926
TNFRSF8,Tumor necrosis factor receptor superfamily member 8,Chapter X Diseases of the respiratory system,Pulmonary oedema,28387,39,2.01 [1.22-3.32],0.0064062778728972
TNFRSF8,Tumor necrosis factor receptor superfamily member 8,Chapter X Diseases of the respiratory system,Respiratory insufficiency,21119,38,1.58 [0.88-2.84],0.1280789841236034
TNFRSF8,Tumor necrosis factor receptor superfamily member 8,Chapter X Diseases of the respiratory system,Unspecified acute lower respiratory infection,28373,617,1.65 [1.44-1.89],2.4308493860149896e-13
TNFRSF8,Tumor necrosis factor receptor superfamily member 8,Chapter X Diseases of the respiratory system,Vasomotor and allergic rhinitis,27337,320,0.94 [0.75-1.18],0.5800133780632004
TNFRSF8,Tumor necrosis factor receptor superfamily member 8,Chapter X Diseases of the respiratory system,Viral pneumonia,27372,197,1.43 [1.10-1.84],0.0066519346808626
TNFRSF8,Tumor necrosis factor receptor superfamily member 8,Chapter X Diseases of the respiratory system,"Viral pneumonia (unknown virus, not influenza)",28332,170,1.37 [1.04-1.82],0.0260408546246564
TNFRSF8,Tumor necrosis factor receptor superfamily member 8,Chapter X Diseases of the respiratory system,Vocal cord dysfunction,16529,103,1.16 [0.78-1.71],0.4658460744358637
TNFRSF8,Tumor necrosis factor receptor superfamily member 8,Chapter XI Diseases of the digestive system,Abscess of anal and rectal regions,21926,68,1.32 [0.84-2.07],0.2371276545326789
TNFRSF8,Tumor necrosis factor receptor superfamily member 8,Chapter XI Diseases of the digestive system,Acute appendicitis,28405,161,0.94 [0.68-1.29],0.7048077750142132
TNFRSF8,Tumor necrosis factor receptor superfamily member 8,Chapter XI Diseases of the digestive system,Acute gastritis,22870,76,1.91 [1.32-2.76],0.0006082920914974
TNFRSF8,Tumor necrosis factor receptor superfamily member 8,Chapter XI Diseases of the digestive system,Acute pancreatitis,26966,170,1.33 [1.00-1.77],0.0470356456053636
TNFRSF8,Tumor necrosis factor receptor superfamily member 8,Chapter XI Diseases of the digestive system,Acute peritonitis,28158,76,1.84 [1.28-2.64],0.0010100478154105
TNFRSF8,Tumor necrosis factor receptor superfamily member 8,Chapter XI Diseases of the digestive system,Alcoholic liver disease,27804,87,1.41 [0.95-2.10],0.0910536203467348
TNFRSF8,Tumor necrosis factor receptor superfamily member 8,Chapter XI Diseases of the digestive system,Barrett oesophagus,23157,363,1.45 [1.20-1.76],0.0001259719379912
TNFRSF8,Tumor necrosis factor receptor superfamily member 8,Chapter XI Diseases of the digestive system,"Cholangitis (primary sclerosing, PSC)",26854,58,1.78 [1.15-2.73],0.0092149063018177
TNFRSF8,Tumor necrosis factor receptor superfamily member 8,Chapter XI Diseases of the digestive system,"Cholangitis (primary sclerosing, PSC), with reimbursement 202",28189,58,1.76 [1.14-2.72],0.0104287947390171
TNFRSF8,Tumor necrosis factor receptor superfamily member 8,Chapter XI Diseases of the digestive system,Cholecystitis,26984,188,1.58 [1.23-2.03],0.000353000372946
TNFRSF8,Tumor necrosis factor receptor superfamily member 8,Chapter XI Diseases of the digestive system,Cholelithiasis,27731,935,1.24 [1.09-1.40],0.0006799025110311
TNFRSF8,Tumor necrosis factor receptor superfamily member 8,Chapter XI Diseases of the digestive system,Chronic gastritis,23058,264,1.87 [1.53-2.29],8.0562604358237e-10
TNFRSF8,Tumor necrosis factor receptor superfamily member 8,Chapter XI Diseases of the digestive system,Chronic pancreatitis,26840,44,1.58 [0.94-2.66],0.0849612387885794
TNFRSF8,Tumor necrosis factor receptor superfamily member 8,Chapter XI Diseases of the digestive system,"Cirrhosis of liver, NAS",28457,83,3.40 [2.67-4.33],4.133158273425319e-23
TNFRSF8,Tumor necrosis factor receptor superfamily member 8,Chapter XI Diseases of the digestive system,Coeliac disease,27134,122,4.30 [3.66-5.05],5.624862934191089e-70
TNFRSF8,Tumor necrosis factor receptor superfamily member 8,Chapter XI Diseases of the digestive system,Collagenous colitis,26991,62,1.13 [0.69-1.85],0.623278627159275
TNFRSF8,Tumor necrosis factor receptor superfamily member 8,Chapter XI Diseases of the digestive system,Colonic or urogenital fistula,28421,215,1.20 [0.93-1.55],0.1630616371631755
TNFRSF8,Tumor necrosis factor receptor superfamily member 8,Chapter XI Diseases of the digestive system,Constipation,28379,1208,1.21 [1.08-1.34],0.0007208300291261
TNFRSF8,Tumor necrosis factor receptor superfamily member 8,Chapter XI Diseases of the digestive system,Crohn disease,27025,96,1.66 [1.17-2.34],0.0040409294358176
TNFRSF8,Tumor necrosis factor receptor superfamily member 8,Chapter XI Diseases of the digestive system,"Crohn disease (strict definition, all UC cases excluded)",28250,67,1.50 [0.98-2.31],0.063190985655981
TNFRSF8,Tumor necrosis factor receptor superfamily member 8,Chapter XI Diseases of the digestive system,Crohn's disease NAS,27023,94,1.80 [1.29-2.51],0.0005661320640804
TNFRSF8,Tumor necrosis factor receptor superfamily member 8,Chapter XI Diseases of the digestive system,Dental caries,27735,271,1.31 [1.05-1.64],0.0169763700532535
TNFRSF8,Tumor necrosis factor receptor superfamily member 8,Chapter XI Diseases of the digestive system,Diaphragmatic hernia,26460,1886,1.24 [1.14-1.35],1.201698363305114e-06
TNFRSF8,Tumor necrosis factor receptor superfamily member 8,Chapter XI Diseases of the digestive system,Diseases of appendix,28449,205,1.09 [0.83-1.42],0.5528298584837362
TNFRSF8,Tumor necrosis factor receptor superfamily member 8,Chapter XI Diseases of the digestive system,Diseases of liver,28486,769,1.46 [1.29-1.66],6.20553904394952e-09
TNFRSF8,Tumor necrosis factor receptor superfamily member 8,Chapter XI Diseases of the digestive system,"Diseases of oesophagus, stomach and duodenum",26845,4051,1.27 [1.20-1.35],1.4050340085220625e-15
TNFRSF8,Tumor necrosis factor receptor superfamily member 8,Chapter XI Diseases of the digestive system,"Diseases of oral cavity, salivary glands and jaws",28101,637,1.30 [1.13-1.51],0.0003840942546266
TNFRSF8,Tumor necrosis factor receptor superfamily member 8,Chapter XI Diseases of the digestive system,Diseases of peritoneum,28525,443,1.15 [0.96-1.38],0.1293649518926402
TNFRSF8,Tumor necrosis factor receptor superfamily member 8,Chapter XI Diseases of the digestive system,Diseases of pulp and periapical tissues,27600,136,1.25 [0.91-1.72],0.1761652629910603
TNFRSF8,Tumor necrosis factor receptor superfamily member 8,Chapter XI Diseases of the digestive system,Diseases of salivary glands,27431,70,1.55 [1.03-2.35],0.0364331659643593
TNFRSF8,Tumor necrosis factor receptor superfamily member 8,Chapter XI Diseases of the digestive system,Diseases of the digestive system,28321,1309,1.53 [1.39-1.68],6.3553979435877604e-18
TNFRSF8,Tumor necrosis factor receptor superfamily member 8,Chapter XI Diseases of the digestive system,Diseases of tongue,27444,125,1.21 [0.87-1.69],0.2625814143310537
TNFRSF8,Tumor necrosis factor receptor superfamily member 8,Chapter XI Diseases of the digestive system,"Disorders of gallbladder, biliary tract and pancreas",28078,1282,1.28 [1.15-1.42],3.221511742029913e-06
TNFRSF8,Tumor necrosis factor receptor superfamily member 8,Chapter XI Diseases of the digestive system,Diverticular disease of intestine,24381,2523,1.05 [0.97-1.13],0.2445440361763947
TNFRSF8,Tumor necrosis factor receptor superfamily member 8,Chapter XI Diseases of the digestive system,Duodenal ulcer,22943,149,1.46 [1.07-1.98],0.015803674162921
TNFRSF8,Tumor necrosis factor receptor superfamily member 8,Chapter XI Diseases of the digestive system,"Duodenal ulcer - Unspecified as acute or chronic, without haemorrhage or perforation, drug-induced",28536,118,1.36 [0.96-1.91],0.0796389325202188
TNFRSF8,Tumor necrosis factor receptor superfamily member 8,Chapter XI Diseases of the digestive system,Embedded and impacted teeth,28466,84,1.27 [0.85-1.89],0.249021934385087
TNFRSF8,Tumor necrosis factor receptor superfamily member 8,Chapter XI Diseases of the digestive system,Fibrosis and cirrhosis of liver,27822,105,3.13 [2.49-3.93],1.780931345754962e-22
TNFRSF8,Tumor necrosis factor receptor superfamily member 8,Chapter XI Diseases of the digestive system,Fissure and fistula of anal and rectal regions,22045,187,1.23 [0.93-1.62],0.146699400830424
TNFRSF8,Tumor necrosis factor receptor superfamily member 8,Chapter XI Diseases of the digestive system,Functional dyspepsia,23325,531,1.06 [0.89-1.26],0.4960302291775025
TNFRSF8,Tumor necrosis factor receptor superfamily member 8,Chapter XI Diseases of the digestive system,Gastric ulcer,23087,293,1.38 [1.11-1.72],0.0039428130184007
TNFRSF8,Tumor necrosis factor receptor superfamily member 8,Chapter XI Diseases of the digestive system,Gastro-oesophageal reflux disease,25124,2330,1.21 [1.11-1.31],3.616042031952922e-06
TNFRSF8,Tumor necrosis factor receptor superfamily member 8,Chapter XI Diseases of the digestive system,Gastroduodenal ulcer,23216,422,1.36 [1.13-1.63],0.001099754093816
TNFRSF8,Tumor necrosis factor receptor superfamily member 8,Chapter XI Diseases of the digestive system,Gastrointestinal diseases,23376,8374,1.15 [1.10-1.20],9.20111533665942e-11
TNFRSF8,Tumor necrosis factor receptor superfamily member 8,Chapter XI Diseases of the digestive system,GI-bleeding,28065,1053,1.24 [1.10-1.39],0.000328227169135
TNFRSF8,Tumor necrosis factor receptor superfamily member 8,Chapter XI Diseases of the digestive system,Gingivitis and periodontal diseases,27525,61,1.25 [0.78-2.02],0.3556456684525725
TNFRSF8,Tumor necrosis factor receptor superfamily member 8,Chapter XI Diseases of the digestive system,Haemorrhoids and perianal venous thrombosis,22813,1330,1.21 [1.09-1.34],0.0004743103122234
TNFRSF8,Tumor necrosis factor receptor superfamily member 8,Chapter XI Diseases of the digestive system,"Hepatic failure, not elsewhere classified",27774,57,1.95 [1.27-3.00],0.002387832383823
TNFRSF8,Tumor necrosis factor receptor superfamily member 8,Chapter XI Diseases of the digestive system,Hernia,27411,2837,1.18 [1.09-1.26],1.0137525536969145e-05
TNFRSF8,Tumor necrosis factor receptor superfamily member 8,Chapter XI Diseases of the digestive system,Impacted teeth,28476,78,1.32 [0.88-1.99],0.1796813510754568
TNFRSF8,Tumor necrosis factor receptor superfamily member 8,Chapter XI Diseases of the digestive system,Impaction of intestines,21892,34,1.55 [0.87-2.77],0.1377089516946902
TNFRSF8,Tumor necrosis factor receptor superfamily member 8,Chapter XI Diseases of the digestive system,Inguinal hernia,25276,702,0.98 [0.84-1.15],0.8434616996914774
TNFRSF8,Tumor necrosis factor receptor superfamily member 8,Chapter XI Diseases of the digestive system,"Inguinal hernia, bilateral",24656,82,0.87 [0.55-1.39],0.5618587406118941
TNFRSF8,Tumor necrosis factor receptor superfamily member 8,Chapter XI Diseases of the digestive system,Intestinal adhesions without obstruction,21934,76,1.23 [0.80-1.89],0.3551759230090419
TNFRSF8,Tumor necrosis factor receptor superfamily member 8,Chapter XI Diseases of the digestive system,Intestinal malabsorption,27155,143,4.04 [3.46-4.72],1.435664075934716e-69
TNFRSF8,Tumor necrosis factor receptor superfamily member 8,Chapter XI Diseases of the digestive system,Irritable bowel syndrome,22451,593,1.29 [1.11-1.50],0.0009173540792169
TNFRSF8,Tumor necrosis factor receptor superfamily member 8,Chapter XI Diseases of the digestive system,Nonalcoholic fatty liver disease,28584,399,1.27 [1.05-1.53],0.012436569761772
TNFRSF8,Tumor necrosis factor receptor superfamily member 8,Chapter XI Diseases of the digestive system,Noninfectious colitis NAS,27656,727,1.34 [1.17-1.53],2.407365655188916e-05
TNFRSF8,Tumor necrosis factor receptor superfamily member 8,Chapter XI Diseases of the digestive system,Noninfective enteritis and colitis,27849,920,1.32 [1.17-1.49],5.084913447551245e-06
TNFRSF8,Tumor necrosis factor receptor superfamily member 8,Chapter XI Diseases of the digestive system,Oesophageal obstruction,22950,156,1.43 [1.06-1.92],0.0175821676416039
TNFRSF8,Tumor necrosis factor receptor superfamily member 8,Chapter XI Diseases of the digestive system,Oesophagitis,23296,502,1.57 [1.34-1.84],1.6701553673560397e-08
TNFRSF8,Tumor necrosis factor receptor superfamily member 8,Chapter XI Diseases of the digestive system,Oral lichen ruber planus,28565,138,1.14 [0.82-1.58],0.4242029743634123
TNFRSF8,Tumor necrosis factor receptor superfamily member 8,Chapter XI Diseases of the digestive system,Other and unspecified abdominal hernia,24624,50,1.33 [0.79-2.24],0.2782105799526315
TNFRSF8,Tumor necrosis factor receptor superfamily member 8,Chapter XI Diseases of the digestive system,Other diseases of anus and rectum,23195,1337,1.23 [1.11-1.37],6.147341030732211e-05
TNFRSF8,Tumor necrosis factor receptor superfamily member 8,Chapter XI Diseases of the digestive system,Other diseases of biliary tract,26999,203,1.37 [1.06-1.77],0.0156461672106754
TNFRSF8,Tumor necrosis factor receptor superfamily member 8,Chapter XI Diseases of the digestive system,Other diseases of gallbladder,26966,170,1.27 [0.95-1.68],0.1047447918497594
TNFRSF8,Tumor necrosis factor receptor superfamily member 8,Chapter XI Diseases of the digestive system,Other diseases of intestine,23406,1548,1.14 [1.04-1.26],0.0078513024556628
TNFRSF8,Tumor necrosis factor receptor superfamily member 8,Chapter XI Diseases of the digestive system,Other diseases of intestines,26920,5062,1.15 [1.09-1.22],3.3001593382947375e-07
TNFRSF8,Tumor necrosis factor receptor superfamily member 8,Chapter XI Diseases of the digestive system,Other diseases of lip and oral mucosa,27437,203,1.21 [0.93-1.58],0.1531520151823696
TNFRSF8,Tumor necrosis factor receptor superfamily member 8,Chapter XI Diseases of the digestive system,Other diseases of liver,28339,622,1.43 [1.24-1.65],1.1359405299990889e-06
TNFRSF8,Tumor necrosis factor receptor superfamily member 8,Chapter XI Diseases of the digestive system,Other diseases of oesophagus,23353,559,1.52 [1.30-1.76],6.238313873820219e-08
TNFRSF8,Tumor necrosis factor receptor superfamily member 8,Chapter XI Diseases of the digestive system,Other diseases of pancreas,26882,86,1.77 [1.24-2.51],0.0015898968478784
TNFRSF8,Tumor necrosis factor receptor superfamily member 8,Chapter XI Diseases of the digestive system,Other diseases of peritoneum,28466,384,1.05 [0.86-1.28],0.6279799724035567
TNFRSF8,Tumor necrosis factor receptor superfamily member 8,Chapter XI Diseases of the digestive system,Other diseases of stomach and duodenum,23599,805,1.48 [1.31-1.68],9.695098575710014e-10
TNFRSF8,Tumor necrosis factor receptor superfamily member 8,Chapter XI Diseases of the digestive system,Other diseases of the digestive system,28079,1067,1.24 [1.10-1.39],0.0003157993621061
TNFRSF8,Tumor necrosis factor receptor superfamily member 8,Chapter XI Diseases of the digestive system,Other disorders of teeth and supporting structures,27660,196,1.42 [1.10-1.84],0.0073738825460728
TNFRSF8,Tumor necrosis factor receptor superfamily member 8,Chapter XI Diseases of the digestive system,Other functional intestinal disorders,23114,1256,1.23 [1.11-1.37],9.967100084984124e-05
TNFRSF8,Tumor necrosis factor receptor superfamily member 8,Chapter XI Diseases of the digestive system,Other gastritis (incl. Duodenitis),24649,1855,1.42 [1.30-1.54],7.239546666677185e-16
TNFRSF8,Tumor necrosis factor receptor superfamily member 8,Chapter XI Diseases of the digestive system,Other inflammatory liver diseases,27803,86,2.13 [1.57-2.91],1.5931987566447246e-06
TNFRSF8,Tumor necrosis factor receptor superfamily member 8,Chapter XI Diseases of the digestive system,Other noninfective gastroenteritis and colitis,27733,804,1.33 [1.17-1.51],1.4215599890122396e-05
TNFRSF8,Tumor necrosis factor receptor superfamily member 8,Chapter XI Diseases of the digestive system,"Other or unspecified ileus, impaction or obstruction",22098,240,1.34 [1.06-1.70],0.0150716323406353
TNFRSF8,Tumor necrosis factor receptor superfamily member 8,Chapter XI Diseases of the digestive system,Palatinal maxillary canine,28450,100,1.34 [0.93-1.92],0.1128923098755921
TNFRSF8,Tumor necrosis factor receptor superfamily member 8,Chapter XI Diseases of the digestive system,Paralytic ileus and intestinal obstruction,22217,359,1.36 [1.13-1.65],0.0013993052554876
TNFRSF8,Tumor necrosis factor receptor superfamily member 8,Chapter XI Diseases of the digestive system,"Postprocedural disorders of digestive system, not elsewhere classified",27153,141,1.18 [0.85-1.63],0.3190840695522612
TNFRSF8,Tumor necrosis factor receptor superfamily member 8,Chapter XI Diseases of the digestive system,Recurring oral aphthae,28599,59,1.64 [1.06-2.53],0.025466364460776
TNFRSF8,Tumor necrosis factor receptor superfamily member 8,Chapter XI Diseases of the digestive system,Stomatitis and related lesions,27480,132,1.51 [1.11-2.04],0.0078348422213471
TNFRSF8,Tumor necrosis factor receptor superfamily member 8,Chapter XI Diseases of the digestive system,Toxic colitis,26961,32,1.39 [0.73-2.64],0.3172916199761662
TNFRSF8,Tumor necrosis factor receptor superfamily member 8,Chapter XI Diseases of the digestive system,Ulcer of oesophagus,22984,190,1.35 [1.03-1.78],0.0300569314989664
TNFRSF8,Tumor necrosis factor receptor superfamily member 8,Chapter XI Diseases of the digestive system,Ulcerative colitis,27081,152,1.84 [1.43-2.38],2.9382393329036914e-06
TNFRSF8,Tumor necrosis factor receptor superfamily member 8,Chapter XI Diseases of the digestive system,"Ulcerative colitis, NAS",27061,132,1.95 [1.49-2.55],9.510713857904816e-07
TNFRSF8,Tumor necrosis factor receptor superfamily member 8,Chapter XI Diseases of the digestive system,Umbilical hernia,24865,291,1.10 [0.88-1.39],0.4041183745094099
TNFRSF8,Tumor necrosis factor receptor superfamily member 8,Chapter XI Diseases of the digestive system,Vascular disorders of the intestines,21963,105,1.43 [1.01-2.02],0.045909243130375
TNFRSF8,Tumor necrosis factor receptor superfamily member 8,Chapter XI Diseases of the digestive system,Ventral hernia,24806,232,1.34 [1.05-1.71],0.0169361533155068
TNFRSF8,Tumor necrosis factor receptor superfamily member 8,Chapter XI Diseases of the digestive system,Volvulus,21923,65,1.31 [0.83-2.06],0.2387138856930993
TNFRSF8,Tumor necrosis factor receptor superfamily member 8,Chapter XII Diseases of the skin and subcutaneous tissue,Actinic keratosis,28553,167,1.20 [0.90-1.62],0.2147787518937438
TNFRSF8,Tumor necrosis factor receptor superfamily member 8,Chapter XII Diseases of the skin and subcutaneous tissue,Arthropathic psoriasis,28331,77,1.59 [1.08-2.35],0.0201983056925302
TNFRSF8,Tumor necrosis factor receptor superfamily member 8,Chapter XII Diseases of the skin and subcutaneous tissue,Atrophic disorders of skin,27074,152,1.06 [0.77-1.46],0.6985836948365848
TNFRSF8,Tumor necrosis factor receptor superfamily member 8,Chapter XII Diseases of the skin and subcutaneous tissue,Cellulitis,27970,572,1.41 [1.22-1.64],5.3648830050693e-06
TNFRSF8,Tumor necrosis factor receptor superfamily member 8,Chapter XII Diseases of the skin and subcutaneous tissue,"Cutaneous abscess, furuncle and carbuncle",27601,203,0.81 [0.60-1.08],0.1546323798216411
TNFRSF8,Tumor necrosis factor receptor superfamily member 8,Chapter XII Diseases of the skin and subcutaneous tissue,Decubitus ulcer and pressure area,27104,182,1.73 [1.35-2.21],1.4881414642835665e-05
TNFRSF8,Tumor necrosis factor receptor superfamily member 8,Chapter XII Diseases of the skin and subcutaneous tissue,Dermatitis,28341,236,1.64 [1.32-2.03],9.49977218094986e-06
TNFRSF8,Tumor necrosis factor receptor superfamily member 8,Chapter XII Diseases of the skin and subcutaneous tissue,Dermatitis and eczema,28508,403,1.68 [1.42-1.98],7.410118259923912e-10
TNFRSF8,Tumor necrosis factor receptor superfamily member 8,Chapter XII Diseases of the skin and subcutaneous tissue,Dermatitis due to substances taken internally,28154,49,2.03 [1.33-3.10],0.0009818188304679
TNFRSF8,Tumor necrosis factor receptor superfamily member 8,Chapter XII Diseases of the skin and subcutaneous tissue,Diseases of the skin and subcutaneous tissue,27096,2668,1.27 [1.18-1.37],6.112025919200415e-11
TNFRSF8,Tumor necrosis factor receptor superfamily member 8,Chapter XII Diseases of the skin and subcutaneous tissue,Disorders of skin appendages,28136,459,0.92 [0.77-1.12],0.4123435984957021
TNFRSF8,Tumor necrosis factor receptor superfamily member 8,Chapter XII Diseases of the skin and subcutaneous tissue,Follicular cysts of skin and subcutaneous tissue,28005,328,0.93 [0.74-1.16],0.4959460002720713
TNFRSF8,Tumor necrosis factor receptor superfamily member 8,Chapter XII Diseases of the skin and subcutaneous tissue,Infections of the skin and subcutaneous tissue,28210,812,1.28 [1.12-1.46],0.0002021776550136
TNFRSF8,Tumor necrosis factor receptor superfamily member 8,Chapter XII Diseases of the skin and subcutaneous tissue,"Lichen planus, including avohilmo",28597,48,1.16 [0.67-2.00],0.5975145595690513
TNFRSF8,Tumor necrosis factor receptor superfamily member 8,Chapter XII Diseases of the skin and subcutaneous tissue,Lupus erythematosus,26978,56,3.15 [2.29-4.34],1.8645760745222498e-12
TNFRSF8,Tumor necrosis factor receptor superfamily member 8,Chapter XII Diseases of the skin and subcutaneous tissue,Nail disorders,27719,42,1.27 [0.72-2.24],0.4137211323529371
TNFRSF8,Tumor necrosis factor receptor superfamily member 8,Chapter XII Diseases of the skin and subcutaneous tissue,Other and unspecified dermatitis,28334,229,1.67 [1.34-2.08],4.896487123405912e-06
TNFRSF8,Tumor necrosis factor receptor superfamily member 8,Chapter XII Diseases of the skin and subcutaneous tissue,Other and unspecified disorders of skin and subcutaneous tissue,27222,300,1.06 [0.84-1.33],0.6362345854419498
TNFRSF8,Tumor necrosis factor receptor superfamily member 8,Chapter XII Diseases of the skin and subcutaneous tissue,Other and unspecified epidermal thickening,26960,38,1.38 [0.77-2.50],0.2831981570582319
TNFRSF8,Tumor necrosis factor receptor superfamily member 8,Chapter XII Diseases of the skin and subcutaneous tissue,Other and unspecified erythematous conditions,28523,70,1.32 [0.86-2.05],0.2066647492505096
TNFRSF8,Tumor necrosis factor receptor superfamily member 8,Chapter XII Diseases of the skin and subcutaneous tissue,Other and unspecified local infections of skin and subcutaneous tissue,27538,140,1.37 [1.01-1.86],0.0454234042742636
TNFRSF8,Tumor necrosis factor receptor superfamily member 8,Chapter XII Diseases of the skin and subcutaneous tissue,Other and unspecified psoriasis,28413,159,1.41 [1.06-1.88],0.0184690115721975
TNFRSF8,Tumor necrosis factor receptor superfamily member 8,Chapter XII Diseases of the skin and subcutaneous tissue,Other contact dermatitis,28138,33,1.73 [0.97-3.07],0.0614719240264797
TNFRSF8,Tumor necrosis factor receptor superfamily member 8,Chapter XII Diseases of the skin and subcutaneous tissue,Other disorders of pigmentation,26977,55,0.83 [0.47-1.46],0.5139841383169985
TNFRSF8,Tumor necrosis factor receptor superfamily member 8,Chapter XII Diseases of the skin and subcutaneous tissue,Other disorders of skin and subcutaneous tissue,28066,1144,1.30 [1.17-1.45],2.4126849353007343e-06
TNFRSF8,Tumor necrosis factor receptor superfamily member 8,Chapter XII Diseases of the skin and subcutaneous tissue,"Other disorders of skin and subcutaneous tissue, not elsewhere classified",27253,331,1.06 [0.85-1.32],0.6097609649044013
TNFRSF8,Tumor necrosis factor receptor superfamily member 8,Chapter XII Diseases of the skin and subcutaneous tissue,Other epidermal thickening,26964,42,1.41 [0.81-2.46],0.2277045207487256
TNFRSF8,Tumor necrosis factor receptor superfamily member 8,Chapter XII Diseases of the skin and subcutaneous tissue,Papulosquamous disorders,28523,269,1.47 [1.18-1.82],0.0004914028884036
TNFRSF8,Tumor necrosis factor receptor superfamily member 8,Chapter XII Diseases of the skin and subcutaneous tissue,Pruritus,28168,63,1.60 [1.03-2.46],0.0345633706745048
TNFRSF8,Tumor necrosis factor receptor superfamily member 8,Chapter XII Diseases of the skin and subcutaneous tissue,Psoriasis,28475,221,1.60 [1.27-2.01],6.384652656112451e-05
TNFRSF8,Tumor necrosis factor receptor superfamily member 8,Chapter XII Diseases of the skin and subcutaneous tissue,Radiation-related disorders of the skin and subcutaneous tissue,28576,190,1.17 [0.89-1.55],0.2623350079659075
TNFRSF8,Tumor necrosis factor receptor superfamily member 8,Chapter XII Diseases of the skin and subcutaneous tissue,Scar conditions and fibrosis of skin,27048,126,1.07 [0.75-1.51],0.7174096149755645
TNFRSF8,Tumor necrosis factor receptor superfamily member 8,Chapter XII Diseases of the skin and subcutaneous tissue,Seborrhoeic keratosis,27121,199,0.98 [0.74-1.31],0.8976263505363952
TNFRSF8,Tumor necrosis factor receptor superfamily member 8,Chapter XII Diseases of the skin and subcutaneous tissue,Skin changes due to chronic exposure to nonionizing radiation,28567,181,1.16 [0.87-1.54],0.3136681385056748
TNFRSF8,Tumor necrosis factor receptor superfamily member 8,Chapter XII Diseases of the skin and subcutaneous tissue,"Ulcer of lower limb, not elsewhere classified",27058,136,2.00 [1.53-2.62],5.352709542888708e-07
TNFRSF8,Tumor necrosis factor receptor superfamily member 8,Chapter XII Diseases of the skin and subcutaneous tissue,Urticaria and erythema,28575,122,1.51 [1.10-2.06],0.009694165393276
TNFRSF8,Tumor necrosis factor receptor superfamily member 8,Chapter XIII Diseases of the musculoskeletal system and connective tissue,Adhesive capsulitis of shoulder,25122,139,1.11 [0.80-1.55],0.5214380036008865
TNFRSF8,Tumor necrosis factor receptor superfamily member 8,Chapter XIII Diseases of the musculoskeletal system and connective tissue,Arthropathies,26716,4821,1.18 [1.12-1.25],1.5167090444932688e-09
TNFRSF8,Tumor necrosis factor receptor superfamily member 8,Chapter XIII Diseases of the musculoskeletal system and connective tissue,Arthrosis,25305,3410,1.13 [1.05-1.20],0.0005209445194586
TNFRSF8,Tumor necrosis factor receptor superfamily member 8,Chapter XIII Diseases of the musculoskeletal system and connective tissue,Bursitis of shoulder,25082,99,1.01 [0.67-1.51],0.9624295519176506
TNFRSF8,Tumor necrosis factor receptor superfamily member 8,Chapter XIII Diseases of the musculoskeletal system and connective tissue,Cervical disc disorders,25692,161,0.90 [0.65-1.24],0.5055029582459275
TNFRSF8,Tumor necrosis factor receptor superfamily member 8,Chapter XIII Diseases of the musculoskeletal system and connective tissue,Cervicalgia,25695,164,1.34 [1.01-1.78],0.0424984636689208
TNFRSF8,Tumor necrosis factor receptor superfamily member 8,Chapter XIII Diseases of the musculoskeletal system and connective tissue,Chondropathies,28376,119,1.58 [1.16-2.16],0.0040498460800988
TNFRSF8,Tumor necrosis factor receptor superfamily member 8,Chapter XIII Diseases of the musculoskeletal system and connective tissue,"Collapsed vertebra, not elsewhere classified",25579,48,1.44 [0.86-2.43],0.1691148853005671
TNFRSF8,Tumor necrosis factor receptor superfamily member 8,Chapter XIII Diseases of the musculoskeletal system and connective tissue,Coxarthrosis,22668,773,1.04 [0.90-1.20],0.5693575810877225
TNFRSF8,Tumor necrosis factor receptor superfamily member 8,Chapter XIII Diseases of the musculoskeletal system and connective tissue,"Coxarthrosis, primary",28547,129,0.99 [0.70-1.40],0.9371553563415642
TNFRSF8,Tumor necrosis factor receptor superfamily member 8,Chapter XIII Diseases of the musculoskeletal system and connective tissue,Deforming dorsopathies,25832,301,1.13 [0.90-1.41],0.294189067368608
TNFRSF8,Tumor necrosis factor receptor superfamily member 8,Chapter XIII Diseases of the musculoskeletal system and connective tissue,Diseases of the musculoskeletal system and connective tissue,25025,6462,1.15 [1.10-1.21],5.4994802300195195e-09
TNFRSF8,Tumor necrosis factor receptor superfamily member 8,Chapter XIII Diseases of the musculoskeletal system and connective tissue,Disorders of continuity of bone,27197,112,1.59 [1.15-2.20],0.0051269445479542
TNFRSF8,Tumor necrosis factor receptor superfamily member 8,Chapter XIII Diseases of the musculoskeletal system and connective tissue,Disorders of muscles,25103,120,1.31 [0.93-1.84],0.1191629982072127
TNFRSF8,Tumor necrosis factor receptor superfamily member 8,Chapter XIII Diseases of the musculoskeletal system and connective tissue,Disorders of synovium and tendon,25613,630,1.06 [0.90-1.23],0.5030368683081583
TNFRSF8,Tumor necrosis factor receptor superfamily member 8,Chapter XIII Diseases of the musculoskeletal system and connective tissue,Dorsopathies,27689,2158,1.08 [0.99-1.18],0.0696688950348968
TNFRSF8,Tumor necrosis factor receptor superfamily member 8,Chapter XIII Diseases of the musculoskeletal system and connective tissue,Fibroblastic disorders,25217,234,0.90 [0.69-1.18],0.4603104505932218
TNFRSF8,Tumor necrosis factor receptor superfamily member 8,Chapter XIII Diseases of the musculoskeletal system and connective tissue,Fibromyalgia,25272,289,1.47 [1.20-1.80],0.0002225481656918
TNFRSF8,Tumor necrosis factor receptor superfamily member 8,Chapter XIII Diseases of the musculoskeletal system and connective tissue,Ganglion,25136,153,0.81 [0.58-1.14],0.2247493009665673
TNFRSF8,Tumor necrosis factor receptor superfamily member 8,Chapter XIII Diseases of the musculoskeletal system and connective tissue,Giant cell arteritis,28078,37,0.72 [0.35-1.46],0.3576747183504112
TNFRSF8,Tumor necrosis factor receptor superfamily member 8,Chapter XIII Diseases of the musculoskeletal system and connective tissue,Gonarthrosis,23263,1368,1.15 [1.04-1.28],0.0074503434034227
TNFRSF8,Tumor necrosis factor receptor superfamily member 8,Chapter XIII Diseases of the musculoskeletal system and connective tissue,Gout,22303,408,1.48 [1.23-1.77],2.6370588157882024e-05
TNFRSF8,Tumor necrosis factor receptor superfamily member 8,Chapter XIII Diseases of the musculoskeletal system and connective tissue,"Gout, unspecified",28554,398,1.43 [1.19-1.72],0.0001129463027823
TNFRSF8,Tumor necrosis factor receptor superfamily member 8,Chapter XIII Diseases of the musculoskeletal system and connective tissue,Hallux rigidus,21969,74,0.80 [0.49-1.31],0.3778051406245455
TNFRSF8,Tumor necrosis factor receptor superfamily member 8,Chapter XIII Diseases of the musculoskeletal system and connective tissue,Hallux valgus (acquired),22254,359,1.00 [0.81-1.24],0.985863681095988
TNFRSF8,Tumor necrosis factor receptor superfamily member 8,Chapter XIII Diseases of the musculoskeletal system and connective tissue,Impingement syndrome of shoulder,25326,343,1.07 [0.87-1.33],0.506965517068104
TNFRSF8,Tumor necrosis factor receptor superfamily member 8,Chapter XIII Diseases of the musculoskeletal system and connective tissue,Internal derangement of knee,22694,799,1.32 [1.16-1.51],3.106706448902888e-05
TNFRSF8,Tumor necrosis factor receptor superfamily member 8,Chapter XIII Diseases of the musculoskeletal system and connective tissue,Kyphosis,25561,30,1.50 [0.79-2.82],0.2121053207006213
TNFRSF8,Tumor necrosis factor receptor superfamily member 8,Chapter XIII Diseases of the musculoskeletal system and connective tissue,Low back pain,26101,570,1.21 [1.04-1.42],0.0166812942485591
TNFRSF8,Tumor necrosis factor receptor superfamily member 8,Chapter XIII Diseases of the musculoskeletal system and connective tissue,Lumbar disc prolapse,25819,288,1.06 [0.84-1.34],0.6143098995425489
TNFRSF8,Tumor necrosis factor receptor superfamily member 8,Chapter XIII Diseases of the musculoskeletal system and connective tissue,Meniscus derangement,22639,744,1.31 [1.15-1.51],8.367972920279992e-05
TNFRSF8,Tumor necrosis factor receptor superfamily member 8,Chapter XIII Diseases of the musculoskeletal system and connective tissue,Myalgia,25072,89,1.27 [0.86-1.88],0.2243335527797504
TNFRSF8,Tumor necrosis factor receptor superfamily member 8,Chapter XIII Diseases of the musculoskeletal system and connective tissue,"Neuralgia and neuritis, unspecified",25047,64,0.97 [0.58-1.60],0.8966391171308751
TNFRSF8,Tumor necrosis factor receptor superfamily member 8,Chapter XIII Diseases of the musculoskeletal system and connective tissue,Osteomyelitis,27145,60,1.27 [0.77-2.07],0.3499229627059537
TNFRSF8,Tumor necrosis factor receptor superfamily member 8,Chapter XIII Diseases of the musculoskeletal system and connective tissue,Osteopathies and chondropathies,28265,1180,1.40 [1.26-1.55],4.612127950513609e-10
TNFRSF8,Tumor necrosis factor receptor superfamily member 8,Chapter XIII Diseases of the musculoskeletal system and connective tissue,Osteoporosis,27752,667,1.45 [1.26-1.66],1.467967544598549e-07
TNFRSF8,Tumor necrosis factor receptor superfamily member 8,Chapter XIII Diseases of the musculoskeletal system and connective tissue,"Other (seronegative) rheumatoid arthritis, wide",28497,355,2.09 [1.78-2.44],5.446106467719694e-20
TNFRSF8,Tumor necrosis factor receptor superfamily member 8,Chapter XIII Diseases of the musculoskeletal system and connective tissue,Other arthrosis,23726,1831,1.15 [1.05-1.26],0.0020353862542292
TNFRSF8,Tumor necrosis factor receptor superfamily member 8,Chapter XIII Diseases of the musculoskeletal system and connective tissue,Other articular cartilage disorders,21979,84,0.99 [0.63-1.54],0.9552146267158692
TNFRSF8,Tumor necrosis factor receptor superfamily member 8,Chapter XIII Diseases of the musculoskeletal system and connective tissue,Other bursopathies,25063,80,1.49 [1.00-2.22],0.0492530339751404
TNFRSF8,Tumor necrosis factor receptor superfamily member 8,Chapter XIII Diseases of the musculoskeletal system and connective tissue,Other crystal arthropathies,21922,27,1.32 [0.64-2.72],0.4604286758784401
TNFRSF8,Tumor necrosis factor receptor superfamily member 8,Chapter XIII Diseases of the musculoskeletal system and connective tissue,Other deformities of toe(s),22011,116,0.90 [0.62-1.32],0.6048617284388346
TNFRSF8,Tumor necrosis factor receptor superfamily member 8,Chapter XIII Diseases of the musculoskeletal system and connective tissue,Other disorders of bone,27322,237,1.27 [1.00-1.62],0.0500050774239324
TNFRSF8,Tumor necrosis factor receptor superfamily member 8,Chapter XIII Diseases of the musculoskeletal system and connective tissue,Other disorders of bone density and structure,27334,249,1.33 [1.05-1.68],0.0179664446789013
TNFRSF8,Tumor necrosis factor receptor superfamily member 8,Chapter XIII Diseases of the musculoskeletal system and connective tissue,Other disorders of the musculoskeletal system and connective tissue,28567,87,1.49 [1.02-2.16],0.0382770660905966
TNFRSF8,Tumor necrosis factor receptor superfamily member 8,Chapter XIII Diseases of the musculoskeletal system and connective tissue,"Other dorsopathies, not elsewhere classified",27143,1612,1.08 [0.98-1.19],0.1048402258981689
TNFRSF8,Tumor necrosis factor receptor superfamily member 8,Chapter XIII Diseases of the musculoskeletal system and connective tissue,Other enthesopathies,25108,125,0.84 [0.58-1.21],0.3414072998287115
TNFRSF8,Tumor necrosis factor receptor superfamily member 8,Chapter XIII Diseases of the musculoskeletal system and connective tissue,Other hammer toe(s) (acquired),22018,123,1.21 [0.86-1.70],0.2754481604753012
TNFRSF8,Tumor necrosis factor receptor superfamily member 8,Chapter XIII Diseases of the musculoskeletal system and connective tissue,Other intervertebral disc disorders,26184,653,1.13 [0.98-1.32],0.1023144545895938
TNFRSF8,Tumor necrosis factor receptor superfamily member 8,Chapter XIII Diseases of the musculoskeletal system and connective tissue,Other joint disorders,24016,2121,1.22 [1.12-1.32],2.6348795343614184e-06
TNFRSF8,Tumor necrosis factor receptor superfamily member 8,Chapter XIII Diseases of the musculoskeletal system and connective tissue,Other necrotizing vasculopathies,28100,59,1.74 [1.13-2.66],0.0117064198491601
TNFRSF8,Tumor necrosis factor receptor superfamily member 8,Chapter XIII Diseases of the musculoskeletal system and connective tissue,Other psoriatic arthropathies,28582,74,1.61 [1.09-2.38],0.0174467925458452
TNFRSF8,Tumor necrosis factor receptor superfamily member 8,Chapter XIII Diseases of the musculoskeletal system and connective tissue,Other shoulder lesions,25068,85,1.12 [0.74-1.71],0.5894623561548087
TNFRSF8,Tumor necrosis factor receptor superfamily member 8,Chapter XIII Diseases of the musculoskeletal system and connective tissue,"Other soft tissue disorders, not elsewhere classified",26121,1138,1.35 [1.21-1.50],5.136400858341855e-08
TNFRSF8,Tumor necrosis factor receptor superfamily member 8,Chapter XIII Diseases of the musculoskeletal system and connective tissue,Other specified disorders of muscle,25054,71,1.27 [0.81-1.98],0.2978035260688715
TNFRSF8,Tumor necrosis factor receptor superfamily member 8,Chapter XIII Diseases of the musculoskeletal system and connective tissue,Other specified/unspecified arthritis,23047,1152,1.30 [1.16-1.45],2.671855247868261e-06
TNFRSF8,Tumor necrosis factor receptor superfamily member 8,Chapter XIII Diseases of the musculoskeletal system and connective tissue,Other specified/unspecified disorders of  bone/cartilage,27190,105,0.91 [0.61-1.36],0.6544132686926198
TNFRSF8,Tumor necrosis factor receptor superfamily member 8,Chapter XIII Diseases of the musculoskeletal system and connective tissue,Other specified/unspecified disorders of synovium and tendon +Other specified/unspecified bursopathies,25054,71,1.61 [1.08-2.41],0.018651867185424
TNFRSF8,Tumor necrosis factor receptor superfamily member 8,Chapter XIII Diseases of the musculoskeletal system and connective tissue,Other specified/unspecified inflammatory spondylopathies,25651,120,0.98 [0.68-1.42],0.9289250497075214
TNFRSF8,Tumor necrosis factor receptor superfamily member 8,Chapter XIII Diseases of the musculoskeletal system and connective tissue,Other specified/unspecified soft tissue disorders,25400,417,1.58 [1.34-1.87],8.086261325248302e-08
TNFRSF8,Tumor necrosis factor receptor superfamily member 8,Chapter XIII Diseases of the musculoskeletal system and connective tissue,Other systemic involvement of connective tissue,28258,217,2.20 [1.81-2.68],2.273144604146413e-15
TNFRSF8,Tumor necrosis factor receptor superfamily member 8,Chapter XIII Diseases of the musculoskeletal system and connective tissue,Other/unspecified dorsalgia,26010,479,1.32 [1.12-1.56],0.0011703095039288
TNFRSF8,Tumor necrosis factor receptor superfamily member 8,Chapter XIII Diseases of the musculoskeletal system and connective tissue,Other/unspecified rheumatoid arthritis,28506,335,2.14 [1.83-2.51],7.334053317185887e-21
TNFRSF8,Tumor necrosis factor receptor superfamily member 8,Chapter XIII Diseases of the musculoskeletal system and connective tissue,Other/unspecified seropositive rheumatoid arthritis,28591,39,3.09 [2.14-4.47],1.917151802760424e-09
TNFRSF8,Tumor necrosis factor receptor superfamily member 8,Chapter XIII Diseases of the musculoskeletal system and connective tissue,Other/unspecified synovitis and tenosynovitis,25197,214,1.19 [0.92-1.54],0.1924256717896576
TNFRSF8,Tumor necrosis factor receptor superfamily member 8,Chapter XIII Diseases of the musculoskeletal system and connective tissue,Pain in joint,22976,618,1.40 [1.21-1.62],4.989094327814677e-06
TNFRSF8,Tumor necrosis factor receptor superfamily member 8,Chapter XIII Diseases of the musculoskeletal system and connective tissue,Pain in limb,25500,517,1.24 [1.06-1.47],0.0093254218727496
TNFRSF8,Tumor necrosis factor receptor superfamily member 8,Chapter XIII Diseases of the musculoskeletal system and connective tissue,Palmar fascial fibromatosis [Dupuytren],25160,177,0.89 [0.65-1.21],0.4566406038548255
TNFRSF8,Tumor necrosis factor receptor superfamily member 8,Chapter XIII Diseases of the musculoskeletal system and connective tissue,"Polyarthritis, unspecified",21932,37,1.00 [0.51-1.95],0.996293191789816
TNFRSF8,Tumor necrosis factor receptor superfamily member 8,Chapter XIII Diseases of the musculoskeletal system and connective tissue,Polyarthropathies,23714,1819,1.41 [1.29-1.53],2.1897572133397188e-15
TNFRSF8,Tumor necrosis factor receptor superfamily member 8,Chapter XIII Diseases of the musculoskeletal system and connective tissue,Polyarthrosis,22363,468,1.20 [1.01-1.43],0.0388219592610257
TNFRSF8,Tumor necrosis factor receptor superfamily member 8,Chapter XIII Diseases of the musculoskeletal system and connective tissue,Polymyalgia rheumatica,28129,88,1.24 [0.83-1.86],0.2902984334230377
TNFRSF8,Tumor necrosis factor receptor superfamily member 8,Chapter XIII Diseases of the musculoskeletal system and connective tissue,"Postprocedural musculoskeletal disorders, not elsewhere classified",28532,52,1.65 [1.04-2.62],0.0329210475682759
TNFRSF8,Tumor necrosis factor receptor superfamily member 8,Chapter XIII Diseases of the musculoskeletal system and connective tissue,"Primary gonarthrosis, bilateral",26940,31,0.98 [0.49-1.99],0.965998945783014
TNFRSF8,Tumor necrosis factor receptor superfamily member 8,Chapter XIII Diseases of the musculoskeletal system and connective tissue,Psoriatic arthropathies,21971,76,1.65 [1.11-2.43],0.0123443096557349
TNFRSF8,Tumor necrosis factor receptor superfamily member 8,Chapter XIII Diseases of the musculoskeletal system and connective tissue,Radiculopathy,25625,94,0.87 [0.56-1.33],0.5077537191092876
TNFRSF8,Tumor necrosis factor receptor superfamily member 8,Chapter XIII Diseases of the musculoskeletal system and connective tissue,Rheumatoid arthritis,22254,359,2.17 [1.86-2.53],7.41890025471066e-23
TNFRSF8,Tumor necrosis factor receptor superfamily member 8,Chapter XIII Diseases of the musculoskeletal system and connective tissue,Rotator cuff syndrome,25263,280,1.27 [1.01-1.59],0.0376177906220988
TNFRSF8,Tumor necrosis factor receptor superfamily member 8,Chapter XIII Diseases of the musculoskeletal system and connective tissue,Sciatica+with lumbago,25752,221,1.09 [0.84-1.42],0.5152440370949907
TNFRSF8,Tumor necrosis factor receptor superfamily member 8,Chapter XIII Diseases of the musculoskeletal system and connective tissue,Scoliosis,25639,108,1.34 [0.94-1.90],0.1061392831349553
TNFRSF8,Tumor necrosis factor receptor superfamily member 8,Chapter XIII Diseases of the musculoskeletal system and connective tissue,Seronegative rheumatoid arthritis,24244,48,1.59 [0.96-2.64],0.0712313563879209
TNFRSF8,Tumor necrosis factor receptor superfamily member 8,Chapter XIII Diseases of the musculoskeletal system and connective tissue,"Seropositive rheumatoid arthritis, wide",28594,42,3.05 [2.13-4.37],1.367651531015427e-09
TNFRSF8,Tumor necrosis factor receptor superfamily member 8,Chapter XIII Diseases of the musculoskeletal system and connective tissue,Shoulder lesions,25611,628,1.17 [1.00-1.36],0.047000175828724
TNFRSF8,Tumor necrosis factor receptor superfamily member 8,Chapter XIII Diseases of the musculoskeletal system and connective tissue,Sicca syndrome [Sjgren],28132,91,3.29 [2.60-4.16],2.97196303867452e-23
TNFRSF8,Tumor necrosis factor receptor superfamily member 8,Chapter XIII Diseases of the musculoskeletal system and connective tissue,Soft tissue disorders,27481,2498,1.17 [1.08-1.26],5.5403241393609086e-05
TNFRSF8,Tumor necrosis factor receptor superfamily member 8,Chapter XIII Diseases of the musculoskeletal system and connective tissue,"Soft tissue disorders related to use, overuse and pressure",25096,113,1.43 [1.02-2.00],0.037856124855055
TNFRSF8,Tumor necrosis factor receptor superfamily member 8,Chapter XIII Diseases of the musculoskeletal system and connective tissue,Spinal stenosis,25895,364,1.05 [0.85-1.29],0.6467771043345015
TNFRSF8,Tumor necrosis factor receptor superfamily member 8,Chapter XIII Diseases of the musculoskeletal system and connective tissue,Spondyloarthritis,27174,192,1.13 [0.85-1.49],0.4142265782549144
TNFRSF8,Tumor necrosis factor receptor superfamily member 8,Chapter XIII Diseases of the musculoskeletal system and connective tissue,Spondylolisthesis/Spondylolysis,25687,156,1.16 [0.85-1.58],0.3601385170994849
TNFRSF8,Tumor necrosis factor receptor superfamily member 8,Chapter XIII Diseases of the musculoskeletal system and connective tissue,Spondylopathies,26620,1089,1.04 [0.92-1.17],0.5725763329973506
TNFRSF8,Tumor necrosis factor receptor superfamily member 8,Chapter XIII Diseases of the musculoskeletal system and connective tissue,Spondylosis,26255,724,0.98 [0.85-1.14],0.8148985729327902
TNFRSF8,Tumor necrosis factor receptor superfamily member 8,Chapter XIII Diseases of the musculoskeletal system and connective tissue,Synovial cyst of popliteal space [Baker],25029,46,1.66 [1.00-2.75],0.0492803442245597
TNFRSF8,Tumor necrosis factor receptor superfamily member 8,Chapter XIII Diseases of the musculoskeletal system and connective tissue,Systemic lupus erythematosus,28191,150,3.04 [2.50-3.71],2.702915227138412e-28
TNFRSF8,Tumor necrosis factor receptor superfamily member 8,Chapter XIII Diseases of the musculoskeletal system and connective tissue,Trigger finger,25146,163,1.04 [0.76-1.42],0.7969929711206688
TNFRSF8,Tumor necrosis factor receptor superfamily member 8,Chapter XIII Diseases of the musculoskeletal system and connective tissue,Trochanteric bursitis,25044,61,1.60 [1.04-2.47],0.0323648636722363
TNFRSF8,Tumor necrosis factor receptor superfamily member 8,Chapter XIII Diseases of the musculoskeletal system and connective tissue,Wrist or foot drop (acquired),21934,39,1.31 [0.71-2.41],0.3867685324534753
TNFRSF8,Tumor necrosis factor receptor superfamily member 8,Chapter XIV Diseases of the genitourinary system,Acute renal failure,28030,889,1.93 [1.73-2.15],7.712376444078228e-34
TNFRSF8,Tumor necrosis factor receptor superfamily member 8,Chapter XIV Diseases of the genitourinary system,Adenomyosis (Endometriosis of uterus),11624,76,1.41 [0.95-2.09],0.0876006916906414
TNFRSF8,Tumor necrosis factor receptor superfamily member 8,Chapter XIV Diseases of the genitourinary system,Benign mammary dysplasia,15443,78,1.15 [0.75-1.76],0.5110113431561403
TNFRSF8,Tumor necrosis factor receptor superfamily member 8,Chapter XIV Diseases of the genitourinary system,Calculus of kidney and ureter,28301,336,1.35 [1.11-1.65],0.0031027420588443
TNFRSF8,Tumor necrosis factor receptor superfamily member 8,Chapter XIV Diseases of the genitourinary system,Calculus of lower urinary tract,28027,62,1.03 [0.62-1.72],0.9160642946792956
TNFRSF8,Tumor necrosis factor receptor superfamily member 8,Chapter XIV Diseases of the genitourinary system,Chronic kidney disease,27856,715,2.26 [2.03-2.51],3.608784634539434e-50
TNFRSF8,Tumor necrosis factor receptor superfamily member 8,Chapter XIV Diseases of the genitourinary system,Chronic nephritic syndrome,28414,33,3.95 [2.81-5.54],1.970216218452156e-15
TNFRSF8,Tumor necrosis factor receptor superfamily member 8,Chapter XIV Diseases of the genitourinary system,Cyst of kidney,28426,194,1.25 [0.95-1.64],0.1062348908383826
TNFRSF8,Tumor necrosis factor receptor superfamily member 8,Chapter XIV Diseases of the genitourinary system,Cystitis,26317,167,1.35 [1.02-1.79],0.0331028953574479
TNFRSF8,Tumor necrosis factor receptor superfamily member 8,Chapter XIV Diseases of the genitourinary system,Dialysis,27200,59,4.22 [3.31-5.37],2.7072246158977927e-31
TNFRSF8,Tumor necrosis factor receptor superfamily member 8,Chapter XIV Diseases of the genitourinary system,Diseases of male genital organs,12365,1170,1.07 [0.95-1.20],0.2566304839686177
TNFRSF8,Tumor necrosis factor receptor superfamily member 8,Chapter XIV Diseases of the genitourinary system,Disorders of breast,15574,209,1.09 [0.83-1.42],0.5360286331388449
TNFRSF8,Tumor necrosis factor receptor superfamily member 8,Chapter XIV Diseases of the genitourinary system,Endometriosis,11691,143,1.07 [0.78-1.47],0.678880173243706
TNFRSF8,Tumor necrosis factor receptor superfamily member 8,Chapter XIV Diseases of the genitourinary system,"Excessive, frequent and irregular menstruation",11944,396,0.83 [0.68-1.02],0.0760429889283031
TNFRSF8,Tumor necrosis factor receptor superfamily member 8,Chapter XIV Diseases of the genitourinary system,Female genital prolapse,11985,437,1.20 [1.00-1.43],0.0466620062596093
TNFRSF8,Tumor necrosis factor receptor superfamily member 8,Chapter XIV Diseases of the genitourinary system,Genitourinary diseases,24139,4430,1.20 [1.14-1.27],2.783586990449698e-10
TNFRSF8,Tumor necrosis factor receptor superfamily member 8,Chapter XIV Diseases of the genitourinary system,Glomerular disorders in diseases classified elsewhere,28451,70,2.95 [2.22-3.91],5.832022253226242e-14
TNFRSF8,Tumor necrosis factor receptor superfamily member 8,Chapter XIV Diseases of the genitourinary system,Hydrocele,11285,90,0.87 [0.56-1.35],0.5316974301533475
TNFRSF8,Tumor necrosis factor receptor superfamily member 8,Chapter XIV Diseases of the genitourinary system,Hydronephrosis,27055,236,1.41 [1.11-1.78],0.0045296108972382
TNFRSF8,Tumor necrosis factor receptor superfamily member 8,Chapter XIV Diseases of the genitourinary system,Hyperplasia of prostate,11969,774,1.11 [0.96-1.28],0.168701709346341
TNFRSF8,Tumor necrosis factor receptor superfamily member 8,Chapter XIV Diseases of the genitourinary system,Inflammatory diseases of female pelvic organs,15426,249,1.09 [0.85-1.38],0.4947260193317679
TNFRSF8,Tumor necrosis factor receptor superfamily member 8,Chapter XIV Diseases of the genitourinary system,Inflammatory diseases of prostate (prostatitis),11303,108,1.08 [0.74-1.58],0.6944190580320666
TNFRSF8,Tumor necrosis factor receptor superfamily member 8,Chapter XIV Diseases of the genitourinary system,Irregular menses,15440,130,0.91 [0.65-1.29],0.604729737646508
TNFRSF8,Tumor necrosis factor receptor superfamily member 8,Chapter XIV Diseases of the genitourinary system,Menorrhagia,11851,303,0.88 [0.70-1.10],0.2550450727898846
TNFRSF8,Tumor necrosis factor receptor superfamily member 8,Chapter XIV Diseases of the genitourinary system,Neuromuscular dysfunction of bladder,26220,70,1.31 [0.84-2.02],0.2301305238810709
TNFRSF8,Tumor necrosis factor receptor superfamily member 8,Chapter XIV Diseases of the genitourinary system,Noninflammatory disorders of female genital tract,13008,1460,1.00 [0.91-1.11],0.9511839821690248
TNFRSF8,Tumor necrosis factor receptor superfamily member 8,Chapter XIV Diseases of the genitourinary system,Orchitis and epididymitis,11244,49,1.32 [0.77-2.25],0.3132684241650893
TNFRSF8,Tumor necrosis factor receptor superfamily member 8,Chapter XIV Diseases of the genitourinary system,Other abnormal uterine and vaginal bleeding,11653,105,1.07 [0.74-1.54],0.7087765434128512
TNFRSF8,Tumor necrosis factor receptor superfamily member 8,Chapter XIV Diseases of the genitourinary system,"Other chronic cystitis, drug-induced",28597,41,1.52 [0.88-2.63],0.1319520755515639
TNFRSF8,Tumor necrosis factor receptor superfamily member 8,Chapter XIV Diseases of the genitourinary system,"Other cystitis, drug-induced",28604,48,1.58 [0.97-2.58],0.0687301021975139
TNFRSF8,Tumor necrosis factor receptor superfamily member 8,Chapter XIV Diseases of the genitourinary system,Other diseases of urinary system,27715,1565,1.30 [1.18-1.42],3.1547146763760164e-08
TNFRSF8,Tumor necrosis factor receptor superfamily member 8,Chapter XIV Diseases of the genitourinary system,Other disorders of  bladder,26640,490,1.23 [1.04-1.46],0.0150825096706507
TNFRSF8,Tumor necrosis factor receptor superfamily member 8,Chapter XIV Diseases of the genitourinary system,Other disorders of breast,15434,69,1.00 [0.62-1.60],0.999259728563172
TNFRSF8,Tumor necrosis factor receptor superfamily member 8,Chapter XIV Diseases of the genitourinary system,Other disorders of kidney and ureter,28557,325,1.64 [1.36-1.98],2.731872416803368e-07
TNFRSF8,Tumor necrosis factor receptor superfamily member 8,Chapter XIV Diseases of the genitourinary system,Other disorders of male genital organs,11353,158,0.92 [0.66-1.27],0.5986704874286426
TNFRSF8,Tumor necrosis factor receptor superfamily member 8,Chapter XIV Diseases of the genitourinary system,Other disorders of penis,11317,122,1.21 [0.86-1.72],0.2775444724592408
TNFRSF8,Tumor necrosis factor receptor superfamily member 8,Chapter XIV Diseases of the genitourinary system,Other disorders of prostate,11274,79,0.76 [0.47-1.23],0.2643037269545727
TNFRSF8,Tumor necrosis factor receptor superfamily member 8,Chapter XIV Diseases of the genitourinary system,Other disorders of the genitourinary system,28571,53,1.02 [0.60-1.75],0.940784356219712
TNFRSF8,Tumor necrosis factor receptor superfamily member 8,Chapter XIV Diseases of the genitourinary system,Other disorders of urethra and urinary system,27282,1132,1.40 [1.26-1.56],2.8252319584563857e-10
TNFRSF8,Tumor necrosis factor receptor superfamily member 8,Chapter XIV Diseases of the genitourinary system,Other female pelvic inflammatory diseases,15306,129,0.80 [0.55-1.14],0.2131644810096245
TNFRSF8,Tumor necrosis factor receptor superfamily member 8,Chapter XIV Diseases of the genitourinary system,Other noninflammatory disorders of cervix uteri,11638,90,0.77 [0.50-1.18],0.2291113403007802
TNFRSF8,Tumor necrosis factor receptor superfamily member 8,Chapter XIV Diseases of the genitourinary system,"Other noninflammatory disorders of uterus, except cervix",11784,236,0.69 [0.52-0.90],0.0067035755080624
TNFRSF8,Tumor necrosis factor receptor superfamily member 8,Chapter XIV Diseases of the genitourinary system,Other noninflammatory disorders of vagina,11610,62,0.85 [0.51-1.42],0.5360662601469983
TNFRSF8,Tumor necrosis factor receptor superfamily member 8,Chapter XIV Diseases of the genitourinary system,Other noninflammatory disorders of vulva and perineum,11654,106,1.27 [0.89-1.81],0.1832691904166581
TNFRSF8,Tumor necrosis factor receptor superfamily member 8,Chapter XIV Diseases of the genitourinary system,Other obstructive and reflux uropathy,27089,270,1.43 [1.15-1.78],0.0012757072732842
TNFRSF8,Tumor necrosis factor receptor superfamily member 8,Chapter XIV Diseases of the genitourinary system,Other specified disorders of kidney and ureter,28347,115,1.88 [1.40-2.53],2.841833077290493e-05
TNFRSF8,Tumor necrosis factor receptor superfamily member 8,Chapter XIV Diseases of the genitourinary system,Ovarian cyst,11738,190,0.93 [0.70-1.24],0.642425115776162
TNFRSF8,Tumor necrosis factor receptor superfamily member 8,Chapter XIV Diseases of the genitourinary system,Pain and other conditions associated with female genital organs and menstrual cycle,11632,84,0.56 [0.35-0.90],0.0156104702307329
TNFRSF8,Tumor necrosis factor receptor superfamily member 8,Chapter XIV Diseases of the genitourinary system,Polyp of the female genital tract,11994,446,0.84 [0.69-1.02],0.0715289474126946
TNFRSF8,Tumor necrosis factor receptor superfamily member 8,Chapter XIV Diseases of the genitourinary system,Postmenopausal atrophic vaginitis,11616,68,0.88 [0.54-1.43],0.5981922372908401
TNFRSF8,Tumor necrosis factor receptor superfamily member 8,Chapter XIV Diseases of the genitourinary system,Postmenopausal bleeding,11938,390,0.78 [0.63-0.96],0.0185000874797914
TNFRSF8,Tumor necrosis factor receptor superfamily member 8,Chapter XIV Diseases of the genitourinary system,Recurrent and persistent haematuria,28430,49,2.01 [1.31-3.08],0.0013250847308308
TNFRSF8,Tumor necrosis factor receptor superfamily member 8,Chapter XIV Diseases of the genitourinary system,"Redundant prepuce, phimosis and paraphimosis",11305,110,1.27 [0.88-1.83],0.2065268333496484
TNFRSF8,Tumor necrosis factor receptor superfamily member 8,Chapter XIV Diseases of the genitourinary system,Renal tubulo-interstitial diseases,28399,1580,1.73 [1.59-1.88],6.257016617790668e-38
TNFRSF8,Tumor necrosis factor receptor superfamily member 8,Chapter XIV Diseases of the genitourinary system,"Tubulo-interstitial nephritis, not specified as acute or chronic",26964,145,1.76 [1.34-2.30],3.929779903429729e-05
TNFRSF8,Tumor necrosis factor receptor superfamily member 8,Chapter XIV Diseases of the genitourinary system,Unspecified kidney failure,27221,80,2.58 [1.92-3.45],2.602897409473157e-10
TNFRSF8,Tumor necrosis factor receptor superfamily member 8,Chapter XIV Diseases of the genitourinary system,Unspecified renal colic,28040,75,1.26 [0.81-1.94],0.3058363104856303
TNFRSF8,Tumor necrosis factor receptor superfamily member 8,Chapter XIV Diseases of the genitourinary system,Urethral stricture,26323,173,1.41 [1.08-1.85],0.0130767679979219
TNFRSF8,Tumor necrosis factor receptor superfamily member 8,Chapter XIV Diseases of the genitourinary system,Urolithiasis,28366,401,1.32 [1.10-1.59],0.0028111200279806
TNFRSF8,Tumor necrosis factor receptor superfamily member 8,Chapter XIV Diseases of the genitourinary system,Uterine polyps,11656,108,0.72 [0.48-1.07],0.1016425376399627
