Disease_category,Disease,Protein,Protein_definition,NB_individual,NB_case,HR[95%CI],P_value
Chapter IX Diseases of the circulatory system,Angina pectoris,ACAN,Aggrecan core protein,19815,1555,0.62 [0.52-0.73],7.631803794725632e-09
Chapter IX Diseases of the circulatory system,Angina pectoris,ACE2,Angiotensin-converting enzyme 2,19643,1554,1.33 [1.23-1.43],1.7086944372790217e-13
Chapter IX Diseases of the circulatory system,Angina pectoris,ACVRL1,Serine/threonine-protein kinase receptor R3,19811,1554,1.63 [1.38-1.92],7.820829415102283e-09
Chapter IX Diseases of the circulatory system,Angina pectoris,ADA2,Adenosine deaminase 2,19914,1565,1.31 [1.18-1.44],1.425691124945171e-07
Chapter IX Diseases of the circulatory system,Angina pectoris,ADAMTSL2,ADAMTS-like protein 2,17488,1315,1.50 [1.30-1.74],3.5741504372626315e-08
Chapter IX Diseases of the circulatory system,Angina pectoris,ADGRG2,Adhesion G-protein coupled receptor G2,20018,1581,0.50 [0.42-0.59],2.6323475842602875e-16
Chapter IX Diseases of the circulatory system,Angina pectoris,ADIPOQ,Adiponectin,17512,1319,0.80 [0.74-0.86],1.1492590380323996e-08
Chapter IX Diseases of the circulatory system,Angina pectoris,ADM,Pro-adrenomedullin,20170,1588,2.25 [1.89-2.69],9.419426625168425e-20
Chapter IX Diseases of the circulatory system,Angina pectoris,AGR2,Anterior gradient protein 2 homolog,19379,1522,1.12 [1.07-1.17],8.510597897385411e-07
Chapter IX Diseases of the circulatory system,Angina pectoris,AGRN,Agrin,20104,1577,1.62 [1.45-1.81],2.3040461552820748e-17
Chapter IX Diseases of the circulatory system,Angina pectoris,AMBP,Protein AMBP,20137,1586,2.60 [2.10-3.20],5.005816718557313e-19
Chapter IX Diseases of the circulatory system,Angina pectoris,ANG,Angiogenin,19986,1572,1.34 [1.18-1.53],6.269106975644966e-06
Chapter IX Diseases of the circulatory system,Angina pectoris,ANGPT2,Angiopoietin-2,20170,1588,1.55 [1.38-1.74],1.8274304647593489e-13
Chapter IX Diseases of the circulatory system,Angina pectoris,ANGPTL3,Angiopoietin-related protein 3,20048,1575,0.67 [0.59-0.75],1.8224721139435248e-10
Chapter IX Diseases of the circulatory system,Angina pectoris,ANXA10,Annexin A10,19545,1540,1.15 [1.10-1.21],1.953857097079909e-08
Chapter IX Diseases of the circulatory system,Angina pectoris,APOA1,Apolipoprotein A-I,17512,1319,0.50 [0.40-0.62],5.28102149522591e-10
Chapter IX Diseases of the circulatory system,Angina pectoris,APOC1,Apolipoprotein C-I,17481,1316,0.50 [0.43-0.58],2.322067738758355e-19
Chapter IX Diseases of the circulatory system,Angina pectoris,APOD,Apolipoprotein D,16761,1271,0.70 [0.59-0.81],5.537325904979402e-06
Chapter IX Diseases of the circulatory system,Angina pectoris,APOM,Apolipoprotein M,20085,1578,0.49 [0.42-0.57],2.5438081749386816e-20
Chapter IX Diseases of the circulatory system,Angina pectoris,AREG,Amphiregulin,19916,1564,1.42 [1.28-1.56],7.051895676341108e-12
Chapter IX Diseases of the circulatory system,Angina pectoris,ASGR1,Asialoglycoprotein receptor 1,19844,1557,1.84 [1.61-2.12],2.5193408702231175e-18
Chapter IX Diseases of the circulatory system,Angina pectoris,BAIAP2,Brain-specific angiogenesis inhibitor 1-associated protein 2,19556,1541,1.19 [1.12-1.27],1.903777714332349e-07
Chapter IX Diseases of the circulatory system,Angina pectoris,BST2,Bone marrow stromal antigen 2,20175,1591,1.29 [1.19-1.39],1.4381739080316426e-10
Chapter IX Diseases of the circulatory system,Angina pectoris,BTN3A2,Butyrophilin subfamily 3 member A2,19963,1569,1.29 [1.16-1.44],3.5981578860829936e-06
Chapter IX Diseases of the circulatory system,Angina pectoris,CA14,Carbonic anhydrase 14,20170,1588,0.73 [0.65-0.83],1.3374877157391886e-06
Chapter IX Diseases of the circulatory system,Angina pectoris,CA6,Carbonic anhydrase 6,19969,1569,0.84 [0.78-0.90],1.7169756647884664e-06
Chapter IX Diseases of the circulatory system,Angina pectoris,CALB2,Calretinin,19545,1540,1.29 [1.17-1.43],8.251770641226295e-07
Chapter IX Diseases of the circulatory system,Angina pectoris,CCL15,C-C motif chemokine 15,20265,1598,1.40 [1.28-1.54],1.8450997366214148e-12
Chapter IX Diseases of the circulatory system,Angina pectoris,CCL21,C-C motif chemokine 21,20104,1577,1.27 [1.16-1.39],3.213672277937082e-07
Chapter IX Diseases of the circulatory system,Angina pectoris,CCL25,C-C motif chemokine 25,20217,1587,1.26 [1.15-1.38],7.519495055717412e-07
Chapter IX Diseases of the circulatory system,Angina pectoris,CCL7,C-C motif chemokine 7,19963,1569,1.26 [1.18-1.35],6.11141632803433e-12
Chapter IX Diseases of the circulatory system,Angina pectoris,CD1C,T-cell surface glycoprotein CD1c,20089,1579,0.67 [0.56-0.79],5.973154092656579e-06
Chapter IX Diseases of the circulatory system,Angina pectoris,CD27,CD27 antigen,20089,1579,1.37 [1.24-1.51],3.9208891069667115e-10
Chapter IX Diseases of the circulatory system,Angina pectoris,CD300E,CMRF35-like molecule 2,20099,1579,1.40 [1.26-1.55],1.2413516692222282e-10
Chapter IX Diseases of the circulatory system,Angina pectoris,CD300LG,CMRF35-like molecule 9,20031,1576,0.74 [0.65-0.83],7.322815586351178e-07
Chapter IX Diseases of the circulatory system,Angina pectoris,CD302,CD302 antigen,19916,1564,1.70 [1.49-1.94],4.778701089242358e-15
Chapter IX Diseases of the circulatory system,Angina pectoris,CD34,Hematopoietic progenitor cell antigen CD34,20117,1586,0.60 [0.50-0.72],7.364815265956851e-08
Chapter IX Diseases of the circulatory system,Angina pectoris,CD38,ADP-ribosyl cyclase/cyclic ADP-ribose hydrolase 1,19916,1564,1.61 [1.41-1.84],2.5573825892628205e-12
Chapter IX Diseases of the circulatory system,Angina pectoris,CD4,T-cell surface glycoprotein CD4,19929,1566,1.48 [1.31-1.66],8.941696838086276e-11
Chapter IX Diseases of the circulatory system,Angina pectoris,CD58,Lymphocyte function-associated antigen 3,19985,1573,0.52 [0.41-0.67],2.801272378602358e-07
Chapter IX Diseases of the circulatory system,Angina pectoris,CD59,CD59 glycoprotein,19313,1517,1.78 [1.50-2.12],3.4999200620294604e-11
Chapter IX Diseases of the circulatory system,Angina pectoris,CD74,HLA class II histocompatibility antigen gamma chain,20175,1591,1.53 [1.35-1.73],7.497189304595101e-12
Chapter IX Diseases of the circulatory system,Angina pectoris,CD79B,B-cell antigen receptor complex-associated protein beta chain,20217,1587,1.23 [1.12-1.35],6.495403906587086e-06
Chapter IX Diseases of the circulatory system,Angina pectoris,CD83,CD83 antigen,19963,1569,1.40 [1.23-1.58],1.9462629202779733e-07
Chapter IX Diseases of the circulatory system,Angina pectoris,CDCP1,CUB domain-containing protein 1,19844,1557,1.27 [1.18-1.37],1.5638341495090543e-09
Chapter IX Diseases of the circulatory system,Angina pectoris,CFC1,Cryptic protein,19556,1541,1.26 [1.15-1.37],7.65891801787164e-07
Chapter IX Diseases of the circulatory system,Angina pectoris,CGA,Glycoprotein hormones alpha chain,20031,1576,1.18 [1.10-1.26],4.392792149628145e-06
Chapter IX Diseases of the circulatory system,Angina pectoris,CHCHD10,"Coiled-coil-helix-coiled-coil-helix domain-containing protein 10, mitochondrial",17452,1317,1.46 [1.29-1.64],1.408192092435746e-09
Chapter IX Diseases of the circulatory system,Angina pectoris,CHGA,Chromogranin-A,17488,1315,1.25 [1.20-1.32],5.435138834993889e-20
Chapter IX Diseases of the circulatory system,Angina pectoris,CHGB,Secretogranin-1,20113,1587,1.30 [1.17-1.44],6.774433309030953e-07
Chapter IX Diseases of the circulatory system,Angina pectoris,CHI3L1,Chitinase-3-like protein 1,19628,1548,1.17 [1.11-1.23],4.944803921987753e-09
Chapter IX Diseases of the circulatory system,Angina pectoris,CLEC4D,C-type lectin domain family 4 member D,19963,1569,1.20 [1.12-1.29],3.538691976383316e-07
Chapter IX Diseases of the circulatory system,Angina pectoris,CLEC7A,C-type lectin domain family 7 member A,20217,1587,1.21 [1.11-1.32],8.444336369963829e-06
Chapter IX Diseases of the circulatory system,Angina pectoris,CLMP,CXADR-like membrane protein,20170,1588,1.64 [1.34-2.00],1.318022779107689e-06
Chapter IX Diseases of the circulatory system,Angina pectoris,CNTN5,Contactin-5,20047,1584,0.71 [0.63-0.80],3.018987855447545e-08
Chapter IX Diseases of the circulatory system,Angina pectoris,COL18A1,Collagen alpha-1(XVIII) chain,20116,1592,2.29 [1.91-2.76],8.178717213241983e-19
Chapter IX Diseases of the circulatory system,Angina pectoris,COL6A3,Collagen alpha-3(VI) chain,20265,1598,1.57 [1.40-1.76],1.3272845066483672e-14
Chapter IX Diseases of the circulatory system,Angina pectoris,COLEC12,Collectin-12,20009,1575,1.84 [1.57-2.15],3.322927958914483e-14
Chapter IX Diseases of the circulatory system,Angina pectoris,CPM,Carboxypeptidase M,20070,1580,1.50 [1.33-1.70],1.6652491720362188e-10
Chapter IX Diseases of the circulatory system,Angina pectoris,CRHBP,Corticotropin-releasing factor-binding protein,20009,1575,1.48 [1.26-1.74],2.178388059068638e-06
Chapter IX Diseases of the circulatory system,Angina pectoris,CSF1,Macrophage colony-stimulating factor 1,20104,1577,1.49 [1.27-1.75],1.1497174068875222e-06
Chapter IX Diseases of the circulatory system,Angina pectoris,CST3,Cystatin-C,20098,1578,1.75 [1.51-2.02],2.1818577898275395e-14
Chapter IX Diseases of the circulatory system,Angina pectoris,CSTB,Cystatin-B,19731,1557,1.26 [1.14-1.40],9.289609421092446e-06
Chapter IX Diseases of the circulatory system,Angina pectoris,CTSB,Cathepsin B,20065,1583,0.78 [0.71-0.85],1.3250056961663608e-08
Chapter IX Diseases of the circulatory system,Angina pectoris,CTSL,Cathepsin L1,20018,1581,1.67 [1.40-1.99],1.4936788196006754e-08
Chapter IX Diseases of the circulatory system,Angina pectoris,CXADR,Coxsackievirus and adenovirus receptor,19963,1569,1.24 [1.14-1.35],7.267227784861948e-07
Chapter IX Diseases of the circulatory system,Angina pectoris,CXCL10,C-X-C motif chemokine 10,20104,1577,1.16 [1.08-1.23],7.065160181553099e-06
Chapter IX Diseases of the circulatory system,Angina pectoris,CXCL16,C-X-C motif chemokine 16,20237,1598,1.56 [1.30-1.87],2.4262536344322487e-06
Chapter IX Diseases of the circulatory system,Angina pectoris,CXCL17,C-X-C motif chemokine 17,20217,1587,1.35 [1.22-1.50],5.096390759056811e-09
Chapter IX Diseases of the circulatory system,Angina pectoris,CXCL9,C-X-C motif chemokine 9,20104,1577,1.20 [1.13-1.28],7.879601313766738e-09
Chapter IX Diseases of the circulatory system,Angina pectoris,DCBLD2,"Discoidin, CUB and LCCL domain-containing protein 2",20089,1579,1.70 [1.50-1.92],8.715006842174113e-17
Chapter IX Diseases of the circulatory system,Angina pectoris,EDA2R,Tumor necrosis factor receptor superfamily member 27,20170,1588,1.58 [1.42-1.76],1.0400163172904583e-16
Chapter IX Diseases of the circulatory system,Angina pectoris,EFNA1,Ephrin-A1,20003,1573,1.63 [1.41-1.88],2.2650024609800564e-11
Chapter IX Diseases of the circulatory system,Angina pectoris,EFNA4,Ephrin-A4,19811,1554,1.63 [1.44-1.85],1.4039682031421952e-14
Chapter IX Diseases of the circulatory system,Angina pectoris,EGFR,Epidermal growth factor receptor,20265,1598,0.37 [0.28-0.48],7.117057177198176e-14
Chapter IX Diseases of the circulatory system,Angina pectoris,ENPP6,Glycerophosphocholine cholinephosphodiesterase ENPP6,17046,1284,0.71 [0.62-0.83],7.94223640895036e-06
Chapter IX Diseases of the circulatory system,Angina pectoris,EPHA2,Ephrin type-A receptor 2,19286,1508,1.49 [1.31-1.70],3.129005515973459e-09
Chapter IX Diseases of the circulatory system,Angina pectoris,FABP1,"Fatty acid-binding protein, liver",20009,1575,1.25 [1.20-1.31],6.784626338480163e-23
Chapter IX Diseases of the circulatory system,Angina pectoris,FABP2,"Fatty acid-binding protein, intestinal",20018,1581,1.14 [1.08-1.20],1.5277770060238072e-06
Chapter IX Diseases of the circulatory system,Angina pectoris,FABP3,"Fatty acid-binding protein, heart",17475,1311,1.29 [1.17-1.42],2.489393487512626e-07
Chapter IX Diseases of the circulatory system,Angina pectoris,FABP4,"Fatty acid-binding protein, adipocyte",20265,1598,1.40 [1.28-1.52],4.69650159870928e-15
Chapter IX Diseases of the circulatory system,Angina pectoris,FAM20A,Pseudokinase FAM20A,17475,1311,1.75 [1.49-2.06],9.383835521163663e-12
Chapter IX Diseases of the circulatory system,Angina pectoris,FAM3C,Protein FAM3C,19981,1578,1.49 [1.29-1.72],6.320017035856594e-08
Chapter IX Diseases of the circulatory system,Angina pectoris,FGF23,Fibroblast growth factor 23,20143,1587,1.24 [1.15-1.33],8.550886489777421e-09
Chapter IX Diseases of the circulatory system,Angina pectoris,FGFBP1,Fibroblast growth factor-binding protein 1,20089,1579,0.64 [0.56-0.73],5.714943206670629e-11
Chapter IX Diseases of the circulatory system,Angina pectoris,FGFR2,Fibroblast growth factor receptor 2,20089,1579,1.64 [1.36-1.99],4.144004529654917e-07
Chapter IX Diseases of the circulatory system,Angina pectoris,FGL1,Fibrinogen-like protein 1,17491,1317,1.25 [1.15-1.35],8.119880938138756e-08
Chapter IX Diseases of the circulatory system,Angina pectoris,FSTL3,Follistatin-related protein 3,19973,1573,1.54 [1.36-1.76],4.225082770797636e-11
Chapter IX Diseases of the circulatory system,Angina pectoris,GALNT2,Polypeptide N-acetylgalactosaminyltransferase 2,20170,1588,0.63 [0.54-0.75],6.665194864987756e-08
Chapter IX Diseases of the circulatory system,Angina pectoris,GAST,Gastrin,17452,1317,1.17 [1.13-1.21],7.101330982267672e-21
Chapter IX Diseases of the circulatory system,Angina pectoris,GCG,Pro-glucagon,19556,1541,1.09 [1.05-1.13],3.546013640283213e-06
Chapter IX Diseases of the circulatory system,Angina pectoris,GDF15,Growth/differentiation factor 15,20265,1598,1.73 [1.60-1.88],4.980579905286072e-40
Chapter IX Diseases of the circulatory system,Angina pectoris,GFRA1,GDNF family receptor alpha-1,20135,1586,1.67 [1.44-1.94],1.2806026259211563e-11
Chapter IX Diseases of the circulatory system,Angina pectoris,GFRAL,GDNF family receptor alpha-like,16909,1276,0.78 [0.71-0.86],1.777331398500203e-07
Chapter IX Diseases of the circulatory system,Angina pectoris,GPR37,Prosaposin receptor GPR37,19643,1554,1.32 [1.23-1.41],7.250429591421541e-16
Chapter IX Diseases of the circulatory system,Angina pectoris,GSN,Gelsolin,17430,1313,0.61 [0.49-0.76],7.123588474581779e-06
Chapter IX Diseases of the circulatory system,Angina pectoris,GUCA2A,Guanylin,19924,1567,1.45 [1.28-1.64],2.6863306100586043e-09
Chapter IX Diseases of the circulatory system,Angina pectoris,HAVCR1,Hepatitis A virus cellular receptor 1,20137,1586,1.29 [1.21-1.37],3.660782764121612e-14
Chapter IX Diseases of the circulatory system,Angina pectoris,HAVCR2,Hepatitis A virus cellular receptor 2,20031,1576,1.44 [1.28-1.63],2.173051654479032e-09
Chapter IX Diseases of the circulatory system,Angina pectoris,HEPACAM2,HEPACAM family member 2,17452,1317,0.75 [0.66-0.85],7.139802926279724e-06
Chapter IX Diseases of the circulatory system,Angina pectoris,HGF,Hepatocyte growth factor,20217,1587,1.46 [1.29-1.65],1.6185796956993452e-09
Chapter IX Diseases of the circulatory system,Angina pectoris,HLA-E,"HLA class I histocompatibility antigen, alpha chain E",19963,1569,1.55 [1.35-1.79],9.014798911519111e-10
Chapter IX Diseases of the circulatory system,Angina pectoris,HSD11B1,Corticosteroid 11-beta-dehydrogenase isozyme 1,19963,1569,0.71 [0.64-0.80],3.364344203378104e-09
Chapter IX Diseases of the circulatory system,Angina pectoris,HSPB6,Heat shock protein beta-6,20170,1588,1.29 [1.15-1.44],6.096091510470533e-06
Chapter IX Diseases of the circulatory system,Angina pectoris,HSPG2,Basement membrane-specific heparan sulfate proteoglycan core protein,19884,1564,1.49 [1.27-1.75],7.574918423949721e-07
Chapter IX Diseases of the circulatory system,Angina pectoris,HYAL1,Hyaluronidase-1,19944,1562,1.64 [1.36-1.98],2.940970813024243e-07
Chapter IX Diseases of the circulatory system,Angina pectoris,IFI30,Gamma-interferon-inducible lysosomal thiol reductase,16959,1281,1.44 [1.27-1.64],3.265492030076903e-08
Chapter IX Diseases of the circulatory system,Angina pectoris,IGDCC4,Immunoglobulin superfamily DCC subclass member 4,17488,1315,0.64 [0.53-0.77],3.600474177433718e-06
Chapter IX Diseases of the circulatory system,Angina pectoris,IGFBP3,Insulin-like growth factor-binding protein 3,20126,1581,0.71 [0.63-0.81],2.600401554241175e-07
Chapter IX Diseases of the circulatory system,Angina pectoris,IGFBP4,Insulin-like growth factor-binding protein 4,19763,1557,1.46 [1.34-1.60],7.170301541787976e-17
Chapter IX Diseases of the circulatory system,Angina pectoris,IGFBP6,Insulin-like growth factor-binding protein 6,19937,1570,1.40 [1.22-1.60],9.84219131846627e-07
Chapter IX Diseases of the circulatory system,Angina pectoris,IGFBP7,Insulin-like growth factor-binding protein 7,20265,1598,1.36 [1.20-1.55],2.6621608136571525e-06
Chapter IX Diseases of the circulatory system,Angina pectoris,IGSF8,Immunoglobulin superfamily member 8,20018,1581,1.44 [1.26-1.66],2.1163586110024294e-07
Chapter IX Diseases of the circulatory system,Angina pectoris,IL18R1,Interleukin-18 receptor 1,20217,1587,1.48 [1.30-1.69],3.2246640815299383e-09
Chapter IX Diseases of the circulatory system,Angina pectoris,IL1RN,Interleukin-1 receptor antagonist protein,19981,1566,1.30 [1.21-1.40],1.891040172971546e-12
Chapter IX Diseases of the circulatory system,Angina pectoris,IL2RA,Interleukin-2 receptor subunit alpha,19858,1572,1.26 [1.14-1.40],7.256973983933785e-06
Chapter IX Diseases of the circulatory system,Angina pectoris,IL6,Interleukin-6,19916,1564,1.17 [1.12-1.23],3.1208410434099576e-10
Chapter IX Diseases of the circulatory system,Angina pectoris,IL7R,Interleukin-7 receptor subunit alpha,20031,1576,0.80 [0.74-0.87],2.6529395781814814e-07
Chapter IX Diseases of the circulatory system,Angina pectoris,INHBC,Inhibin beta C chain,20031,1576,1.30 [1.16-1.45],9.473497668674063e-06
Chapter IX Diseases of the circulatory system,Angina pectoris,ITGA11,Integrin alpha-11,19963,1569,0.61 [0.54-0.70],2.8209581806651025e-13
Chapter IX Diseases of the circulatory system,Angina pectoris,ITGAV,Integrin alpha-V,20170,1588,0.34 [0.26-0.45],3.3766476384329883e-15
Chapter IX Diseases of the circulatory system,Angina pectoris,ITGB1,Integrin beta-1,20026,1576,0.55 [0.44-0.69],1.0602637032871488e-07
Chapter IX Diseases of the circulatory system,Angina pectoris,ITIH4,Inter-alpha-trypsin inhibitor heavy chain H4,17512,1319,1.58 [1.30-1.93],5.888761667141643e-06
Chapter IX Diseases of the circulatory system,Angina pectoris,KIT,Mast/stem cell growth factor receptor Kit,20085,1578,0.57 [0.49-0.66],2.071356437703927e-13
Chapter IX Diseases of the circulatory system,Angina pectoris,KLK4,Kallikrein-4,20170,1588,1.28 [1.20-1.36],9.13980533147246e-14
Chapter IX Diseases of the circulatory system,Angina pectoris,KRT19,"Keratin, type I cytoskeletal 19",19924,1567,1.22 [1.14-1.30],5.714022014768222e-10
Chapter IX Diseases of the circulatory system,Angina pectoris,LAIR1,Leukocyte-associated immunoglobulin-like receptor 1,20009,1575,1.48 [1.34-1.63],1.5610624047183602e-15
Chapter IX Diseases of the circulatory system,Angina pectoris,LAMP3,Lysosome-associated membrane glycoprotein 3,20185,1586,1.21 [1.11-1.32],7.151448807479614e-06
Chapter IX Diseases of the circulatory system,Angina pectoris,LAYN,Layilin,19814,1556,1.45 [1.28-1.63],1.068613829556041e-09
Chapter IX Diseases of the circulatory system,Angina pectoris,LEP,Leptin,20018,1581,1.26 [1.18-1.35],5.420305498763816e-11
Chapter IX Diseases of the circulatory system,Angina pectoris,LGALS3,Galectin-3,20064,1587,1.48 [1.28-1.72],1.4994516296262117e-07
Chapter IX Diseases of the circulatory system,Angina pectoris,LGALS4,Galectin-4,20009,1575,1.69 [1.57-1.81],1.113610865800199e-46
Chapter IX Diseases of the circulatory system,Angina pectoris,LGALS9,Galectin-9,20004,1574,1.78 [1.56-2.04],4.324842379543461e-17
Chapter IX Diseases of the circulatory system,Angina pectoris,LILRB4,Leukocyte immunoglobulin-like receptor subfamily B member 4,19626,1546,1.34 [1.22-1.48],3.836306224771494e-09
Chapter IX Diseases of the circulatory system,Angina pectoris,LMNB2,Lamin-B2,17452,1317,1.57 [1.31-1.88],7.017202306062139e-07
Chapter IX Diseases of the circulatory system,Angina pectoris,LPA,Apolipoprotein(a),17108,1295,1.10 [1.07-1.13],7.217252385045751e-10
Chapter IX Diseases of the circulatory system,Angina pectoris,LRRN1,Leucine-rich repeat neuronal protein 1,19626,1546,0.66 [0.59-0.74],2.0034850304358965e-12
Chapter IX Diseases of the circulatory system,Angina pectoris,LY6D,Lymphocyte antigen 6D,19924,1558,1.35 [1.21-1.50],3.174195742785094e-08
Chapter IX Diseases of the circulatory system,Angina pectoris,MCAM,Cell surface glycoprotein MUC18,20126,1581,0.66 [0.57-0.75],2.235053735076854e-09
Chapter IX Diseases of the circulatory system,Angina pectoris,MET,Hepatocyte growth factor receptor,20064,1589,0.59 [0.47-0.73],2.963677637744665e-06
Chapter IX Diseases of the circulatory system,Angina pectoris,MFGE8,Lactadherin,20031,1576,1.25 [1.13-1.38],7.68538121166377e-06
Chapter IX Diseases of the circulatory system,Angina pectoris,MMP12,Macrophage metalloelastase,20003,1580,1.67 [1.55-1.80],4.159511564251464e-41
Chapter IX Diseases of the circulatory system,Angina pectoris,MMP7,Matrilysin,19609,1553,1.39 [1.27-1.53],6.658254211651359e-12
Chapter IX Diseases of the circulatory system,Angina pectoris,MOG,Myelin-oligodendrocyte glycoprotein,20170,1588,1.36 [1.20-1.55],3.325834390649656e-06
Chapter IX Diseases of the circulatory system,Angina pectoris,MSR1,Macrophage scavenger receptor types I and II,20175,1591,1.31 [1.19-1.44],6.558607838538345e-08
Chapter IX Diseases of the circulatory system,Angina pectoris,MUC13,Mucin-13,19545,1540,1.28 [1.17-1.39],1.7748975353280112e-08
Chapter IX Diseases of the circulatory system,Angina pectoris,MVK,Mevalonate kinase,19626,1546,1.15 [1.09-1.21],5.570473123506248e-07
Chapter IX Diseases of the circulatory system,Angina pectoris,MXRA8,Matrix remodeling-associated protein 8,17119,1284,0.58 [0.48-0.69],1.1958213659748463e-09
Chapter IX Diseases of the circulatory system,Angina pectoris,MZB1,Marginal zone B- and B1-cell-specific protein,20078,1575,1.24 [1.14-1.35],2.499340304617849e-07
Chapter IX Diseases of the circulatory system,Angina pectoris,NBL1,Neuroblastoma suppressor of tumorigenicity 1,20089,1579,1.60 [1.36-1.87],1.1807343541896865e-08
Chapter IX Diseases of the circulatory system,Angina pectoris,NCS1,Neuronal calcium sensor 1,20170,1588,1.44 [1.23-1.68],3.830967445896056e-06
Chapter IX Diseases of the circulatory system,Angina pectoris,NECTIN2,Nectin-2,19981,1578,1.53 [1.33-1.76],2.8719311684543862e-09
Chapter IX Diseases of the circulatory system,Angina pectoris,NECTIN4,Nectin-4,20089,1579,1.38 [1.22-1.57],5.263347863445808e-07
Chapter IX Diseases of the circulatory system,Angina pectoris,NFASC,Neurofascin,20217,1587,1.43 [1.23-1.67],2.574990397801209e-06
Chapter IX Diseases of the circulatory system,Angina pectoris,NOS3,"Nitric oxide synthase, endothelial",19545,1540,1.18 [1.10-1.27],5.797752327645359e-06
Chapter IX Diseases of the circulatory system,Angina pectoris,NPC2,NPC intracellular cholesterol transporter 2,17196,1285,1.69 [1.49-1.93],9.223961117611516e-16
Chapter IX Diseases of the circulatory system,Angina pectoris,NPDC1,Neural proliferation differentiation and control protein 1,20018,1581,1.52 [1.35-1.72],2.0454187538406446e-11
Chapter IX Diseases of the circulatory system,Angina pectoris,NPL,N-acetylneuraminate lyase,17475,1311,1.29 [1.15-1.44],9.2429038811317e-06
Chapter IX Diseases of the circulatory system,Angina pectoris,NPPB,Natriuretic peptides B,19643,1554,1.19 [1.15-1.23],6.5423813060674136e-24
Chapter IX Diseases of the circulatory system,Angina pectoris,NTRK3,NT-3 growth factor receptor,20175,1591,0.43 [0.35-0.53],7.575993402157291e-16
Chapter IX Diseases of the circulatory system,Angina pectoris,NTproBNP,N-terminal prohormone of brain natriuretic peptide,20018,1581,1.28 [1.24-1.33],3.7360507328946936e-39
Chapter IX Diseases of the circulatory system,Angina pectoris,OCLN,Occludin,17442,1308,1.49 [1.33-1.67],2.561677267883345e-12
Chapter IX Diseases of the circulatory system,Angina pectoris,OGN,Mimecan,20031,1576,1.35 [1.22-1.49],5.1399010965355765e-09
Chapter IX Diseases of the circulatory system,Angina pectoris,PAG1,Phosphoprotein associated with glycosphingolipid-enriched microdomains 1,19643,1554,1.24 [1.15-1.33],4.5183906459253865e-08
Chapter IX Diseases of the circulatory system,Angina pectoris,PALM2,Paralemmin-2,17452,1317,1.38 [1.20-1.58],3.950075735949183e-06
Chapter IX Diseases of the circulatory system,Angina pectoris,PCSK9,Proprotein convertase subtilisin/kexin type 9,20265,1598,1.79 [1.61-2.00],4.45980624184901e-26
Chapter IX Diseases of the circulatory system,Angina pectoris,PDZK1,Na(+)/H(+) exchange regulatory cofactor NHE-RF3,16968,1276,1.30 [1.16-1.45],6.0188595211360565e-06
Chapter IX Diseases of the circulatory system,Angina pectoris,PENK,Proenkephalin-A,17119,1284,1.59 [1.36-1.86],5.963486120651198e-09
Chapter IX Diseases of the circulatory system,Angina pectoris,PGA4,Pepsin A-4,17491,1317,1.18 [1.10-1.26],3.2837219999080103e-06
Chapter IX Diseases of the circulatory system,Angina pectoris,PGF,Placenta growth factor,20217,1587,1.77 [1.52-2.07],1.9274578266802574e-13
Chapter IX Diseases of the circulatory system,Angina pectoris,PHOSPHO1,Phosphoethanolamine/phosphocholine phosphatase,19844,1557,1.42 [1.22-1.65],5.311576704706143e-06
Chapter IX Diseases of the circulatory system,Angina pectoris,PIGR,Polymeric immunoglobulin receptor,19762,1551,1.55 [1.37-1.74],1.6097008241944745e-12
Chapter IX Diseases of the circulatory system,Angina pectoris,PIK3IP1,Phosphoinositide-3-kinase-interacting protein 1,20031,1576,1.69 [1.47-1.95],4.0366701366409533e-13
Chapter IX Diseases of the circulatory system,Angina pectoris,PLA2G7,Platelet-activating factor acetylhydrolase,20031,1576,0.62 [0.55-0.71],7.855316388999728e-13
Chapter IX Diseases of the circulatory system,Angina pectoris,PLAUR,Urokinase plasminogen activator surface receptor,19877,1568,1.81 [1.55-2.12],5.709694474119871e-14
Chapter IX Diseases of the circulatory system,Angina pectoris,PLTP,Phospholipid transfer protein,20211,1597,0.66 [0.59-0.74],6.961038772395327e-12
Chapter IX Diseases of the circulatory system,Angina pectoris,POF1B,Protein POF1B,16968,1276,1.39 [1.24-1.54],2.347129737709208e-09
Chapter IX Diseases of the circulatory system,Angina pectoris,PON3,Serum paraoxonase/lactonase 3,20104,1577,0.68 [0.62-0.75],2.5360399144842204e-14
Chapter IX Diseases of the circulatory system,Angina pectoris,PRAP1,Proline-rich acidic protein 1,17488,1315,1.59 [1.39-1.82],2.8726184086565212e-11
Chapter IX Diseases of the circulatory system,Angina pectoris,PRSS8,Prostasin,19940,1564,1.71 [1.54-1.90],8.401294521117744e-25
Chapter IX Diseases of the circulatory system,Angina pectoris,PSAP,Prosaposin,17320,1305,1.49 [1.27-1.74],1.0603501444569646e-06
Chapter IX Diseases of the circulatory system,Angina pectoris,PTGDS,Prostaglandin-H2 D-isomerase,19876,1563,1.62 [1.43-1.84],1.1526294737327526e-13
Chapter IX Diseases of the circulatory system,Angina pectoris,PTN,Pleiotrophin,19643,1554,1.34 [1.22-1.46],2.5089379774656606e-10
Chapter IX Diseases of the circulatory system,Angina pectoris,PTPRN2,Receptor-type tyrosine-protein phosphatase N2,19785,1552,1.59 [1.39-1.81],3.59751962606756e-12
Chapter IX Diseases of the circulatory system,Angina pectoris,PYY,Peptide YY,16885,1261,1.13 [1.07-1.18],5.804349338719715e-06
Chapter IX Diseases of the circulatory system,Angina pectoris,RAB6A,Ras-related protein Rab-6A,19963,1569,0.68 [0.61-0.75],1.8420053597248187e-14
Chapter IX Diseases of the circulatory system,Angina pectoris,RARRES2,Retinoic acid receptor responder protein 2,20151,1581,1.30 [1.19-1.41],2.953014359048716e-09
Chapter IX Diseases of the circulatory system,Angina pectoris,RBFOX3,RNA binding protein fox-1 homolog 3,17442,1308,1.37 [1.21-1.55],6.35796271010008e-07
Chapter IX Diseases of the circulatory system,Angina pectoris,RBP2,Retinol-binding protein 2,19916,1564,1.15 [1.09-1.22],1.599545625142458e-06
Chapter IX Diseases of the circulatory system,Angina pectoris,RBP5,Retinol-binding protein 5,19916,1564,1.25 [1.16-1.35],1.691764229906136e-08
Chapter IX Diseases of the circulatory system,Angina pectoris,REG1A,Lithostathine-1-alpha,19898,1566,1.21 [1.12-1.32],5.771999119583526e-06
Chapter IX Diseases of the circulatory system,Angina pectoris,REG3A,Regenerating islet-derived protein 3-alpha,20265,1598,1.21 [1.14-1.29],5.5117691339902295e-09
Chapter IX Diseases of the circulatory system,Angina pectoris,REG4,Regenerating islet-derived protein 4,20040,1575,1.24 [1.14-1.35],3.455116352947967e-07
Chapter IX Diseases of the circulatory system,Angina pectoris,RELT,Tumor necrosis factor receptor superfamily member 19L,20031,1576,1.66 [1.44-1.90],1.2229200150435677e-12
Chapter IX Diseases of the circulatory system,Angina pectoris,REN,Renin,20018,1581,1.29 [1.23-1.36],4.585111249398514e-26
Chapter IX Diseases of the circulatory system,Angina pectoris,RNASE1,Ribonuclease pancreatic,17491,1317,1.74 [1.46-2.07],4.128763469218353e-10
Chapter IX Diseases of the circulatory system,Angina pectoris,RNASE4,Ribonuclease 4,16902,1268,1.53 [1.28-1.82],1.885028686576585e-06
Chapter IX Diseases of the circulatory system,Angina pectoris,RNASE6,Ribonuclease K6,17365,1306,1.60 [1.40-1.83],9.174254062985943e-12
Chapter IX Diseases of the circulatory system,Angina pectoris,RSPO3,R-spondin-3,20170,1588,1.62 [1.40-1.88],1.2496780156878355e-10
Chapter IX Diseases of the circulatory system,Angina pectoris,RTBDN,Retbindin,19916,1564,1.38 [1.21-1.58],1.4378652852070932e-06
Chapter IX Diseases of the circulatory system,Angina pectoris,RTN4R,Reticulon-4 receptor,20170,1588,1.61 [1.43-1.82],1.6457170277281814e-14
Chapter IX Diseases of the circulatory system,Angina pectoris,SCARB2,Lysosome membrane protein 2,19469,1530,1.68 [1.48-1.90],2.1316626991206728e-16
Chapter IX Diseases of the circulatory system,Angina pectoris,SCG2,Secretogranin-2,20064,1581,1.55 [1.36-1.77],4.215394247408487e-11
Chapter IX Diseases of the circulatory system,Angina pectoris,SCG3,Secretogranin-3,20040,1575,1.36 [1.19-1.55],5.145052101918165e-06
Chapter IX Diseases of the circulatory system,Angina pectoris,SFRP1,Secreted frizzled-related protein 1,19782,1550,1.30 [1.18-1.43],1.388187250939488e-07
Chapter IX Diseases of the circulatory system,Angina pectoris,SHISA5,Protein shisa-5,17488,1315,1.62 [1.39-1.89],1.1824852221055367e-09
Chapter IX Diseases of the circulatory system,Angina pectoris,SIT1,Signaling threshold-regulating transmembrane adapter 1,19626,1546,1.29 [1.19-1.40],3.3202683833141967e-10
Chapter IX Diseases of the circulatory system,Angina pectoris,SMOC1,SPARC-related modular calcium-binding protein 1,20170,1588,1.51 [1.33-1.71],2.1219971752923896e-10
Chapter IX Diseases of the circulatory system,Angina pectoris,SMOC2,SPARC-related modular calcium-binding protein 2,20104,1577,1.38 [1.23-1.55],1.7536387572071266e-08
Chapter IX Diseases of the circulatory system,Angina pectoris,SNCG,Gamma-synuclein,19844,1557,1.19 [1.12-1.28],2.917739090561713e-07
Chapter IX Diseases of the circulatory system,Angina pectoris,SORCS2,VPS10 domain-containing receptor SorCS2,19556,1541,1.69 [1.50-1.91],3.6979653558530674e-18
Chapter IX Diseases of the circulatory system,Angina pectoris,SPINK1,Serine protease inhibitor Kazal-type 1,20031,1576,1.47 [1.34-1.61],7.874060150483161e-16
Chapter IX Diseases of the circulatory system,Angina pectoris,SPON2,Spondin-2,19919,1574,1.53 [1.36-1.74],1.423646235889481e-11
Chapter IX Diseases of the circulatory system,Angina pectoris,TAFA5,Chemokine-like protein TAFA-5,19916,1564,1.51 [1.35-1.69],1.055919228388549e-12
Chapter IX Diseases of the circulatory system,Angina pectoris,TFF1,Trefoil factor 1,19921,1569,1.17 [1.11-1.23],3.537177719334866e-09
Chapter IX Diseases of the circulatory system,Angina pectoris,TFF2,Trefoil factor 2,20066,1577,1.19 [1.11-1.29],3.138871956725356e-06
Chapter IX Diseases of the circulatory system,Angina pectoris,TFF3,Trefoil factor 3,20022,1569,1.45 [1.33-1.58],1.0027165653877437e-17
Chapter IX Diseases of the circulatory system,Angina pectoris,TGFA,Protransforming growth factor alpha,19963,1569,1.44 [1.32-1.57],6.332092010980143e-16
Chapter IX Diseases of the circulatory system,Angina pectoris,TGFBI,Transforming growth factor-beta-induced protein ig-h3,19919,1568,0.65 [0.55-0.77],4.1302915908672e-07
Chapter IX Diseases of the circulatory system,Angina pectoris,TGFBR2,TGF-beta receptor type-2,20089,1579,1.37 [1.22-1.55],2.418664783910477e-07
Chapter IX Diseases of the circulatory system,Angina pectoris,THY1,Thy-1 membrane glycoprotein,20175,1591,1.42 [1.22-1.65],3.7683323158426487e-06
Chapter IX Diseases of the circulatory system,Angina pectoris,TNF,Tumor necrosis factor,19620,1553,1.36 [1.24-1.50],3.0006253218598767e-10
Chapter IX Diseases of the circulatory system,Angina pectoris,TNFRSF10A,Tumor necrosis factor receptor superfamily member 10A,19844,1557,1.83 [1.64-2.03],2.083845812090109e-29
Chapter IX Diseases of the circulatory system,Angina pectoris,TNFRSF10B,Tumor necrosis factor receptor superfamily member 10B,19844,1557,1.33 [1.25-1.41],1.0343044369719465e-19
Chapter IX Diseases of the circulatory system,Angina pectoris,TNFRSF11A,Tumor necrosis factor receptor superfamily member 11A,20217,1587,1.42 [1.28-1.58],7.309468771044259e-11
Chapter IX Diseases of the circulatory system,Angina pectoris,TNFRSF12A,Tumor necrosis factor receptor superfamily member 12A,20089,1579,1.63 [1.45-1.83],1.3985314397907532e-16
Chapter IX Diseases of the circulatory system,Angina pectoris,TNFRSF14,Tumor necrosis factor receptor superfamily member 14,20040,1575,1.49 [1.30-1.71],1.0631239611056693e-08
Chapter IX Diseases of the circulatory system,Angina pectoris,TNFRSF19,Tumor necrosis factor receptor superfamily member 19,20170,1588,1.44 [1.27-1.63],1.6732918956780285e-08
Chapter IX Diseases of the circulatory system,Angina pectoris,TNFRSF1A,Tumor necrosis factor receptor superfamily member 1A,20031,1576,1.67 [1.46-1.90],3.2188807874318724e-14
Chapter IX Diseases of the circulatory system,Angina pectoris,TNFRSF1B,Tumor necrosis factor receptor superfamily member 1B,20031,1576,1.38 [1.25-1.51],5.7365253684637396e-11
Chapter IX Diseases of the circulatory system,Angina pectoris,TNFRSF4,Tumor necrosis factor receptor superfamily member 4,20185,1586,1.47 [1.32-1.64],1.1440588271240164e-12
Chapter IX Diseases of the circulatory system,Angina pectoris,TNFRSF6B,Tumor necrosis factor receptor superfamily member 6B,19844,1557,1.22 [1.13-1.31],1.9935885982024685e-07
Chapter IX Diseases of the circulatory system,Angina pectoris,TNFRSF9,Tumor necrosis factor receptor superfamily member 9,19844,1557,1.34 [1.22-1.46],9.917688040475388e-11
Chapter IX Diseases of the circulatory system,Angina pectoris,TNFSF10,Tumor necrosis factor ligand superfamily member 10,20217,1587,0.60 [0.51-0.72],9.857749221434768e-09
Chapter IX Diseases of the circulatory system,Angina pectoris,TNFSF11,Tumor necrosis factor ligand superfamily member 11,19963,1569,0.82 [0.76-0.89],2.669833591887572e-07
Chapter IX Diseases of the circulatory system,Angina pectoris,TNFSF13,Tumor necrosis factor ligand superfamily member 13,20104,1577,1.54 [1.31-1.81],1.3232469368885588e-07
Chapter IX Diseases of the circulatory system,Angina pectoris,TNXB,Tenascin-X,20031,1576,0.64 [0.54-0.75],1.0607897888427293e-07
Chapter IX Diseases of the circulatory system,Angina pectoris,TREM2,Triggering receptor expressed on myeloid cells 2,20009,1575,1.24 [1.14-1.35],2.224455261971449e-07
Chapter IX Diseases of the circulatory system,Angina pectoris,UMOD,Uromodulin,20214,1588,0.78 [0.72-0.84],5.666269568037268e-10
Chapter IX Diseases of the circulatory system,Angina pectoris,VSIG2,V-set and immunoglobulin domain-containing protein 2,17386,1315,1.36 [1.26-1.47],4.808297533398561e-16
Chapter IX Diseases of the circulatory system,Angina pectoris,VSIG4,V-set and immunoglobulin domain-containing protein 4,20005,1574,1.52 [1.38-1.68],3.3769832580487005e-16
Chapter IX Diseases of the circulatory system,Angina pectoris,VWC2,Brorin,19781,1553,1.73 [1.55-1.93],7.932079784757693e-23
Chapter IX Diseases of the circulatory system,Angina pectoris,WFDC2,WAP four-disulfide core domain protein 2,19013,1490,1.50 [1.36-1.65],1.9762830174951304e-15
Chapter IX Diseases of the circulatory system,Angina pectoris,XG,Glycoprotein Xg,20175,1591,1.38 [1.21-1.58],1.0567703594138374e-06
