Protein,Protein_definition,Disease_category,Disease,NB_individual,NB_case,HR[95%CI],P_value
ARHGAP45,Rho GTPase-activating protein 45,Chapter I Certain infectious and parasitic diseases,"Bacterial infection, other or unspecified",42097,231,0.99 [0.85-1.15],0.8898259759457715
ARHGAP45,Rho GTPase-activating protein 45,Chapter I Certain infectious and parasitic diseases,"Bacterial intestinal infections, IBD co-morbidities",43553,329,0.99 [0.87-1.13],0.917185358798595
ARHGAP45,Rho GTPase-activating protein 45,Chapter I Certain infectious and parasitic diseases,"Bacterial, viral and other infectious agents",43118,2283,1.05 [1.00-1.10],0.0702696422121315
ARHGAP45,Rho GTPase-activating protein 45,Chapter I Certain infectious and parasitic diseases,Candidiasis,43591,699,1.01 [0.93-1.11],0.8000437569233956
ARHGAP45,Rho GTPase-activating protein 45,Chapter I Certain infectious and parasitic diseases,Certain infectious and parasitic diseases,42260,5824,1.03 [1.00-1.06],0.0932555410838131
ARHGAP45,Rho GTPase-activating protein 45,Chapter I Certain infectious and parasitic diseases,Condition for Implicit Sepsis (Organ dysfunction codes),42466,5302,1.00 [0.97-1.03],0.976660970142252
ARHGAP45,Rho GTPase-activating protein 45,Chapter I Certain infectious and parasitic diseases,Diarrhoea and gastroenteritis of presumed infectious origin,43174,2022,1.03 [0.98-1.08],0.2744261493170593
ARHGAP45,Rho GTPase-activating protein 45,Chapter I Certain infectious and parasitic diseases,Enterocolitis due to Clostridium difficile,43438,144,0.90 [0.74-1.09],0.2727914646481737
ARHGAP45,Rho GTPase-activating protein 45,Chapter I Certain infectious and parasitic diseases,Explicit Sepsis,40178,1581,0.98 [0.93-1.04],0.5814737469630595
ARHGAP45,Rho GTPase-activating protein 45,Chapter I Certain infectious and parasitic diseases,Implicit bacterial Sepsis,38771,1762,0.99 [0.93-1.05],0.6789607433720539
ARHGAP45,Rho GTPase-activating protein 45,Chapter I Certain infectious and parasitic diseases,Implicit fungal Sepsis,38649,414,1.00 [0.89-1.12],0.965734966027438
ARHGAP45,Rho GTPase-activating protein 45,Chapter I Certain infectious and parasitic diseases,Implicit Sepsis,30576,3261,1.00 [0.96-1.05],0.8836400365324617
ARHGAP45,Rho GTPase-activating protein 45,Chapter I Certain infectious and parasitic diseases,Implicit viral Sepsis,38401,641,1.10 [1.00-1.21],0.0406267814435953
ARHGAP45,Rho GTPase-activating protein 45,Chapter I Certain infectious and parasitic diseases,Intestinal infectious diseases,43527,2375,1.02 [0.97-1.07],0.3558312623471892
ARHGAP45,Rho GTPase-activating protein 45,Chapter I Certain infectious and parasitic diseases,Mycoses,43718,826,1.01 [0.93-1.09],0.8287918844268247
ARHGAP45,Rho GTPase-activating protein 45,Chapter I Certain infectious and parasitic diseases,Other bacterial agents as the cause of diseases classified to other chapters,42361,1526,1.04 [0.98-1.10],0.2115930681175042
ARHGAP45,Rho GTPase-activating protein 45,Chapter I Certain infectious and parasitic diseases,Other bacterial diseases,43609,1743,0.98 [0.93-1.04],0.5344910592181669
ARHGAP45,Rho GTPase-activating protein 45,Chapter I Certain infectious and parasitic diseases,Other bacterial intestinal infections,41483,331,0.99 [0.87-1.13],0.8837321767521484
ARHGAP45,Rho GTPase-activating protein 45,Chapter I Certain infectious and parasitic diseases,Other infectious diseases,43812,77,1.12 [0.86-1.46],0.3892604254505564
ARHGAP45,Rho GTPase-activating protein 45,Chapter I Certain infectious and parasitic diseases,Other septicaemia,43392,1526,0.97 [0.92-1.03],0.39339440569578
ARHGAP45,Rho GTPase-activating protein 45,Chapter I Certain infectious and parasitic diseases,Other specified/unspecified bacterial intestinal infections,43422,128,1.10 [0.90-1.36],0.3482725687053568
ARHGAP45,Rho GTPase-activating protein 45,Chapter I Certain infectious and parasitic diseases,Other viral diseases,43669,263,1.22 [1.06-1.41],0.0054902624377567
ARHGAP45,Rho GTPase-activating protein 45,Chapter I Certain infectious and parasitic diseases,"Other viral diseases, not elsewhere classified",43639,233,1.24 [1.06-1.44],0.0059570295576031
ARHGAP45,Rho GTPase-activating protein 45,Chapter I Certain infectious and parasitic diseases,Streptococcus and staphylococcus as the cause of diseases classified to other chapters,41520,685,1.09 [1.00-1.19],0.0558125003793776
ARHGAP45,Rho GTPase-activating protein 45,Chapter I Certain infectious and parasitic diseases,Viral agents as the cause of diseases classified to other chapters,41291,456,1.02 [0.92-1.14],0.6786144098408962
ARHGAP45,Rho GTPase-activating protein 45,Chapter I Certain infectious and parasitic diseases,Viral and other specified intestinal infections,41318,166,1.19 [0.99-1.42],0.0612998477193325
ARHGAP45,Rho GTPase-activating protein 45,Chapter I Certain infectious and parasitic diseases,Viral hepatitis,43772,93,0.93 [0.73-1.19],0.5771848353113866
ARHGAP45,Rho GTPase-activating protein 45,Chapter I Certain infectious and parasitic diseases,Viral infections characterized by skin and mucous membrane lesions,43696,261,1.01 [0.87-1.16],0.9407463319701914
ARHGAP45,Rho GTPase-activating protein 45,Chapter I Certain infectious and parasitic diseases,Viral warts,43522,87,1.10 [0.85-1.41],0.4703573590869307
ARHGAP45,Rho GTPase-activating protein 45,Chapter I Certain infectious and parasitic diseases,Zoster [herpes zoster],43551,116,1.02 [0.82-1.26],0.8865754224429582
ARHGAP45,Rho GTPase-activating protein 45,Chapter II Neoplasms,Benign lipomatous neoplasm,43313,497,1.03 [0.92-1.14],0.6259062950976793
ARHGAP45,Rho GTPase-activating protein 45,Chapter II Neoplasms,Benign lipomatous neoplasm of skin and subcutaneous tissue of limbs,43663,102,1.13 [0.90-1.42],0.3069790207612348
ARHGAP45,Rho GTPase-activating protein 45,Chapter II Neoplasms,Benign lipomatous neoplasm of skin and subcutaneous tissue of trunk,43622,106,1.17 [0.94-1.47],0.1686041149665922
ARHGAP45,Rho GTPase-activating protein 45,Chapter II Neoplasms,Benign lipomatous neoplasm of spermatic cord,20061,102,0.99 [0.78-1.25],0.9239594095671654
ARHGAP45,Rho GTPase-activating protein 45,Chapter II Neoplasms,"Benign neoplasm of colon, rectum, anus and anal canal",43243,2427,0.99 [0.94-1.04],0.7070061837214254
ARHGAP45,Rho GTPase-activating protein 45,Chapter II Neoplasms,Benign neoplasm of meninges,43787,98,1.14 [0.90-1.44],0.2728394500110989
ARHGAP45,Rho GTPase-activating protein 45,Chapter II Neoplasms,Benign neoplasm of other and ill-defined parts of digestive system,43702,115,0.99 [0.79-1.23],0.8968589649018959
ARHGAP45,Rho GTPase-activating protein 45,Chapter II Neoplasms,Benign neoplasm of other and unspecified endocrine glands,43768,180,1.06 [0.89-1.26],0.5185379666471317
ARHGAP45,Rho GTPase-activating protein 45,Chapter II Neoplasms,Benign neoplasm of ovary,23644,149,1.02 [0.84-1.24],0.8206292536219664
ARHGAP45,Rho GTPase-activating protein 45,Chapter II Neoplasms,Benign neoplasm: Ascending colon,43769,617,0.94 [0.86-1.04],0.2355590947495206
ARHGAP45,Rho GTPase-activating protein 45,Chapter II Neoplasms,Benign neoplasm: Caecum,43778,504,0.98 [0.88-1.08],0.6540504889560593
ARHGAP45,Rho GTPase-activating protein 45,Chapter II Neoplasms,"Benign neoplasm: Colon, unspecified",43619,123,0.95 [0.77-1.18],0.6446100326910428
ARHGAP45,Rho GTPase-activating protein 45,Chapter II Neoplasms,Benign neoplasm: Descending colon,43771,371,0.95 [0.84-1.07],0.3955602753846475
ARHGAP45,Rho GTPase-activating protein 45,Chapter II Neoplasms,Benign neoplasm: Rectum,43694,590,0.96 [0.87-1.06],0.4294332451583028
ARHGAP45,Rho GTPase-activating protein 45,Chapter II Neoplasms,Benign neoplasm: Sigmoid colon,43612,1073,1.00 [0.93-1.07],0.9741839344320684
ARHGAP45,Rho GTPase-activating protein 45,Chapter II Neoplasms,Benign neoplasm: Transverse colon,43760,715,0.97 [0.89-1.06],0.532684538076706
ARHGAP45,Rho GTPase-activating protein 45,Chapter II Neoplasms,Carcinoma in situ of breast,19191,120,0.83 [0.67-1.03],0.0977924986429509
ARHGAP45,Rho GTPase-activating protein 45,Chapter II Neoplasms,"Carcinoma in situ of breast, intraductal",19262,139,0.94 [0.77-1.15],0.5268863429866144
ARHGAP45,Rho GTPase-activating protein 45,Chapter II Neoplasms,"Chronic lymphocytic leukaemia and small lyphocytis leukaemia, excluding all cancers (controls excluding all cancers)",34914,93,0.95 [0.75-1.22],0.7099584959319383
ARHGAP45,Rho GTPase-activating protein 45,Chapter II Neoplasms,"Diffuse large B-cell lymphoma, excluding all cancers (controls excluding all cancers)",34939,118,0.93 [0.75-1.16],0.5358046348137598
ARHGAP45,Rho GTPase-activating protein 45,Chapter II Neoplasms,"Haemangioma and lymphangioma, any site",43723,203,0.92 [0.78-1.09],0.3233254506110843
ARHGAP45,Rho GTPase-activating protein 45,Chapter II Neoplasms,"Haemangioma, any site",43724,198,0.92 [0.78-1.08],0.3139866435478263
ARHGAP45,Rho GTPase-activating protein 45,Chapter II Neoplasms,Leiomyoma of uterus,22843,501,0.94 [0.85-1.05],0.2640241958673608
ARHGAP45,Rho GTPase-activating protein 45,Chapter II Neoplasms,Lung cancer and mesothelioma,30410,581,0.97 [0.88-1.07],0.5808866808363586
ARHGAP45,Rho GTPase-activating protein 45,Chapter II Neoplasms,Lymphoid leukaemia,34911,90,0.98 [0.77-1.26],0.8813677014087733
ARHGAP45,Rho GTPase-activating protein 45,Chapter II Neoplasms,"Malignant melanoma of skin, excluding all cancers (controls excluding all cancers)",35133,312,1.10 [0.96-1.26],0.1583864226938935
ARHGAP45,Rho GTPase-activating protein 45,Chapter II Neoplasms,"Malignant neoplasm of bladder, excluding all cancers (controls excluding all cancers)",35152,331,0.99 [0.87-1.13],0.9267375298951198
ARHGAP45,Rho GTPase-activating protein 45,Chapter II Neoplasms,"Malignant neoplasm of corpus uteri, excluding all cancers (controls excluding all cancers)",19390,164,0.85 [0.71-1.03],0.0935441950638995
ARHGAP45,Rho GTPase-activating protein 45,Chapter II Neoplasms,"Malignant neoplasm of intrahepatic ducts, biliary tract and gallbladder, excluding all cancers (controls excluding all cancers)",34959,138,0.96 [0.79-1.18],0.7052110325617578
ARHGAP45,Rho GTPase-activating protein 45,Chapter II Neoplasms,"Malignant neoplasm of kidney, except renal pelvis, excluding all cancers (controls excluding all cancers)",34999,178,1.09 [0.91-1.30],0.3493665955130304
ARHGAP45,Rho GTPase-activating protein 45,Chapter II Neoplasms,"Malignant neoplasm of oesophagus, excluding all cancers (controls excluding all cancers)",34997,176,0.97 [0.81-1.16],0.7232116327916738
ARHGAP45,Rho GTPase-activating protein 45,Chapter II Neoplasms,"Malignant neoplasm of ovary, excluding all cancers (controls excluding all cancers)",19352,126,1.01 [0.82-1.25],0.9024894526626605
ARHGAP45,Rho GTPase-activating protein 45,Chapter II Neoplasms,"Malignant neoplasm of pancreas, excluding all cancers (controls excluding all cancers)",34980,159,1.01 [0.84-1.22],0.897757214269559
ARHGAP45,Rho GTPase-activating protein 45,Chapter II Neoplasms,"Malignant neoplasm of prostate, excluding all cancers (controls excluding all cancers)",16741,1146,0.95 [0.89-1.02],0.1538670955159584
ARHGAP45,Rho GTPase-activating protein 45,Chapter II Neoplasms,"Malignant neoplasm of rectum, excluding all cancers (controls excluding all cancers)",35013,192,0.91 [0.77-1.08],0.2927146180183877
ARHGAP45,Rho GTPase-activating protein 45,Chapter II Neoplasms,"Malignant neoplasm of stomach, excluding all cancers (controls excluding all cancers)",34950,129,1.05 [0.85-1.29],0.6503912185139233
ARHGAP45,Rho GTPase-activating protein 45,Chapter II Neoplasms,Malignant neoplasms of independent (primary) multiple sites,34994,173,0.94 [0.78-1.12],0.4939159273320498
ARHGAP45,Rho GTPase-activating protein 45,Chapter II Neoplasms,Melanocytic naevi,43480,347,1.06 [0.94-1.20],0.3424545222028792
ARHGAP45,Rho GTPase-activating protein 45,Chapter II Neoplasms,Melanocytic naevi of trunk,43747,152,1.13 [0.94-1.36],0.2034705347255095
ARHGAP45,Rho GTPase-activating protein 45,Chapter II Neoplasms,Melanoma in situ,34878,138,1.14 [0.93-1.40],0.1939764611482465
ARHGAP45,Rho GTPase-activating protein 45,Chapter II Neoplasms,"Non-follicular lymphoma, hilmo, excluding all cancers",34981,160,0.98 [0.81-1.18],0.8250751856936898
ARHGAP45,Rho GTPase-activating protein 45,Chapter II Neoplasms,"Non-Hodgkin lymphoma, all, excluding all cancers (controls excluding all cancers)",35096,275,1.01 [0.87-1.16],0.9102425326536776
ARHGAP45,Rho GTPase-activating protein 45,Chapter II Neoplasms,"Non-small cell lung cancer, excluding all cancers (controls excluding all cancers)",35222,401,0.89 [0.79-1.01],0.0620662062320609
ARHGAP45,Rho GTPase-activating protein 45,Chapter II Neoplasms,"Other and unspecified types of non-Hodgkin lymphoma, hilmo, excluding all cancers",34991,170,1.01 [0.84-1.21],0.917623279108968
ARHGAP45,Rho GTPase-activating protein 45,Chapter II Neoplasms,Other benign neoplasms of skin,43509,272,0.96 [0.83-1.11],0.5674227714755513
ARHGAP45,Rho GTPase-activating protein 45,Chapter II Neoplasms,"Other malignant neoplasms of skin (=non-melanoma skin cancer), excluding all cancers (controls excluding all cancers)",36628,1807,0.97 [0.92-1.02],0.2568931709701854
ARHGAP45,Rho GTPase-activating protein 45,Chapter II Neoplasms,"Squamous cell neoplasms and carcinomas of the skin, excluding all cancers (controls excluding all cancers)",36723,1902,0.97 [0.92-1.03],0.3295806528161449
ARHGAP45,Rho GTPase-activating protein 45,Chapter III Diseases of the blood and blood-forming organs and certain disorders involving the immune mechanism,Agranulocytosis,43312,575,0.98 [0.89-1.08],0.6682023218181301
ARHGAP45,Rho GTPase-activating protein 45,Chapter III Diseases of the blood and blood-forming organs and certain disorders involving the immune mechanism,Anaemia in chronic diseases classified elsewhere,40674,146,1.10 [0.90-1.33],0.350772491529665
ARHGAP45,Rho GTPase-activating protein 45,Chapter III Diseases of the blood and blood-forming organs and certain disorders involving the immune mechanism,Diseases of spleen,42861,124,1.13 [0.92-1.40],0.2345326770120926
ARHGAP45,Rho GTPase-activating protein 45,Chapter III Diseases of the blood and blood-forming organs and certain disorders involving the immune mechanism,Diseases of the blood and blood-forming organs and certain disorders involving the immune mechanism,42497,4818,1.03 [1.00-1.07],0.05273579760323
ARHGAP45,Rho GTPase-activating protein 45,Chapter III Diseases of the blood and blood-forming organs and certain disorders involving the immune mechanism,Folate deficiency anaemia,41381,79,1.44 [1.11-1.87],0.0056990356515962
ARHGAP45,Rho GTPase-activating protein 45,Chapter III Diseases of the blood and blood-forming organs and certain disorders involving the immune mechanism,Idiopathic thrombocytopenic purpura,43114,89,1.10 [0.86-1.40],0.4714759709651497
ARHGAP45,Rho GTPase-activating protein 45,Chapter III Diseases of the blood and blood-forming organs and certain disorders involving the immune mechanism,Other anaemias,43020,2492,1.04 [0.99-1.09],0.1409887461524944
ARHGAP45,Rho GTPase-activating protein 45,Chapter III Diseases of the blood and blood-forming organs and certain disorders involving the immune mechanism,Other and unspecified anaemias,43018,2490,1.03 [0.99-1.08],0.1548406784477773
ARHGAP45,Rho GTPase-activating protein 45,Chapter III Diseases of the blood and blood-forming organs and certain disorders involving the immune mechanism,Other and unspecified aplastic anaemias,40670,142,0.88 [0.72-1.07],0.2058970902617488
ARHGAP45,Rho GTPase-activating protein 45,Chapter III Diseases of the blood and blood-forming organs and certain disorders involving the immune mechanism,Other and unspecified iron deficiency,43265,1963,1.12 [1.07-1.18],1.4152927503085256e-05
ARHGAP45,Rho GTPase-activating protein 45,Chapter III Diseases of the blood and blood-forming organs and certain disorders involving the immune mechanism,Other coagulation defects,43217,192,0.92 [0.77-1.09],0.3168879729084124
ARHGAP45,Rho GTPase-activating protein 45,Chapter III Diseases of the blood and blood-forming organs and certain disorders involving the immune mechanism,Other diseases of blood and blood-forming organs,42841,104,0.87 [0.69-1.10],0.2545997858989496
ARHGAP45,Rho GTPase-activating protein 45,Chapter III Diseases of the blood and blood-forming organs and certain disorders involving the immune mechanism,Other disorders of white blood cells,42842,105,1.10 [0.87-1.38],0.4239564748247525
ARHGAP45,Rho GTPase-activating protein 45,Chapter III Diseases of the blood and blood-forming organs and certain disorders involving the immune mechanism,Purpura and other haemorrhagic conditions,43492,467,0.81 [0.73-0.91],0.0002296990654909
ARHGAP45,Rho GTPase-activating protein 45,Chapter III Diseases of the blood and blood-forming organs and certain disorders involving the immune mechanism,Sarcoidosis,43636,92,1.11 [0.87-1.41],0.396611287330013
ARHGAP45,Rho GTPase-activating protein 45,Chapter III Diseases of the blood and blood-forming organs and certain disorders involving the immune mechanism,"Thrombocytopenia, unspecified",43412,387,0.70 [0.62-0.79],1.687356067842471e-08
ARHGAP45,Rho GTPase-activating protein 45,Chapter III Diseases of the blood and blood-forming organs and certain disorders involving the immune mechanism,Vitamin B12 deficiency anaemia,41476,174,1.00 [0.83-1.19],0.9693286763345382
ARHGAP45,Rho GTPase-activating protein 45,"Chapter IV Endocrine, nutritional and metabolic diseases",Acidosis,34056,506,0.97 [0.87-1.07],0.5298620524692164
ARHGAP45,Rho GTPase-activating protein 45,"Chapter IV Endocrine, nutritional and metabolic diseases",Acute alcohol intoxication,40853,191,1.13 [0.96-1.34],0.1415519855848913
ARHGAP45,Rho GTPase-activating protein 45,"Chapter IV Endocrine, nutritional and metabolic diseases",Alcohol dependence,40879,217,1.10 [0.94-1.29],0.2334722784376958
ARHGAP45,Rho GTPase-activating protein 45,"Chapter IV Endocrine, nutritional and metabolic diseases",Alkalosis,33645,95,1.11 [0.88-1.42],0.3746164929246558
ARHGAP45,Rho GTPase-activating protein 45,"Chapter IV Endocrine, nutritional and metabolic diseases",Bipolar affective disorders,40726,106,0.93 [0.74-1.17],0.5548094563045846
ARHGAP45,Rho GTPase-activating protein 45,"Chapter IV Endocrine, nutritional and metabolic diseases",Deficiency of other B group vitamins,39782,390,0.90 [0.80-1.01],0.0839140080223078
ARHGAP45,Rho GTPase-activating protein 45,"Chapter IV Endocrine, nutritional and metabolic diseases","Delirium, not induced by alcohol and other psychoactive substances",43042,891,0.91 [0.84-0.99],0.0266733429894
ARHGAP45,Rho GTPase-activating protein 45,"Chapter IV Endocrine, nutritional and metabolic diseases",Dementia in Alzheimer disease,42605,454,0.91 [0.82-1.02],0.1123355482695363
ARHGAP45,Rho GTPase-activating protein 45,"Chapter IV Endocrine, nutritional and metabolic diseases",Dementia in other diseases classified elsewhere,42328,177,1.04 [0.87-1.24],0.6840059134665132
ARHGAP45,Rho GTPase-activating protein 45,"Chapter IV Endocrine, nutritional and metabolic diseases",Depression,43233,2613,1.05 [1.00-1.10],0.0480571061863517
ARHGAP45,Rho GTPase-activating protein 45,"Chapter IV Endocrine, nutritional and metabolic diseases",Depression or dysthymia,38254,2542,1.04 [1.00-1.09],0.0720883993999465
ARHGAP45,Rho GTPase-activating protein 45,"Chapter IV Endocrine, nutritional and metabolic diseases","Disorder of lipoprotein metabolism, unspecified",33651,101,0.96 [0.76-1.21],0.7075185933023732
ARHGAP45,Rho GTPase-activating protein 45,"Chapter IV Endocrine, nutritional and metabolic diseases","Disorder of thyroid, unspecified",40464,136,1.01 [0.83-1.24],0.9112840593711622
ARHGAP45,Rho GTPase-activating protein 45,"Chapter IV Endocrine, nutritional and metabolic diseases",Disorders of calcium metabolism,34011,461,1.08 [0.97-1.20],0.1705338255159045
ARHGAP45,Rho GTPase-activating protein 45,"Chapter IV Endocrine, nutritional and metabolic diseases",Disorders of iron metabolism,33652,102,1.07 [0.85-1.35],0.5565604348168651
ARHGAP45,Rho GTPase-activating protein 45,"Chapter IV Endocrine, nutritional and metabolic diseases",Disorders of lipoprotein metabolism and other lipidaemias,39452,5902,1.07 [1.03-1.10],4.35156699441829e-05
ARHGAP45,Rho GTPase-activating protein 45,"Chapter IV Endocrine, nutritional and metabolic diseases",Disorders of magnesium metabolism,33879,329,0.94 [0.83-1.07],0.3660548927268904
ARHGAP45,Rho GTPase-activating protein 45,"Chapter IV Endocrine, nutritional and metabolic diseases",Disorders of mineral metabolism,34474,924,1.04 [0.96-1.12],0.3686944406859263
ARHGAP45,Rho GTPase-activating protein 45,"Chapter IV Endocrine, nutritional and metabolic diseases",Disorders of other endocrine glands,43680,530,1.08 [0.98-1.20],0.1200690672404984
ARHGAP45,Rho GTPase-activating protein 45,"Chapter IV Endocrine, nutritional and metabolic diseases",Disorders of parathyroid gland,43363,213,1.07 [0.91-1.25],0.4039176931524655
ARHGAP45,Rho GTPase-activating protein 45,"Chapter IV Endocrine, nutritional and metabolic diseases",Disorders of phosphorus metabolism and phosphatases,33760,210,1.08 [0.92-1.27],0.3670123051893237
ARHGAP45,Rho GTPase-activating protein 45,"Chapter IV Endocrine, nutritional and metabolic diseases","Disorders of plasma-protein metabolism, not elsewhere classified",33653,103,0.96 [0.76-1.21],0.7085202125097443
ARHGAP45,Rho GTPase-activating protein 45,"Chapter IV Endocrine, nutritional and metabolic diseases",Disorders of the thyroid gland,42898,2570,1.05 [1.00-1.10],0.0409751629243781
ARHGAP45,Rho GTPase-activating protein 45,"Chapter IV Endocrine, nutritional and metabolic diseases",Fluid overload,33975,425,0.99 [0.88-1.11],0.8356459494293769
ARHGAP45,Rho GTPase-activating protein 45,"Chapter IV Endocrine, nutritional and metabolic diseases",Hyperkalaemia,34005,455,0.90 [0.80-1.00],0.0601378031528152
ARHGAP45,Rho GTPase-activating protein 45,"Chapter IV Endocrine, nutritional and metabolic diseases","Hyperlipidaemia, other/unspecified",34601,1051,1.09 [1.02-1.17],0.0166004755950717
ARHGAP45,Rho GTPase-activating protein 45,"Chapter IV Endocrine, nutritional and metabolic diseases",Hyperosmolality and hypernatraemia,33732,182,0.89 [0.74-1.06],0.1835950698280362
ARHGAP45,Rho GTPase-activating protein 45,"Chapter IV Endocrine, nutritional and metabolic diseases",Hyperparathyroidism,43353,203,1.05 [0.90-1.24],0.5254807659289521
ARHGAP45,Rho GTPase-activating protein 45,"Chapter IV Endocrine, nutritional and metabolic diseases",Hypo-osmolality and hyponatraemia,34565,1015,1.01 [0.94-1.09],0.7503312815396546
ARHGAP45,Rho GTPase-activating protein 45,"Chapter IV Endocrine, nutritional and metabolic diseases",Hypokalaemia,34351,801,1.00 [0.92-1.09],0.91908850892783
ARHGAP45,Rho GTPase-activating protein 45,"Chapter IV Endocrine, nutritional and metabolic diseases",Iron deficiency,39503,111,1.03 [0.82-1.28],0.8085287066561687
ARHGAP45,Rho GTPase-activating protein 45,"Chapter IV Endocrine, nutritional and metabolic diseases",Metabolic disorders,41892,8342,1.04 [1.02-1.07],0.0016125674211573
ARHGAP45,Rho GTPase-activating protein 45,"Chapter IV Endocrine, nutritional and metabolic diseases",Nontoxic multinodular goitre,40403,75,0.91 [0.69-1.19],0.480970468240171
ARHGAP45,Rho GTPase-activating protein 45,"Chapter IV Endocrine, nutritional and metabolic diseases",Nontoxic single thyroid nodule,40426,98,1.03 [0.82-1.31],0.7898074169261887
ARHGAP45,Rho GTPase-activating protein 45,"Chapter IV Endocrine, nutritional and metabolic diseases",Obesity,43507,3259,0.98 [0.95-1.02],0.4441470888109361
ARHGAP45,Rho GTPase-activating protein 45,"Chapter IV Endocrine, nutritional and metabolic diseases","Obesity, other/unspecified",43507,3253,0.99 [0.95-1.03],0.4667402849993004
ARHGAP45,Rho GTPase-activating protein 45,"Chapter IV Endocrine, nutritional and metabolic diseases",Other and/or unspecified nontoxic goitre,40415,87,1.16 [0.90-1.49],0.2415345421781271
ARHGAP45,Rho GTPase-activating protein 45,"Chapter IV Endocrine, nutritional and metabolic diseases",Other anxiety disorders,43232,2044,1.03 [0.98-1.09],0.1976505814331882
ARHGAP45,Rho GTPase-activating protein 45,"Chapter IV Endocrine, nutritional and metabolic diseases","Other disorders of fluid, electrolyte and acid-base balance",36166,2616,1.00 [0.96-1.05],0.9630456263980576
ARHGAP45,Rho GTPase-activating protein 45,"Chapter IV Endocrine, nutritional and metabolic diseases",Other disorders of glucose regulation and pancreatic internal secretion,43792,353,0.88 [0.78-1.00],0.0552243115130313
ARHGAP45,Rho GTPase-activating protein 45,"Chapter IV Endocrine, nutritional and metabolic diseases",Other mental disorders due to brain damage and dysfunction and to physical disease,42273,122,0.88 [0.71-1.09],0.2415943173093614
ARHGAP45,Rho GTPase-activating protein 45,"Chapter IV Endocrine, nutritional and metabolic diseases",Panic disorder,41364,176,0.99 [0.83-1.18],0.925831347684542
ARHGAP45,Rho GTPase-activating protein 45,"Chapter IV Endocrine, nutritional and metabolic diseases",Phobic anxiety disorders,41429,241,1.14 [0.98-1.33],0.0873227101846258
ARHGAP45,Rho GTPase-activating protein 45,"Chapter IV Endocrine, nutritional and metabolic diseases","Postprocedural endocrine and metabolic disorders, not elsewhere classified",33826,276,1.13 [0.98-1.30],0.1007309827006649
ARHGAP45,Rho GTPase-activating protein 45,"Chapter IV Endocrine, nutritional and metabolic diseases",Type 1 diabetes without complications,39887,263,1.07 [0.93-1.23],0.3526278330851514
ARHGAP45,Rho GTPase-activating protein 45,"Chapter IV Endocrine, nutritional and metabolic diseases",Type 2 diabetes with neurological complications,3611,140,0.97 [0.79-1.18],0.7329499202750399
ARHGAP45,Rho GTPase-activating protein 45,"Chapter IV Endocrine, nutritional and metabolic diseases",Type 2 diabetes with ophthalmic complications,3838,411,0.96 [0.86-1.08],0.4995039931585681
ARHGAP45,Rho GTPase-activating protein 45,"Chapter IV Endocrine, nutritional and metabolic diseases",Type 2 diabetes with peripheral circulatory complications,39729,105,1.18 [0.94-1.47],0.1537271971275912
ARHGAP45,Rho GTPase-activating protein 45,"Chapter IV Endocrine, nutritional and metabolic diseases",Type 2 diabetes with renal complications,3549,79,0.86 [0.66-1.12],0.2632389815762464
ARHGAP45,Rho GTPase-activating protein 45,"Chapter IV Endocrine, nutritional and metabolic diseases",Type 2 diabetes without complications,42761,3137,1.05 [1.01-1.10],0.0140881023361999
ARHGAP45,Rho GTPase-activating protein 45,"Chapter IV Endocrine, nutritional and metabolic diseases",Unspecified dementia,42714,563,0.87 [0.79-0.96],0.0067745282932404
ARHGAP45,Rho GTPase-activating protein 45,"Chapter IV Endocrine, nutritional and metabolic diseases",Vitamin D deficiency,40002,610,0.99 [0.90-1.09],0.8248001958844797
ARHGAP45,Rho GTPase-activating protein 45,"Chapter IV Endocrine, nutritional and metabolic diseases",Volume depletion,34793,1243,1.00 [0.94-1.07],0.926013419795614
ARHGAP45,Rho GTPase-activating protein 45,Chapter IX Diseases of the circulatory system,"!Phlebitis/thrombophlebitis venae iliacae [externae/internae/communis], drug-induced",43616,413,0.85 [0.76-0.95],0.0058442039546133
ARHGAP45,Rho GTPase-activating protein 45,Chapter IX Diseases of the circulatory system,Abdominal aortic aneurysm (AAA),41917,276,0.91 [0.79-1.05],0.1874986935823747
ARHGAP45,Rho GTPase-activating protein 45,Chapter IX Diseases of the circulatory system,Angina pectoris,40089,1979,1.01 [0.96-1.07],0.6300318259103367
ARHGAP45,Rho GTPase-activating protein 45,Chapter IX Diseases of the circulatory system,Aortic aneurysm,42048,407,0.93 [0.82-1.04],0.1903060667770028
ARHGAP45,Rho GTPase-activating protein 45,Chapter IX Diseases of the circulatory system,Arterial embolism and thrombosis of lower extremity artery,41736,95,1.17 [0.93-1.49],0.1821255112510857
ARHGAP45,Rho GTPase-activating protein 45,Chapter IX Diseases of the circulatory system,"Atherosclerosis, excluding cerebral and coronary sclerosis",41966,325,1.08 [0.95-1.23],0.2387206879865701
ARHGAP45,Rho GTPase-activating protein 45,Chapter IX Diseases of the circulatory system,Atrial fibrillation and flutter,27198,3180,0.95 [0.91-0.99],0.0079710219753552
ARHGAP45,Rho GTPase-activating protein 45,Chapter IX Diseases of the circulatory system,AV-block,37002,714,0.97 [0.89-1.06],0.4719044858449966
ARHGAP45,Rho GTPase-activating protein 45,Chapter IX Diseases of the circulatory system,"Bradycardia, unspecified, drug-induced",43713,695,0.90 [0.82-0.99],0.023360591934234
ARHGAP45,Rho GTPase-activating protein 45,Chapter IX Diseases of the circulatory system,Cardiac arrest,24333,315,1.05 [0.93-1.20],0.4299216338884937
ARHGAP45,Rho GTPase-activating protein 45,Chapter IX Diseases of the circulatory system,Cardiomyopathy,36575,287,0.81 [0.70-0.93],0.0026943931472627
ARHGAP45,Rho GTPase-activating protein 45,Chapter IX Diseases of the circulatory system,"Cardiomyopathy, other and unspecified",36449,161,0.89 [0.74-1.07],0.1979827373198139
ARHGAP45,Rho GTPase-activating protein 45,Chapter IX Diseases of the circulatory system,Cerebral atherosclerosis,43808,76,0.93 [0.71-1.22],0.6179693853417914
ARHGAP45,Rho GTPase-activating protein 45,Chapter IX Diseases of the circulatory system,Conduction disorders,38045,1757,0.97 [0.92-1.03],0.3432402666245829
ARHGAP45,Rho GTPase-activating protein 45,Chapter IX Diseases of the circulatory system,Coronary atherosclerosis,41555,3476,1.03 [0.99-1.07],0.1508165762851014
ARHGAP45,Rho GTPase-activating protein 45,Chapter IX Diseases of the circulatory system,Death due to cardiac causes,38364,12888,1.01 [0.99-1.03],0.2537428389294196
ARHGAP45,Rho GTPase-activating protein 45,Chapter IX Diseases of the circulatory system,DVT of lower extremities,41484,447,0.87 [0.78-0.97],0.0125226772701318
ARHGAP45,Rho GTPase-activating protein 45,Chapter IX Diseases of the circulatory system,Endocarditis,36405,117,0.90 [0.72-1.11],0.3240086306962881
ARHGAP45,Rho GTPase-activating protein 45,Chapter IX Diseases of the circulatory system,"Heart failure, strict",43464,1829,1.03 [0.98-1.09],0.2508680148248964
ARHGAP45,Rho GTPase-activating protein 45,Chapter IX Diseases of the circulatory system,Hypertension,39897,11010,1.02 [1.00-1.05],0.0338529641580142
ARHGAP45,Rho GTPase-activating protein 45,Chapter IX Diseases of the circulatory system,"Hypertension, essential",39910,11023,1.02 [1.00-1.05],0.0346623007469476
ARHGAP45,Rho GTPase-activating protein 45,Chapter IX Diseases of the circulatory system,"Hypertension, portal",43514,136,0.72 [0.59-0.89],0.0020431355808053
ARHGAP45,Rho GTPase-activating protein 45,Chapter IX Diseases of the circulatory system,"Hypertension, Pulmonary Arterial",29207,320,1.02 [0.90-1.16],0.7469160188913508
ARHGAP45,Rho GTPase-activating protein 45,Chapter IX Diseases of the circulatory system,Hypertensive Renal Disease,29055,168,1.01 [0.84-1.21],0.9318918299280609
ARHGAP45,Rho GTPase-activating protein 45,Chapter IX Diseases of the circulatory system,Hypotension,43573,1914,0.99 [0.94-1.05],0.7876972631753019
ARHGAP45,Rho GTPase-activating protein 45,Chapter IX Diseases of the circulatory system,Intracerebral haemorrhage,42281,181,0.95 [0.80-1.13],0.5477213239472782
ARHGAP45,Rho GTPase-activating protein 45,Chapter IX Diseases of the circulatory system,"Ischaemic heart disease, wide definition",41849,3739,1.03 [0.99-1.07],0.1131407692167964
ARHGAP45,Rho GTPase-activating protein 45,Chapter IX Diseases of the circulatory system,"Ischaemic Stroke, excluding all haemorrhages",43196,938,1.03 [0.96-1.12],0.3819750031391719
ARHGAP45,Rho GTPase-activating protein 45,Chapter IX Diseases of the circulatory system,Left bundle-branch block,36896,608,1.02 [0.93-1.12],0.6949175929272506
ARHGAP45,Rho GTPase-activating protein 45,Chapter IX Diseases of the circulatory system,Major coronary heart disease event,43037,1419,1.05 [0.99-1.12],0.0970761175102454
ARHGAP45,Rho GTPase-activating protein 45,Chapter IX Diseases of the circulatory system,"Myocardial infarction, strict",39306,1196,1.07 [1.00-1.15],0.0364527315037103
ARHGAP45,Rho GTPase-activating protein 45,Chapter IX Diseases of the circulatory system,"Myocardial infarction, with ST-elevation",43650,270,1.18 [1.02-1.35],0.0244403864632329
ARHGAP45,Rho GTPase-activating protein 45,Chapter IX Diseases of the circulatory system,"Myocardial infarction, without ST-elevation",43761,521,1.01 [0.91-1.12],0.8305106654876644
ARHGAP45,Rho GTPase-activating protein 45,Chapter IX Diseases of the circulatory system,Oesophageal varices,41126,89,0.73 [0.56-0.93],0.0128711112464811
ARHGAP45,Rho GTPase-activating protein 45,Chapter IX Diseases of the circulatory system,Other aneurysm,41770,129,0.98 [0.80-1.20],0.8362554742495598
ARHGAP45,Rho GTPase-activating protein 45,Chapter IX Diseases of the circulatory system,Other arrhythmias,37005,717,0.99 [0.91-1.08],0.8863160432671434
ARHGAP45,Rho GTPase-activating protein 45,Chapter IX Diseases of the circulatory system,Other arterial embolism and thrombosis,41809,168,1.16 [0.97-1.39],0.0960650837173417
ARHGAP45,Rho GTPase-activating protein 45,Chapter IX Diseases of the circulatory system,Other diseases of arteries and capillaries,42035,394,1.00 [0.89-1.12],0.9705060345387412
ARHGAP45,Rho GTPase-activating protein 45,Chapter IX Diseases of the circulatory system,Other diseases of pericardium,36592,304,0.95 [0.83-1.09],0.4530039491309346
ARHGAP45,Rho GTPase-activating protein 45,Chapter IX Diseases of the circulatory system,Other disorders of veins,41189,152,0.97 [0.80-1.18],0.771526280521104
ARHGAP45,Rho GTPase-activating protein 45,Chapter IX Diseases of the circulatory system,Other embolism and thrombosis,41121,84,0.98 [0.76-1.27],0.8776258867382878
ARHGAP45,Rho GTPase-activating protein 45,Chapter IX Diseases of the circulatory system,Other intracranial haemorrhages,41449,104,0.96 [0.77-1.21],0.7571181001213069
ARHGAP45,Rho GTPase-activating protein 45,Chapter IX Diseases of the circulatory system,Other noninfective disorders of lymphatic vessels and lymph nodes,41259,222,0.95 [0.81-1.12],0.5662759438436646
ARHGAP45,Rho GTPase-activating protein 45,Chapter IX Diseases of the circulatory system,Other or ill-defined heart diseases,37990,1702,0.97 [0.92-1.03],0.2759675537951324
ARHGAP45,Rho GTPase-activating protein 45,Chapter IX Diseases of the circulatory system,Other other unspecified disorders of the circulatory system,41751,92,0.83 [0.65-1.06],0.138484018265664
ARHGAP45,Rho GTPase-activating protein 45,Chapter IX Diseases of the circulatory system,Other peripheral vascular diseases,42555,914,1.00 [0.93-1.08],0.952392635213422
ARHGAP45,Rho GTPase-activating protein 45,Chapter IX Diseases of the circulatory system,Other pulmonary heart/vessel disease,42772,600,1.01 [0.92-1.11],0.8705793887040192
ARHGAP45,Rho GTPase-activating protein 45,Chapter IX Diseases of the circulatory system,"Other specified cerebrovascular diseases, other cerebrovascular disorders in diseases classified elsewhere",42349,1004,0.98 [0.91-1.05],0.5566847434791283
ARHGAP45,Rho GTPase-activating protein 45,Chapter IX Diseases of the circulatory system,Paroxysmal tachycardia,24577,559,0.96 [0.87-1.06],0.3771297375499673
ARHGAP45,Rho GTPase-activating protein 45,Chapter IX Diseases of the circulatory system,Peripheral artery disease,42260,674,1.03 [0.94-1.13],0.5201317686582989
ARHGAP45,Rho GTPase-activating protein 45,Chapter IX Diseases of the circulatory system,Phlebitis and thrombophlebitis (not including DVT),41613,576,0.90 [0.82-1.00],0.0411555809967163
ARHGAP45,Rho GTPase-activating protein 45,Chapter IX Diseases of the circulatory system,Pulmonary embolism,42958,786,0.98 [0.90-1.07],0.6917257473071162
ARHGAP45,Rho GTPase-activating protein 45,Chapter IX Diseases of the circulatory system,Rheumatic valve diseases,43691,1079,0.97 [0.90-1.04],0.4153393049337561
ARHGAP45,Rho GTPase-activating protein 45,Chapter IX Diseases of the circulatory system,Right bundle-branch block,36870,582,0.93 [0.85-1.03],0.1689781836058874
ARHGAP45,Rho GTPase-activating protein 45,Chapter IX Diseases of the circulatory system,Secondary right heart disease,42764,592,1.01 [0.92-1.11],0.8306325116338035
ARHGAP45,Rho GTPase-activating protein 45,Chapter IX Diseases of the circulatory system,Sequelae of cerebrovascular disease,41658,313,0.97 [0.85-1.10],0.6098403925005503
ARHGAP45,Rho GTPase-activating protein 45,Chapter IX Diseases of the circulatory system,"Stroke, excluding SAH",43175,1075,1.02 [0.95-1.10],0.5330995450338869
ARHGAP45,Rho GTPase-activating protein 45,Chapter IX Diseases of the circulatory system,"Stroke, including SAH",43141,1140,1.01 [0.95-1.09],0.6806474983852682
ARHGAP45,Rho GTPase-activating protein 45,Chapter IX Diseases of the circulatory system,Subarachnoid haemorrhage,42233,99,0.92 [0.72-1.16],0.4674547112097602
ARHGAP45,Rho GTPase-activating protein 45,Chapter IX Diseases of the circulatory system,Thoracic aortic aneurysm,41770,130,0.93 [0.76-1.14],0.4886950787984879
ARHGAP45,Rho GTPase-activating protein 45,Chapter IX Diseases of the circulatory system,Transient ischemic attack,42638,380,1.08 [0.96-1.22],0.2010827529389385
ARHGAP45,Rho GTPase-activating protein 45,Chapter IX Diseases of the circulatory system,Unstable angina pectoris,42050,432,1.05 [0.94-1.17],0.3967166848935974
ARHGAP45,Rho GTPase-activating protein 45,Chapter IX Diseases of the circulatory system,Varicose veins,41735,698,0.98 [0.90-1.07],0.7056761762186782
ARHGAP45,Rho GTPase-activating protein 45,Chapter IX Diseases of the circulatory system,Vascular diseases of the intestine,41666,141,0.85 [0.70-1.04],0.1224944441228781
ARHGAP45,Rho GTPase-activating protein 45,Chapter IX Diseases of the circulatory system,Venous thromboembolism,43418,1238,0.95 [0.89-1.01],0.1146083653485066
ARHGAP45,Rho GTPase-activating protein 45,Chapter V Mental and behavioural disorders,"Alcohol use disorder, ICD-based",43608,611,1.02 [0.93-1.12],0.7174256372510188
ARHGAP45,Rho GTPase-activating protein 45,Chapter V Mental and behavioural disorders,"Anxiety disorders, excluding more controls",38404,2413,1.04 [0.99-1.09],0.0962904336294335
ARHGAP45,Rho GTPase-activating protein 45,Chapter V Mental and behavioural disorders,Any mental disorder,42717,6726,1.01 [0.99-1.04],0.3187536545803445
ARHGAP45,Rho GTPase-activating protein 45,Chapter V Mental and behavioural disorders,"Mental and behavioural disorders due to alcohol, excluding acute intoxication",43530,715,1.01 [0.93-1.11],0.7703192984206944
ARHGAP45,Rho GTPase-activating protein 45,Chapter V Mental and behavioural disorders,"Mood disorders, excluding more controls",38651,2660,1.04 [0.99-1.09],0.0897508197483015
ARHGAP45,Rho GTPase-activating protein 45,Chapter V Mental and behavioural disorders,"Schizophrenia or delusion, excluding more controls",36130,139,1.05 [0.86-1.28],0.6456992581246837
ARHGAP45,Rho GTPase-activating protein 45,Chapter V Mental and behavioural disorders,Smoking dependency,42900,2322,1.02 [0.97-1.07],0.3997527213911132
ARHGAP45,Rho GTPase-activating protein 45,Chapter V Mental and behavioural disorders,"Substance abuse, excluding more controls",38752,2761,1.02 [0.97-1.06],0.4376546202547611
ARHGAP45,Rho GTPase-activating protein 45,Chapter V Mental and behavioural disorders,Vascular dementia,43007,210,0.91 [0.77-1.07],0.2352118561149274
ARHGAP45,Rho GTPase-activating protein 45,Chapter VI Diseases of the nervous system,Alzheimer disease,43810,566,0.93 [0.84-1.03],0.1471121932557373
ARHGAP45,Rho GTPase-activating protein 45,Chapter VI Diseases of the nervous system,"AlzheimerÕs disease (Atypical or mixed), excluding more controls",29698,100,0.94 [0.74-1.19],0.5949033753750006
ARHGAP45,Rho GTPase-activating protein 45,Chapter VI Diseases of the nervous system,Bell's palsy,40802,137,0.99 [0.81-1.21],0.9429838114002734
ARHGAP45,Rho GTPase-activating protein 45,Chapter VI Diseases of the nervous system,Carpal tunnel syndrome,41511,846,1.02 [0.94-1.11],0.5682410917986966
ARHGAP45,Rho GTPase-activating protein 45,Chapter VI Diseases of the nervous system,Cerebral cysts,43127,374,1.00 [0.89-1.13],0.9607637786671436
ARHGAP45,Rho GTPase-activating protein 45,Chapter VI Diseases of the nervous system,Cerebral palsy and other paralytic syndromes,43675,525,0.92 [0.83-1.02],0.1015486674487614
ARHGAP45,Rho GTPase-activating protein 45,Chapter VI Diseases of the nervous system,Circumscribed brain atrophy,42985,93,1.01 [0.79-1.29],0.9295065522026176
ARHGAP45,Rho GTPase-activating protein 45,Chapter VI Diseases of the nervous system,Diseases of the myoneural junction and muscle,43784,109,0.90 [0.72-1.13],0.3557998079830393
ARHGAP45,Rho GTPase-activating protein 45,Chapter VI Diseases of the nervous system,"Disorders of brain, other and unspecified",42871,118,0.97 [0.78-1.21],0.7974038686784969
ARHGAP45,Rho GTPase-activating protein 45,Chapter VI Diseases of the nervous system,Epilepsy,41209,475,0.93 [0.84-1.04],0.2191221777926102
ARHGAP45,Rho GTPase-activating protein 45,Chapter VI Diseases of the nervous system,Episodal and paroxysmal disorders,43002,2268,1.01 [0.96-1.06],0.800983897479057
ARHGAP45,Rho GTPase-activating protein 45,Chapter VI Diseases of the nervous system,Extrapyramidal and movement disorders,43733,695,0.96 [0.88-1.05],0.4117896174205356
ARHGAP45,Rho GTPase-activating protein 45,Chapter VI Diseases of the nervous system,Falls/tendency to fall,42820,4266,0.95 [0.92-0.99],0.009958013809329
ARHGAP45,Rho GTPase-activating protein 45,Chapter VI Diseases of the nervous system,Generalized epilepsy,43178,90,1.24 [0.97-1.58],0.0845817119842617
ARHGAP45,Rho GTPase-activating protein 45,Chapter VI Diseases of the nervous system,Hemiplegia,43561,411,0.96 [0.86-1.08],0.5145528081049412
ARHGAP45,Rho GTPase-activating protein 45,Chapter VI Diseases of the nervous system,Hydrocephalus,42856,103,1.09 [0.87-1.37],0.4456427568257639
ARHGAP45,Rho GTPase-activating protein 45,Chapter VI Diseases of the nervous system,Inflammatory diseases of the central nervous system,43779,116,1.18 [0.95-1.46],0.1352310314137073
ARHGAP45,Rho GTPase-activating protein 45,Chapter VI Diseases of the nervous system,Lesion of plantar nerve,40794,129,0.86 [0.69-1.05],0.1399430414372781
ARHGAP45,Rho GTPase-activating protein 45,Chapter VI Diseases of the nervous system,Lesion of ulnar nerve,40795,130,1.07 [0.87-1.31],0.5063818113046349
ARHGAP45,Rho GTPase-activating protein 45,Chapter VI Diseases of the nervous system,Memory loss,42763,200,0.95 [0.81-1.13],0.5873699796479117
ARHGAP45,Rho GTPase-activating protein 45,Chapter VI Diseases of the nervous system,Migraine,41333,599,1.08 [0.98-1.19],0.1217297932116163
ARHGAP45,Rho GTPase-activating protein 45,Chapter VI Diseases of the nervous system,"Migraine, unspecified, drug-induced",43692,543,1.08 [0.97-1.19],0.1544030777974621
ARHGAP45,Rho GTPase-activating protein 45,Chapter VI Diseases of the nervous system,Motor neuron disease,29890,255,1.02 [0.88-1.19],0.7602107192184866
ARHGAP45,Rho GTPase-activating protein 45,Chapter VI Diseases of the nervous system,MS-disease / Multiple Sclerosis,43520,186,0.91 [0.77-1.08],0.2800605297271973
ARHGAP45,Rho GTPase-activating protein 45,Chapter VI Diseases of the nervous system,"Nerve, nerve root and plexus disorders",42688,2023,1.02 [0.97-1.08],0.3551046930402649
ARHGAP45,Rho GTPase-activating protein 45,Chapter VI Diseases of the nervous system,Neurological diseases,41305,6169,0.99 [0.96-1.02],0.6500635747232519
ARHGAP45,Rho GTPase-activating protein 45,Chapter VI Diseases of the nervous system,Other and unspecified degenerative diseases of nervous system,43201,309,0.92 [0.80-1.05],0.2219204502822167
ARHGAP45,Rho GTPase-activating protein 45,Chapter VI Diseases of the nervous system,"Other and unspecified nerve root and plexus disorders, also in other diseases",41345,680,1.04 [0.96-1.14],0.3372196529564366
ARHGAP45,Rho GTPase-activating protein 45,Chapter VI Diseases of the nervous system,"Other and unspecified polyneuropathies, also in other diseases",43685,493,1.04 [0.93-1.15],0.5034190066936846
ARHGAP45,Rho GTPase-activating protein 45,Chapter VI Diseases of the nervous system,Other degenerative diseases of the nervous system,35061,1088,0.93 [0.87-1.00],0.0534941826330467
ARHGAP45,Rho GTPase-activating protein 45,Chapter VI Diseases of the nervous system,Other diseases of spinal cord,42872,119,0.89 [0.71-1.10],0.2735436527008746
ARHGAP45,Rho GTPase-activating protein 45,Chapter VI Diseases of the nervous system,Other disorders of nervous system,42989,236,0.89 [0.77-1.04],0.1517971789819651
ARHGAP45,Rho GTPase-activating protein 45,Chapter VI Diseases of the nervous system,Other extrapyramidal and movement disorders in other diseases,43286,248,1.03 [0.89-1.20],0.664824513357855
ARHGAP45,Rho GTPase-activating protein 45,Chapter VI Diseases of the nervous system,Other facial nerve disorders,40827,162,0.96 [0.80-1.16],0.6971938318192004
ARHGAP45,Rho GTPase-activating protein 45,Chapter VI Diseases of the nervous system,Other headache syndromes,40836,102,1.02 [0.81-1.29],0.8666288854103036
ARHGAP45,Rho GTPase-activating protein 45,Chapter VI Diseases of the nervous system,Other neurological diseases,43613,860,1.00 [0.92-1.08],0.9801301260511138
ARHGAP45,Rho GTPase-activating protein 45,Chapter VI Diseases of the nervous system,Other sleep disorders,41658,924,0.98 [0.91-1.06],0.6890363207672359
ARHGAP45,Rho GTPase-activating protein 45,Chapter VI Diseases of the nervous system,Parkinson's disease,43766,407,0.90 [0.80-1.01],0.0825753679674294
ARHGAP45,Rho GTPase-activating protein 45,Chapter VI Diseases of the nervous system,Postviral fatigue syndrome,42848,95,1.13 [0.89-1.43],0.324879349256546
ARHGAP45,Rho GTPase-activating protein 45,Chapter VI Diseases of the nervous system,Restless leg syndrome,43808,109,1.05 [0.84-1.31],0.6975920127559393
ARHGAP45,Rho GTPase-activating protein 45,Chapter VI Diseases of the nervous system,Sleep apnoea,43411,802,0.99 [0.92-1.08],0.8886594979775612
ARHGAP45,Rho GTPase-activating protein 45,Chapter VI Diseases of the nervous system,Small fibre neuropathy,43275,83,1.13 [0.88-1.46],0.345510100830333
ARHGAP45,Rho GTPase-activating protein 45,Chapter VI Diseases of the nervous system,Systemic atrophies primarily affecting the central nervous system,43784,299,0.98 [0.85-1.12],0.754070347155952
ARHGAP45,Rho GTPase-activating protein 45,Chapter VI Diseases of the nervous system,Trigeminal neuralgia,40751,86,1.02 [0.80-1.32],0.8502496762310459
ARHGAP45,Rho GTPase-activating protein 45,Chapter VI Diseases of the nervous system,Unspecific neurodegenerative disorder,43810,572,0.93 [0.84-1.03],0.1559300690309125
ARHGAP45,Rho GTPase-activating protein 45,Chapter VI Diseases of the nervous system,Vascular dementia (undefined),42939,203,0.90 [0.76-1.06],0.1947285182273067
ARHGAP45,Rho GTPase-activating protein 45,"Chapter VII Diseases of the eye, adnexa, ear and mastoid process",Amblyopia ex anopsia,42860,160,0.97 [0.81-1.17],0.7783979909407648
ARHGAP45,Rho GTPase-activating protein 45,"Chapter VII Diseases of the eye, adnexa, ear and mastoid process",Astigmatism,43120,660,0.94 [0.85-1.03],0.156903781211866
ARHGAP45,Rho GTPase-activating protein 45,"Chapter VII Diseases of the eye, adnexa, ear and mastoid process",Background diabetic retinopathy,43540,387,0.94 [0.83-1.06],0.3087157153320274
ARHGAP45,Rho GTPase-activating protein 45,"Chapter VII Diseases of the eye, adnexa, ear and mastoid process",Blepharochalasis,42102,93,0.98 [0.77-1.25],0.8620908939351436
ARHGAP45,Rho GTPase-activating protein 45,"Chapter VII Diseases of the eye, adnexa, ear and mastoid process",Chalazion,42107,98,1.33 [1.06-1.68],0.0146129706863066
ARHGAP45,Rho GTPase-activating protein 45,"Chapter VII Diseases of the eye, adnexa, ear and mastoid process","Conjunctivitis (acute, non atopic)",43623,92,1.07 [0.84-1.37],0.5684491894931074
ARHGAP45,Rho GTPase-activating protein 45,"Chapter VII Diseases of the eye, adnexa, ear and mastoid process",Corneal degeneration,43370,245,0.94 [0.81-1.09],0.4191490732398641
ARHGAP45,Rho GTPase-activating protein 45,"Chapter VII Diseases of the eye, adnexa, ear and mastoid process","Diabetic nephropathy, excluding more controls",3556,85,0.87 [0.67-1.12],0.2735470789788677
ARHGAP45,Rho GTPase-activating protein 45,"Chapter VII Diseases of the eye, adnexa, ear and mastoid process",Diabetic neuropathy,4292,164,0.93 [0.77-1.12],0.4604618542869294
ARHGAP45,Rho GTPase-activating protein 45,"Chapter VII Diseases of the eye, adnexa, ear and mastoid process",Diplopia,42864,164,1.11 [0.93-1.34],0.2400110897150811
ARHGAP45,Rho GTPase-activating protein 45,"Chapter VII Diseases of the eye, adnexa, ear and mastoid process",Disorders of choroid and retina,43471,1747,1.03 [0.97-1.09],0.3364730742151402
ARHGAP45,Rho GTPase-activating protein 45,"Chapter VII Diseases of the eye, adnexa, ear and mastoid process","Disorders of eyelid, lacrimal system and orbit",43182,1173,0.99 [0.93-1.06],0.8007906449780772
ARHGAP45,Rho GTPase-activating protein 45,"Chapter VII Diseases of the eye, adnexa, ear and mastoid process",Disorders of lacrimal system,42384,375,0.99 [0.88-1.12],0.9001671813185479
ARHGAP45,Rho GTPase-activating protein 45,"Chapter VII Diseases of the eye, adnexa, ear and mastoid process","Disorders of ocular muscles, binocular movement, accommodation and refraction",43673,1213,0.98 [0.91-1.04],0.4782811329478997
ARHGAP45,Rho GTPase-activating protein 45,"Chapter VII Diseases of the eye, adnexa, ear and mastoid process",Disorders of optic nerve and visual pathways,43798,117,1.10 [0.89-1.37],0.376983003301809
ARHGAP45,Rho GTPase-activating protein 45,"Chapter VII Diseases of the eye, adnexa, ear and mastoid process",Disorders of refraction and accommodation,43552,1092,0.97 [0.90-1.04],0.4056911445325155
ARHGAP45,Rho GTPase-activating protein 45,"Chapter VII Diseases of the eye, adnexa, ear and mastoid process","Disorders of sclera, cornea, iris and ciliary body",43739,614,0.97 [0.88-1.07],0.5665995447756785
ARHGAP45,Rho GTPase-activating protein 45,"Chapter VII Diseases of the eye, adnexa, ear and mastoid process",Disorders of vitreous body,43650,315,0.96 [0.84-1.09],0.5272837809802786
ARHGAP45,Rho GTPase-activating protein 45,"Chapter VII Diseases of the eye, adnexa, ear and mastoid process",Ectropion of eyelid,42114,105,1.17 [0.93-1.48],0.1721401389422152
ARHGAP45,Rho GTPase-activating protein 45,"Chapter VII Diseases of the eye, adnexa, ear and mastoid process",Entropion and trichiasis of eyelid,42125,116,1.04 [0.84-1.29],0.7241452569910606
ARHGAP45,Rho GTPase-activating protein 45,"Chapter VII Diseases of the eye, adnexa, ear and mastoid process",Epiphora,42104,95,1.00 [0.78-1.27],0.9833692647149136
ARHGAP45,Rho GTPase-activating protein 45,"Chapter VII Diseases of the eye, adnexa, ear and mastoid process",Glaucoma,43652,1192,0.98 [0.91-1.04],0.4849291196720257
ARHGAP45,Rho GTPase-activating protein 45,"Chapter VII Diseases of the eye, adnexa, ear and mastoid process",Glaucoma suspect,42774,314,0.88 [0.77-1.00],0.0534362168142949
ARHGAP45,Rho GTPase-activating protein 45,"Chapter VII Diseases of the eye, adnexa, ear and mastoid process",Hypermetropia,42539,79,0.84 [0.64-1.09],0.1860149458563028
ARHGAP45,Rho GTPase-activating protein 45,"Chapter VII Diseases of the eye, adnexa, ear and mastoid process",Iridocyclitis,43297,172,0.96 [0.80-1.14],0.6267040795295911
ARHGAP45,Rho GTPase-activating protein 45,"Chapter VII Diseases of the eye, adnexa, ear and mastoid process",Keratitis,43581,456,0.97 [0.87-1.08],0.5570718902131633
ARHGAP45,Rho GTPase-activating protein 45,"Chapter VII Diseases of the eye, adnexa, ear and mastoid process",Myopia,42792,332,1.03 [0.91-1.17],0.6396755956681628
ARHGAP45,Rho GTPase-activating protein 45,"Chapter VII Diseases of the eye, adnexa, ear and mastoid process",Other and unspecified disorders of vitreous body,43525,190,0.93 [0.79-1.11],0.4409367658095345
ARHGAP45,Rho GTPase-activating protein 45,"Chapter VII Diseases of the eye, adnexa, ear and mastoid process",Other and unspecified glaucoma,43238,778,1.00 [0.92-1.09],0.9420859898652988
ARHGAP45,Rho GTPase-activating protein 45,"Chapter VII Diseases of the eye, adnexa, ear and mastoid process",Other and unspecified visual disturbances,42933,233,1.06 [0.91-1.23],0.473004177206452
ARHGAP45,Rho GTPase-activating protein 45,"Chapter VII Diseases of the eye, adnexa, ear and mastoid process",Other cataract,41130,3701,1.03 [0.99-1.07],0.097919961471688
ARHGAP45,Rho GTPase-activating protein 45,"Chapter VII Diseases of the eye, adnexa, ear and mastoid process",Other disorders of cornea,43522,397,0.96 [0.85-1.08],0.5135562773578656
ARHGAP45,Rho GTPase-activating protein 45,"Chapter VII Diseases of the eye, adnexa, ear and mastoid process",Other disorders of eye and adnexa,43775,258,1.04 [0.90-1.20],0.6162407034320401
ARHGAP45,Rho GTPase-activating protein 45,"Chapter VII Diseases of the eye, adnexa, ear and mastoid process",Other disorders of eyelid,42713,704,1.00 [0.91-1.09],0.9488313039853492
ARHGAP45,Rho GTPase-activating protein 45,"Chapter VII Diseases of the eye, adnexa, ear and mastoid process",Other disorders of iris and ciliary body,43242,117,0.90 [0.73-1.12],0.3611624952022102
ARHGAP45,Rho GTPase-activating protein 45,"Chapter VII Diseases of the eye, adnexa, ear and mastoid process",Other disorders of optic [2nd] nerve and visual pathways,43774,93,1.15 [0.90-1.47],0.2544990692527593
ARHGAP45,Rho GTPase-activating protein 45,"Chapter VII Diseases of the eye, adnexa, ear and mastoid process",Other inflammation of eyelid,42152,143,0.90 [0.74-1.09],0.2806625278403964
ARHGAP45,Rho GTPase-activating protein 45,"Chapter VII Diseases of the eye, adnexa, ear and mastoid process",Other specified and unspecified  disorders of eyelid,42266,257,0.89 [0.77-1.03],0.1221102422136862
ARHGAP45,Rho GTPase-activating protein 45,"Chapter VII Diseases of the eye, adnexa, ear and mastoid process",Other specified and unspecified retinal disorders,41923,199,1.05 [0.89-1.24],0.5401837298713877
ARHGAP45,Rho GTPase-activating protein 45,"Chapter VII Diseases of the eye, adnexa, ear and mastoid process",Other strabismus,42556,96,0.94 [0.74-1.19],0.6032804164646253
ARHGAP45,Rho GTPase-activating protein 45,"Chapter VII Diseases of the eye, adnexa, ear and mastoid process","Other, unspecified and serous retinal detachments",41836,112,0.86 [0.69-1.08],0.1981686920924093
ARHGAP45,Rho GTPase-activating protein 45,"Chapter VII Diseases of the eye, adnexa, ear and mastoid process",Primary angle-closure glaucoma,42605,145,0.94 [0.77-1.14],0.5376782007275485
ARHGAP45,Rho GTPase-activating protein 45,"Chapter VII Diseases of the eye, adnexa, ear and mastoid process","Primary open-angle glaucoma, strict",42785,325,1.01 [0.89-1.15],0.8575734145913106
ARHGAP45,Rho GTPase-activating protein 45,"Chapter VII Diseases of the eye, adnexa, ear and mastoid process",Ptosis of eyelid,42218,209,1.09 [0.93-1.29],0.282838662639426
ARHGAP45,Rho GTPase-activating protein 45,"Chapter VII Diseases of the eye, adnexa, ear and mastoid process",Retinal detachment with retinal break,41913,189,1.35 [1.14-1.59],0.0004604057586644
ARHGAP45,Rho GTPase-activating protein 45,"Chapter VII Diseases of the eye, adnexa, ear and mastoid process",Retinal vascular occlusion,41858,134,0.99 [0.81-1.21],0.9338351559963904
ARHGAP45,Rho GTPase-activating protein 45,"Chapter VII Diseases of the eye, adnexa, ear and mastoid process",Senile cataract,40432,3003,1.00 [0.96-1.04],0.9640882484375828
ARHGAP45,Rho GTPase-activating protein 45,"Chapter VII Diseases of the eye, adnexa, ear and mastoid process",Stenosis and insufficiency of lacrimal passages,42134,125,1.03 [0.83-1.27],0.7992702053629229
ARHGAP45,Rho GTPase-activating protein 45,"Chapter VII Diseases of the eye, adnexa, ear and mastoid process",Visual disturbances,43390,690,1.07 [0.98-1.17],0.15146448398851
ARHGAP45,Rho GTPase-activating protein 45,"Chapter VII Diseases of the eye, adnexa, ear and mastoid process",Visual field defects,42800,100,1.04 [0.82-1.31],0.7503485536775186
ARHGAP45,Rho GTPase-activating protein 45,"Chapter VII Diseases of the eye, adnexa, ear and mastoid process",Visual impairment including blindness (binocular or monocular),42966,266,1.01 [0.88-1.17],0.8399046166902715
ARHGAP45,Rho GTPase-activating protein 45,Chapter VIII Diseases of the ear and mastoid process,Benign paroxysmal vertigo,43433,152,0.83 [0.69-1.01],0.0619644546651293
ARHGAP45,Rho GTPase-activating protein 45,Chapter VIII Diseases of the ear and mastoid process,Diseases of external ear,43733,200,1.02 [0.87-1.21],0.790869450799584
ARHGAP45,Rho GTPase-activating protein 45,Chapter VIII Diseases of the ear and mastoid process,Diseases of middle ear and mastoid,43587,219,1.04 [0.88-1.21],0.6638231710287912
ARHGAP45,Rho GTPase-activating protein 45,Chapter VIII Diseases of the ear and mastoid process,Labyrinthitis,43390,109,1.00 [0.80-1.25],0.984454487943598
ARHGAP45,Rho GTPase-activating protein 45,Chapter VIII Diseases of the ear and mastoid process,Mnire disease,43388,107,1.02 [0.81-1.27],0.8927454843887762
ARHGAP45,Rho GTPase-activating protein 45,Chapter VIII Diseases of the ear and mastoid process,Other disorders of ear,43634,1487,1.03 [0.97-1.09],0.3754759804394574
ARHGAP45,Rho GTPase-activating protein 45,Chapter VIII Diseases of the ear and mastoid process,Other specified/unspecified hearing loss,43210,1063,1.05 [0.97-1.12],0.2118862347587653
ARHGAP45,Rho GTPase-activating protein 45,Chapter VIII Diseases of the ear and mastoid process,Sensorineural hearing loss,42357,210,0.89 [0.76-1.05],0.1735077023452723
ARHGAP45,Rho GTPase-activating protein 45,Chapter VIII Diseases of the ear and mastoid process,Tinnitus,42293,146,1.21 [1.00-1.46],0.0540185921060736
ARHGAP45,Rho GTPase-activating protein 45,Chapter X Diseases of the respiratory system,Acute pharyngitis,43383,118,0.85 [0.68-1.06],0.1399829522298468
ARHGAP45,Rho GTPase-activating protein 45,Chapter X Diseases of the respiratory system,Acute upper respiratory infections,43625,360,0.93 [0.82-1.05],0.2304955600089912
ARHGAP45,Rho GTPase-activating protein 45,Chapter X Diseases of the respiratory system,Acute upper respiratory infections of multiple and unspecified sites,43370,105,0.92 [0.73-1.16],0.4955255853441123
ARHGAP45,Rho GTPase-activating protein 45,Chapter X Diseases of the respiratory system,All influenza,40440,199,1.04 [0.88-1.23],0.6104408621830333
ARHGAP45,Rho GTPase-activating protein 45,Chapter X Diseases of the respiratory system,All influenza (not pneumonia),40436,195,1.08 [0.91-1.27],0.3883302619898907
ARHGAP45,Rho GTPase-activating protein 45,Chapter X Diseases of the respiratory system,Allergic asthma (mode),30029,200,1.14 [0.96-1.34],0.1295649417971981
ARHGAP45,Rho GTPase-activating protein 45,Chapter X Diseases of the respiratory system,Allergic rhinitis,43604,476,1.10 [0.99-1.22],0.0802481040195377
ARHGAP45,Rho GTPase-activating protein 45,Chapter X Diseases of the respiratory system,"Asthma, excluding more controls",32413,3033,1.04 [1.00-1.09],0.0562442619904931
ARHGAP45,Rho GTPase-activating protein 45,Chapter X Diseases of the respiratory system,"Asthma, unspecified (mode)",32814,2985,1.04 [1.00-1.09],0.0617369165459369
ARHGAP45,Rho GTPase-activating protein 45,Chapter X Diseases of the respiratory system,Bacterial pneumonia (organism specified),43120,239,1.07 [0.92-1.24],0.4070869877399357
ARHGAP45,Rho GTPase-activating protein 45,Chapter X Diseases of the respiratory system,"Bacterial pneumonia, not elsewhere classified",40379,138,1.15 [0.94-1.40],0.1675425851659515
ARHGAP45,Rho GTPase-activating protein 45,Chapter X Diseases of the respiratory system,Bronchiectasis,37919,589,1.19 [1.08-1.31],0.0004472444535144
ARHGAP45,Rho GTPase-activating protein 45,Chapter X Diseases of the respiratory system,"Bronchitis, not specified as acute or chronic",37427,97,1.41 [1.12-1.78],0.0039094573519181
ARHGAP45,Rho GTPase-activating protein 45,Chapter X Diseases of the respiratory system,Chronic lower respiratory diseases,42082,4752,1.04 [1.01-1.08],0.0118808602212238
ARHGAP45,Rho GTPase-activating protein 45,Chapter X Diseases of the respiratory system,"Chronic rhinitis, nasopharyngitis and pharyngitis",41470,123,0.98 [0.80-1.22],0.8864517229611327
ARHGAP45,Rho GTPase-activating protein 45,Chapter X Diseases of the respiratory system,Chronic sinusitis,41603,256,1.14 [0.99-1.32],0.0694491676892659
ARHGAP45,Rho GTPase-activating protein 45,Chapter X Diseases of the respiratory system,"COPD, hospital admissions 1, only main diagnosis",43470,1998,1.02 [0.97-1.08],0.4307843362551671
ARHGAP45,Rho GTPase-activating protein 45,Chapter X Diseases of the respiratory system,Deviated nasal septum,41534,187,1.00 [0.84-1.19],0.9978339856762304
ARHGAP45,Rho GTPase-activating protein 45,Chapter X Diseases of the respiratory system,Diseases of the respiratory system,40283,8866,1.03 [1.00-1.06],0.0219134263206476
ARHGAP45,Rho GTPase-activating protein 45,Chapter X Diseases of the respiratory system,"Diseases of vocal cords and larynx+other diseases of upper respiratory tract, no elsewhere classified",41975,628,1.00 [0.91-1.10],0.9852393312221552
ARHGAP45,Rho GTPase-activating protein 45,Chapter X Diseases of the respiratory system,Early onset COPD,42025,553,1.01 [0.91-1.11],0.8818254447324075
ARHGAP45,Rho GTPase-activating protein 45,Chapter X Diseases of the respiratory system,Emphysema,37868,538,1.10 [0.99-1.21],0.0664392185825769
ARHGAP45,Rho GTPase-activating protein 45,Chapter X Diseases of the respiratory system,Idiopathic pulmonary fibrosis,41558,505,1.03 [0.93-1.14],0.5878434553728664
ARHGAP45,Rho GTPase-activating protein 45,Chapter X Diseases of the respiratory system,Influenza and pneumonia,43423,3182,1.01 [0.97-1.05],0.5880559235350332
ARHGAP45,Rho GTPase-activating protein 45,Chapter X Diseases of the respiratory system,Interstitial lung disease,41615,562,1.06 [0.96-1.17],0.2463017569442867
ARHGAP45,Rho GTPase-activating protein 45,Chapter X Diseases of the respiratory system,Later onset COPD,42062,1445,1.03 [0.97-1.10],0.278614889450488
ARHGAP45,Rho GTPase-activating protein 45,Chapter X Diseases of the respiratory system,Lung diseases due to external agents,43789,516,0.99 [0.89-1.10],0.8468349487744202
ARHGAP45,Rho GTPase-activating protein 45,Chapter X Diseases of the respiratory system,Nasal polyp,41539,192,1.06 [0.90-1.26],0.464227817018917
ARHGAP45,Rho GTPase-activating protein 45,Chapter X Diseases of the respiratory system,Other acute lower respiratory infections,43374,1628,1.04 [0.98-1.10],0.1784891051757602
ARHGAP45,Rho GTPase-activating protein 45,Chapter X Diseases of the respiratory system,Other diseases of pleura,43412,3353,1.04 [1.00-1.09],0.0342327435108758
ARHGAP45,Rho GTPase-activating protein 45,Chapter X Diseases of the respiratory system,Other diseases of upper respiratory tract,42772,1425,1.06 [1.00-1.13],0.0585171751195298
ARHGAP45,Rho GTPase-activating protein 45,Chapter X Diseases of the respiratory system,Other pleural conditions,40144,85,0.86 [0.67-1.11],0.2559412861430514
ARHGAP45,Rho GTPase-activating protein 45,Chapter X Diseases of the respiratory system,Other respiratory diseases principally affecting the interstitium,43638,694,1.03 [0.94-1.12],0.5521182386250818
ARHGAP45,Rho GTPase-activating protein 45,Chapter X Diseases of the respiratory system,Other respiratory disorders and diseases,43631,2200,1.06 [1.01-1.12],0.0136897743346744
ARHGAP45,Rho GTPase-activating protein 45,Chapter X Diseases of the respiratory system,Pleural effusion,41706,1647,1.01 [0.96-1.08],0.6205331441814519
ARHGAP45,Rho GTPase-activating protein 45,Chapter X Diseases of the respiratory system,Pleural plaque,40325,266,1.02 [0.89-1.18],0.7593199929777853
ARHGAP45,Rho GTPase-activating protein 45,Chapter X Diseases of the respiratory system,"Pneumonia, organism unspecified",42997,2756,1.01 [0.96-1.05],0.8198510020597112
ARHGAP45,Rho GTPase-activating protein 45,Chapter X Diseases of the respiratory system,Pneumonitis due to solids and liquids,43675,402,1.01 [0.90-1.14],0.8561007974010633
ARHGAP45,Rho GTPase-activating protein 45,Chapter X Diseases of the respiratory system,Pneumothorax,40268,209,0.96 [0.81-1.12],0.582226518825288
ARHGAP45,Rho GTPase-activating protein 45,Chapter X Diseases of the respiratory system,Pollen allergy,43775,407,1.11 [0.99-1.25],0.0656549790639513
ARHGAP45,Rho GTPase-activating protein 45,Chapter X Diseases of the respiratory system,Pulmonary oedema,43053,109,0.83 [0.66-1.04],0.0997801859876577
ARHGAP45,Rho GTPase-activating protein 45,Chapter X Diseases of the respiratory system,Respiratory insufficiency,29921,92,1.30 [1.02-1.66],0.0315034419228264
ARHGAP45,Rho GTPase-activating protein 45,Chapter X Diseases of the respiratory system,Unspecified acute lower respiratory infection,43339,1593,1.04 [0.98-1.10],0.2433924304180061
ARHGAP45,Rho GTPase-activating protein 45,Chapter X Diseases of the respiratory system,Vasomotor and allergic rhinitis,41824,477,1.10 [0.99-1.23],0.0685914830105344
ARHGAP45,Rho GTPase-activating protein 45,Chapter X Diseases of the respiratory system,Viral pneumonia,40649,408,1.02 [0.91-1.14],0.7572572645516917
ARHGAP45,Rho GTPase-activating protein 45,Chapter X Diseases of the respiratory system,"Viral pneumonia (unknown virus, not influenza)",43148,335,0.99 [0.87-1.12],0.8409084302867236
ARHGAP45,Rho GTPase-activating protein 45,Chapter X Diseases of the respiratory system,Vocal cord dysfunction,20214,187,0.94 [0.79-1.12],0.4988175772225857
ARHGAP45,Rho GTPase-activating protein 45,Chapter XI Diseases of the digestive system,Abscess of anal and rectal regions,31029,106,0.99 [0.78-1.24],0.9021580982003976
ARHGAP45,Rho GTPase-activating protein 45,Chapter XI Diseases of the digestive system,Acute appendicitis,43532,240,0.89 [0.76-1.03],0.123620933201696
ARHGAP45,Rho GTPase-activating protein 45,Chapter XI Diseases of the digestive system,Acute gastritis,33032,143,1.04 [0.86-1.26],0.6965752897111206
ARHGAP45,Rho GTPase-activating protein 45,Chapter XI Diseases of the digestive system,Acute pancreatitis,40688,314,1.03 [0.90-1.17],0.6818338723681641
ARHGAP45,Rho GTPase-activating protein 45,Chapter XI Diseases of the digestive system,Acute peritonitis,43004,151,1.09 [0.90-1.31],0.3932047416979007
ARHGAP45,Rho GTPase-activating protein 45,Chapter XI Diseases of the digestive system,Alcoholic liver disease,42307,127,0.81 [0.65-1.00],0.0451002984989902
ARHGAP45,Rho GTPase-activating protein 45,Chapter XI Diseases of the digestive system,Barrett oesophagus,33632,743,1.02 [0.94-1.11],0.6659576998312411
ARHGAP45,Rho GTPase-activating protein 45,Chapter XI Diseases of the digestive system,"Cholangitis (primary sclerosing, PSC)",40547,173,1.05 [0.88-1.26],0.5705425022747644
ARHGAP45,Rho GTPase-activating protein 45,Chapter XI Diseases of the digestive system,"Cholangitis (primary sclerosing, PSC), with reimbursement 202",43102,173,1.05 [0.88-1.26],0.585338418093733
ARHGAP45,Rho GTPase-activating protein 45,Chapter XI Diseases of the digestive system,Cholecystitis,40714,340,0.96 [0.85-1.09],0.5263214229429354
ARHGAP45,Rho GTPase-activating protein 45,Chapter XI Diseases of the digestive system,Cholelithiasis,42085,1711,1.02 [0.96-1.08],0.5583013607444047
ARHGAP45,Rho GTPase-activating protein 45,Chapter XI Diseases of the digestive system,Chronic gastritis,33399,510,1.04 [0.94-1.16],0.4112474256376057
ARHGAP45,Rho GTPase-activating protein 45,Chapter XI Diseases of the digestive system,Chronic pancreatitis,40458,84,0.79 [0.61-1.02],0.0733630751336112
ARHGAP45,Rho GTPase-activating protein 45,Chapter XI Diseases of the digestive system,"Cirrhosis of liver, NAS",43564,186,0.77 [0.65-0.92],0.0038118129295738
ARHGAP45,Rho GTPase-activating protein 45,Chapter XI Diseases of the digestive system,Coeliac disease,41116,201,1.11 [0.94-1.31],0.2141132364123332
ARHGAP45,Rho GTPase-activating protein 45,Chapter XI Diseases of the digestive system,Collagenous colitis,40943,135,1.00 [0.82-1.22],0.983610363275194
ARHGAP45,Rho GTPase-activating protein 45,Chapter XI Diseases of the digestive system,Colonic or urogenital fistula,43544,321,0.97 [0.85-1.11],0.6493568091733652
ARHGAP45,Rho GTPase-activating protein 45,Chapter XI Diseases of the digestive system,Constipation,43380,2760,1.00 [0.95-1.04],0.850608894699204
ARHGAP45,Rho GTPase-activating protein 45,Chapter XI Diseases of the digestive system,Crohn disease,40960,152,0.99 [0.82-1.20],0.9361656551556192
ARHGAP45,Rho GTPase-activating protein 45,Chapter XI Diseases of the digestive system,"Crohn disease (strict definition, all UC cases excluded)",43205,108,0.95 [0.76-1.20],0.6880794425192658
ARHGAP45,Rho GTPase-activating protein 45,Chapter XI Diseases of the digestive system,Crohn's disease NAS,40949,141,1.03 [0.85-1.26],0.7537349110208131
ARHGAP45,Rho GTPase-activating protein 45,Chapter XI Diseases of the digestive system,Dental caries,42549,381,1.05 [0.93-1.18],0.4598610741962214
ARHGAP45,Rho GTPase-activating protein 45,Chapter XI Diseases of the digestive system,Diaphragmatic hernia,39316,3732,1.00 [0.96-1.04],0.9838609236711592
ARHGAP45,Rho GTPase-activating protein 45,Chapter XI Diseases of the digestive system,Diseases of appendix,43593,301,0.95 [0.83-1.08],0.4258162705791062
ARHGAP45,Rho GTPase-activating protein 45,Chapter XI Diseases of the digestive system,Diseases of liver,43604,1424,0.98 [0.92-1.04],0.5372548850920171
ARHGAP45,Rho GTPase-activating protein 45,Chapter XI Diseases of the digestive system,"Diseases of oesophagus, stomach and duodenum",40125,7236,1.01 [0.98-1.04],0.4224537710381915
ARHGAP45,Rho GTPase-activating protein 45,Chapter XI Diseases of the digestive system,"Diseases of oral cavity, salivary glands and jaws",43098,930,1.03 [0.95-1.11],0.4536344652198864
ARHGAP45,Rho GTPase-activating protein 45,Chapter XI Diseases of the digestive system,Diseases of peritoneum,43670,817,1.06 [0.98-1.15],0.1459731969033346
ARHGAP45,Rho GTPase-activating protein 45,Chapter XI Diseases of the digestive system,Diseases of pulp and periapical tissues,42360,192,1.09 [0.92-1.29],0.3034601707783519
ARHGAP45,Rho GTPase-activating protein 45,Chapter XI Diseases of the digestive system,Diseases of salivary glands,42119,108,1.18 [0.94-1.47],0.1537019710041107
ARHGAP45,Rho GTPase-activating protein 45,Chapter XI Diseases of the digestive system,Diseases of the digestive system,43293,2378,1.00 [0.96-1.05],0.932994635084008
ARHGAP45,Rho GTPase-activating protein 45,Chapter XI Diseases of the digestive system,Diseases of tongue,42129,183,1.06 [0.90-1.26],0.4827206932755316
ARHGAP45,Rho GTPase-activating protein 45,Chapter XI Diseases of the digestive system,"Disorders of gallbladder, biliary tract and pancreas",42772,2398,1.01 [0.97-1.06],0.577869394883668
ARHGAP45,Rho GTPase-activating protein 45,Chapter XI Diseases of the digestive system,Diverticular disease of intestine,36262,5339,1.02 [0.98-1.05],0.3142715009070711
ARHGAP45,Rho GTPase-activating protein 45,Chapter XI Diseases of the digestive system,Duodenal ulcer,33220,331,1.02 [0.90-1.16],0.7404831184995764
ARHGAP45,Rho GTPase-activating protein 45,Chapter XI Diseases of the digestive system,"Duodenal ulcer - Unspecified as acute or chronic, without haemorrhage or perforation, drug-induced",43660,263,1.04 [0.90-1.21],0.5560193221784768
ARHGAP45,Rho GTPase-activating protein 45,Chapter XI Diseases of the digestive system,Embedded and impacted teeth,43670,90,1.37 [1.07-1.74],0.0113385668809558
ARHGAP45,Rho GTPase-activating protein 45,Chapter XI Diseases of the digestive system,Fibrosis and cirrhosis of liver,42402,222,0.84 [0.72-0.98],0.0293200254524079
ARHGAP45,Rho GTPase-activating protein 45,Chapter XI Diseases of the digestive system,Fissure and fistula of anal and rectal regions,31171,248,1.01 [0.87-1.17],0.9341123246169358
ARHGAP45,Rho GTPase-activating protein 45,Chapter XI Diseases of the digestive system,Functional dyspepsia,33826,937,1.04 [0.96-1.12],0.36243581545551
ARHGAP45,Rho GTPase-activating protein 45,Chapter XI Diseases of the digestive system,Gastric ulcer,33494,605,0.97 [0.88-1.06],0.4813181435989352
ARHGAP45,Rho GTPase-activating protein 45,Chapter XI Diseases of the digestive system,Gastro-oesophageal reflux disease,37094,4205,1.01 [0.98-1.05],0.4555765324570111
ARHGAP45,Rho GTPase-activating protein 45,Chapter XI Diseases of the digestive system,Gastroduodenal ulcer,33792,903,0.98 [0.91-1.06],0.5903176096367884
ARHGAP45,Rho GTPase-activating protein 45,Chapter XI Diseases of the digestive system,Gastrointestinal diseases,33907,13937,1.01 [0.99-1.03],0.2303444437715047
ARHGAP45,Rho GTPase-activating protein 45,Chapter XI Diseases of the digestive system,GI-bleeding,42847,1932,0.98 [0.93-1.03],0.437703408034326
ARHGAP45,Rho GTPase-activating protein 45,Chapter XI Diseases of the digestive system,Gingivitis and periodontal diseases,42272,104,1.04 [0.82-1.30],0.7691331007665178
ARHGAP45,Rho GTPase-activating protein 45,Chapter XI Diseases of the digestive system,Haemorrhoids and perianal venous thrombosis,32554,2110,1.00 [0.95-1.05],0.9879690694183187
ARHGAP45,Rho GTPase-activating protein 45,Chapter XI Diseases of the digestive system,"Hepatic failure, not elsewhere classified",42284,104,0.78 [0.62-0.98],0.0367658543839949
ARHGAP45,Rho GTPase-activating protein 45,Chapter XI Diseases of the digestive system,Hernia,41030,5446,1.01 [0.98-1.04],0.6035946223005905
ARHGAP45,Rho GTPase-activating protein 45,Chapter XI Diseases of the digestive system,Impacted teeth,43681,84,1.46 [1.14-1.88],0.0026407622805288
ARHGAP45,Rho GTPase-activating protein 45,Chapter XI Diseases of the digestive system,Impaction of intestines,31019,96,1.06 [0.83-1.34],0.653881143757179
ARHGAP45,Rho GTPase-activating protein 45,Chapter XI Diseases of the digestive system,Inguinal hernia,37109,1525,1.01 [0.95-1.07],0.6987592031509757
ARHGAP45,Rho GTPase-activating protein 45,Chapter XI Diseases of the digestive system,"Inguinal hernia, bilateral",35753,169,1.00 [0.83-1.20],0.9920604859037628
ARHGAP45,Rho GTPase-activating protein 45,Chapter XI Diseases of the digestive system,Intestinal adhesions without obstruction,31082,159,0.85 [0.71-1.03],0.1040193198325879
ARHGAP45,Rho GTPase-activating protein 45,Chapter XI Diseases of the digestive system,Intestinal malabsorption,41156,241,1.12 [0.97-1.30],0.1320610234884844
ARHGAP45,Rho GTPase-activating protein 45,Chapter XI Diseases of the digestive system,Irritable bowel syndrome,31857,934,1.02 [0.95-1.11],0.5424866431657649
ARHGAP45,Rho GTPase-activating protein 45,Chapter XI Diseases of the digestive system,Nonalcoholic fatty liver disease,43761,617,1.09 [0.99-1.20],0.0737960969880264
ARHGAP45,Rho GTPase-activating protein 45,Chapter XI Diseases of the digestive system,Noninfectious colitis NAS,42084,1276,1.09 [1.02-1.16],0.0125490528150052
ARHGAP45,Rho GTPase-activating protein 45,Chapter XI Diseases of the digestive system,Noninfective enteritis and colitis,42506,1698,1.06 [1.00-1.12],0.047288138715998
ARHGAP45,Rho GTPase-activating protein 45,Chapter XI Diseases of the digestive system,Oesophageal obstruction,33196,307,1.01 [0.89-1.16],0.850857509186854
ARHGAP45,Rho GTPase-activating protein 45,Chapter XI Diseases of the digestive system,Oesophagitis,33911,1022,1.04 [0.97-1.12],0.2434418410745738
ARHGAP45,Rho GTPase-activating protein 45,Chapter XI Diseases of the digestive system,Oral lichen ruber planus,43721,229,1.11 [0.95-1.29],0.1888414503243818
ARHGAP45,Rho GTPase-activating protein 45,Chapter XI Diseases of the digestive system,Other and unspecified abdominal hernia,35695,111,1.17 [0.93-1.45],0.1755862663456382
ARHGAP45,Rho GTPase-activating protein 45,Chapter XI Diseases of the digestive system,Other diseases of anus and rectum,33217,2294,1.00 [0.95-1.05],0.9377950980373646
ARHGAP45,Rho GTPase-activating protein 45,Chapter XI Diseases of the digestive system,Other diseases of biliary tract,40843,469,0.99 [0.89-1.10],0.8192210147872379
ARHGAP45,Rho GTPase-activating protein 45,Chapter XI Diseases of the digestive system,Other diseases of gallbladder,40640,266,0.96 [0.83-1.11],0.5547136164943649
ARHGAP45,Rho GTPase-activating protein 45,Chapter XI Diseases of the digestive system,Other diseases of intestine,33893,2970,0.97 [0.93-1.01],0.1708724422492862
ARHGAP45,Rho GTPase-activating protein 45,Chapter XI Diseases of the digestive system,Other diseases of intestines,40387,9464,0.99 [0.97-1.02],0.5553709334104271
ARHGAP45,Rho GTPase-activating protein 45,Chapter XI Diseases of the digestive system,Other diseases of lip and oral mucosa,42100,351,1.09 [0.96-1.24],0.1671498190436267
ARHGAP45,Rho GTPase-activating protein 45,Chapter XI Diseases of the digestive system,Other diseases of liver,43341,1161,0.97 [0.91-1.04],0.4149975437536874
ARHGAP45,Rho GTPase-activating protein 45,Chapter XI Diseases of the digestive system,Other diseases of oesophagus,34027,1138,0.99 [0.93-1.07],0.8705575951091233
ARHGAP45,Rho GTPase-activating protein 45,Chapter XI Diseases of the digestive system,Other diseases of pancreas,40620,246,0.94 [0.81-1.09],0.4335393879286436
ARHGAP45,Rho GTPase-activating protein 45,Chapter XI Diseases of the digestive system,Other diseases of peritoneum,43557,704,1.06 [0.97-1.16],0.1655178242676958
ARHGAP45,Rho GTPase-activating protein 45,Chapter XI Diseases of the digestive system,Other diseases of stomach and duodenum,34485,1596,1.00 [0.94-1.06],0.9559125265465556
ARHGAP45,Rho GTPase-activating protein 45,Chapter XI Diseases of the digestive system,Other diseases of the digestive system,42873,1958,0.98 [0.93-1.03],0.4398339243607041
ARHGAP45,Rho GTPase-activating protein 45,Chapter XI Diseases of the digestive system,Other disorders of teeth and supporting structures,42467,299,0.98 [0.85-1.12],0.7143970872959232
ARHGAP45,Rho GTPase-activating protein 45,Chapter XI Diseases of the digestive system,Other functional intestinal disorders,33764,2841,0.99 [0.95-1.04],0.6989320345500034
ARHGAP45,Rho GTPase-activating protein 45,Chapter XI Diseases of the digestive system,Other gastritis (incl. Duodenitis),36262,3373,0.97 [0.94-1.01],0.2072466530004451
ARHGAP45,Rho GTPase-activating protein 45,Chapter XI Diseases of the digestive system,Other inflammatory liver diseases,42351,171,0.86 [0.72-1.03],0.09416987922042
ARHGAP45,Rho GTPase-activating protein 45,Chapter XI Diseases of the digestive system,Other noninfective gastroenteritis and colitis,42297,1489,1.05 [0.99-1.12],0.1087334761407369
ARHGAP45,Rho GTPase-activating protein 45,Chapter XI Diseases of the digestive system,"Other or unspecified ileus, impaction or obstruction",31501,578,0.99 [0.90-1.09],0.8800051130304227
ARHGAP45,Rho GTPase-activating protein 45,Chapter XI Diseases of the digestive system,Palatinal maxillary canine,43652,107,1.32 [1.06-1.65],0.0139549908878986
ARHGAP45,Rho GTPase-activating protein 45,Chapter XI Diseases of the digestive system,Paralytic ileus and intestinal obstruction,31745,822,0.96 [0.88-1.04],0.2965603238522611
ARHGAP45,Rho GTPase-activating protein 45,Chapter XI Diseases of the digestive system,"Postprocedural disorders of digestive system, not elsewhere classified",41176,261,1.11 [0.96-1.28],0.1727756740314944
ARHGAP45,Rho GTPase-activating protein 45,Chapter XI Diseases of the digestive system,Recurring oral aphthae,43788,96,0.87 [0.69-1.11],0.2717501189623716
ARHGAP45,Rho GTPase-activating protein 45,Chapter XI Diseases of the digestive system,Stomatitis and related lesions,42173,190,1.01 [0.85-1.20],0.8968602743824974
ARHGAP45,Rho GTPase-activating protein 45,Chapter XI Diseases of the digestive system,Toxic colitis,40901,93,0.84 [0.65-1.07],0.1552417219581641
ARHGAP45,Rho GTPase-activating protein 45,Chapter XI Diseases of the digestive system,Ulcer of oesophagus,33357,468,1.05 [0.94-1.17],0.4083936063542948
ARHGAP45,Rho GTPase-activating protein 45,Chapter XI Diseases of the digestive system,Ulcerative colitis,41083,275,1.14 [0.99-1.31],0.0644618359314042
ARHGAP45,Rho GTPase-activating protein 45,Chapter XI Diseases of the digestive system,"Ulcerative colitis, NAS",41038,230,1.14 [0.98-1.32],0.1015689240264492
ARHGAP45,Rho GTPase-activating protein 45,Chapter XI Diseases of the digestive system,Umbilical hernia,36039,455,0.93 [0.83-1.03],0.1695141677917438
ARHGAP45,Rho GTPase-activating protein 45,Chapter XI Diseases of the digestive system,Vascular disorders of the intestines,31218,295,0.91 [0.79-1.05],0.1964475096000046
ARHGAP45,Rho GTPase-activating protein 45,Chapter XI Diseases of the digestive system,Ventral hernia,36019,435,1.09 [0.98-1.22],0.1287748653252011
ARHGAP45,Rho GTPase-activating protein 45,Chapter XI Diseases of the digestive system,Volvulus,31056,133,0.89 [0.72-1.09],0.2651042894968149
ARHGAP45,Rho GTPase-activating protein 45,Chapter XII Diseases of the skin and subcutaneous tissue,Actinic keratosis,43682,487,0.99 [0.89-1.11],0.9052889790466554
ARHGAP45,Rho GTPase-activating protein 45,Chapter XII Diseases of the skin and subcutaneous tissue,Arthropathic psoriasis,43270,133,0.91 [0.74-1.12],0.3741170458136872
ARHGAP45,Rho GTPase-activating protein 45,Chapter XII Diseases of the skin and subcutaneous tissue,Atrophic disorders of skin,40389,269,1.02 [0.89-1.18],0.7468530518736178
ARHGAP45,Rho GTPase-activating protein 45,Chapter XII Diseases of the skin and subcutaneous tissue,Cellulitis,42715,1185,0.98 [0.92-1.05],0.6152279458071228
ARHGAP45,Rho GTPase-activating protein 45,Chapter XII Diseases of the skin and subcutaneous tissue,"Cutaneous abscess, furuncle and carbuncle",41828,298,1.08 [0.95-1.24],0.2563910899839958
ARHGAP45,Rho GTPase-activating protein 45,Chapter XII Diseases of the skin and subcutaneous tissue,Decubitus ulcer and pressure area,40761,641,0.92 [0.83-1.01],0.0669314653348387
ARHGAP45,Rho GTPase-activating protein 45,Chapter XII Diseases of the skin and subcutaneous tissue,Dermatitis,43288,465,1.09 [0.98-1.22],0.1085664278068609
ARHGAP45,Rho GTPase-activating protein 45,Chapter XII Diseases of the skin and subcutaneous tissue,Dermatitis and eczema,43626,803,1.04 [0.96-1.13],0.3799235217859491
ARHGAP45,Rho GTPase-activating protein 45,Chapter XII Diseases of the skin and subcutaneous tissue,Dermatitis due to substances taken internally,42907,84,1.05 [0.82-1.36],0.6931387617535374
ARHGAP45,Rho GTPase-activating protein 45,Chapter XII Diseases of the skin and subcutaneous tissue,Diseases of the skin and subcutaneous tissue,41163,5368,0.99 [0.96-1.03],0.7034479435845342
ARHGAP45,Rho GTPase-activating protein 45,Chapter XII Diseases of the skin and subcutaneous tissue,Disorders of skin appendages,43038,737,0.93 [0.86-1.02],0.1141872640127591
ARHGAP45,Rho GTPase-activating protein 45,Chapter XII Diseases of the skin and subcutaneous tissue,Follicular cysts of skin and subcutaneous tissue,42813,512,0.96 [0.86-1.06],0.3873630978258106
ARHGAP45,Rho GTPase-activating protein 45,Chapter XII Diseases of the skin and subcutaneous tissue,Infections of the skin and subcutaneous tissue,43130,1600,0.98 [0.93-1.04],0.5436487884802017
ARHGAP45,Rho GTPase-activating protein 45,Chapter XII Diseases of the skin and subcutaneous tissue,"Lichen planus, including avohilmo",43782,90,1.18 [0.92-1.51],0.1879406831689021
ARHGAP45,Rho GTPase-activating protein 45,Chapter XII Diseases of the skin and subcutaneous tissue,Lupus erythematosus,40228,108,0.95 [0.76-1.20],0.686518067399291
ARHGAP45,Rho GTPase-activating protein 45,Chapter XII Diseases of the skin and subcutaneous tissue,Nail disorders,42392,91,0.94 [0.73-1.20],0.6023150502108972
ARHGAP45,Rho GTPase-activating protein 45,Chapter XII Diseases of the skin and subcutaneous tissue,Other and unspecified dermatitis,43270,447,1.09 [0.98-1.22],0.1227984971979079
ARHGAP45,Rho GTPase-activating protein 45,Chapter XII Diseases of the skin and subcutaneous tissue,Other and unspecified disorders of skin and subcutaneous tissue,40887,767,1.03 [0.95-1.12],0.4620644554253887
ARHGAP45,Rho GTPase-activating protein 45,Chapter XII Diseases of the skin and subcutaneous tissue,Other and unspecified epidermal thickening,40234,114,0.95 [0.76-1.18],0.6173497117552256
ARHGAP45,Rho GTPase-activating protein 45,Chapter XII Diseases of the skin and subcutaneous tissue,Other and unspecified erythematous conditions,43662,138,0.95 [0.77-1.15],0.5834241892399696
ARHGAP45,Rho GTPase-activating protein 45,Chapter XII Diseases of the skin and subcutaneous tissue,Other and unspecified local infections of skin and subcutaneous tissue,41832,302,1.08 [0.95-1.24],0.2332863735720541
ARHGAP45,Rho GTPase-activating protein 45,Chapter XII Diseases of the skin and subcutaneous tissue,Other and unspecified psoriasis,43466,329,0.89 [0.78-1.01],0.0786542839392703
ARHGAP45,Rho GTPase-activating protein 45,Chapter XII Diseases of the skin and subcutaneous tissue,Other contact dermatitis,42922,99,0.92 [0.72-1.16],0.471743221619986
ARHGAP45,Rho GTPase-activating protein 45,Chapter XII Diseases of the skin and subcutaneous tissue,Other disorders of pigmentation,40229,109,0.94 [0.75-1.18],0.6227493098109673
ARHGAP45,Rho GTPase-activating protein 45,Chapter XII Diseases of the skin and subcutaneous tissue,Other disorders of skin and subcutaneous tissue,42836,2716,0.99 [0.95-1.04],0.7207512043849045
ARHGAP45,Rho GTPase-activating protein 45,Chapter XII Diseases of the skin and subcutaneous tissue,"Other disorders of skin and subcutaneous tissue, not elsewhere classified",40952,832,1.03 [0.95-1.12],0.461615203995109
ARHGAP45,Rho GTPase-activating protein 45,Chapter XII Diseases of the skin and subcutaneous tissue,Other epidermal thickening,40241,121,0.95 [0.77-1.18],0.6614674022226631
ARHGAP45,Rho GTPase-activating protein 45,Chapter XII Diseases of the skin and subcutaneous tissue,Papulosquamous disorders,43662,525,0.97 [0.87-1.07],0.5229004244974399
ARHGAP45,Rho GTPase-activating protein 45,Chapter XII Diseases of the skin and subcutaneous tissue,Pruritus,42941,118,0.90 [0.72-1.12],0.3300177453069986
ARHGAP45,Rho GTPase-activating protein 45,Chapter XII Diseases of the skin and subcutaneous tissue,Psoriasis,43569,432,0.94 [0.84-1.05],0.2496329664265772
ARHGAP45,Rho GTPase-activating protein 45,Chapter XII Diseases of the skin and subcutaneous tissue,Radiation-related disorders of the skin and subcutaneous tissue,43725,530,0.98 [0.89-1.09],0.7118099364558906
ARHGAP45,Rho GTPase-activating protein 45,Chapter XII Diseases of the skin and subcutaneous tissue,Scar conditions and fibrosis of skin,40331,211,1.08 [0.92-1.27],0.3384379958266981
ARHGAP45,Rho GTPase-activating protein 45,Chapter XII Diseases of the skin and subcutaneous tissue,Seborrhoeic keratosis,40569,449,0.96 [0.86-1.08],0.5137838392969374
ARHGAP45,Rho GTPase-activating protein 45,Chapter XII Diseases of the skin and subcutaneous tissue,Skin changes due to chronic exposure to nonionizing radiation,43708,513,0.98 [0.88-1.09],0.6889294560488322
ARHGAP45,Rho GTPase-activating protein 45,Chapter XII Diseases of the skin and subcutaneous tissue,"Ulcer of lower limb, not elsewhere classified",40506,386,1.02 [0.90-1.15],0.7520634189613153
ARHGAP45,Rho GTPase-activating protein 45,Chapter XII Diseases of the skin and subcutaneous tissue,Urticaria and erythema,43755,231,1.01 [0.87-1.18],0.889080235300996
ARHGAP45,Rho GTPase-activating protein 45,Chapter XIII Diseases of the musculoskeletal system and connective tissue,Adhesive capsulitis of shoulder,37570,183,1.00 [0.84-1.19],0.9884381106028264
ARHGAP45,Rho GTPase-activating protein 45,Chapter XIII Diseases of the musculoskeletal system and connective tissue,Arthropathies,39857,9514,1.00 [0.98-1.03],0.6899267063662476
ARHGAP45,Rho GTPase-activating protein 45,Chapter XIII Diseases of the musculoskeletal system and connective tissue,Arthrosis,37463,7120,1.01 [0.98-1.03],0.7074911630046355
ARHGAP45,Rho GTPase-activating protein 45,Chapter XIII Diseases of the musculoskeletal system and connective tissue,Bursitis of shoulder,37517,130,1.01 [0.82-1.24],0.9256919335543672
ARHGAP45,Rho GTPase-activating protein 45,Chapter XIII Diseases of the musculoskeletal system and connective tissue,Cervical disc disorders,38021,256,1.06 [0.92-1.22],0.4438777722624633
ARHGAP45,Rho GTPase-activating protein 45,Chapter XIII Diseases of the musculoskeletal system and connective tissue,Cervicalgia,38063,298,1.03 [0.90-1.17],0.714601216127622
ARHGAP45,Rho GTPase-activating protein 45,Chapter XIII Diseases of the musculoskeletal system and connective tissue,Chondropathies,43391,157,0.84 [0.69-1.01],0.0625514910283005
ARHGAP45,Rho GTPase-activating protein 45,Chapter XIII Diseases of the musculoskeletal system and connective tissue,"Collapsed vertebra, not elsewhere classified",37931,166,0.92 [0.77-1.11],0.3994595521085673
ARHGAP45,Rho GTPase-activating protein 45,Chapter XIII Diseases of the musculoskeletal system and connective tissue,Coxarthrosis,32272,1929,1.01 [0.96-1.06],0.7331824683115216
ARHGAP45,Rho GTPase-activating protein 45,Chapter XIII Diseases of the musculoskeletal system and connective tissue,"Coxarthrosis, primary",43578,324,1.03 [0.90-1.17],0.683573789418789
ARHGAP45,Rho GTPase-activating protein 45,Chapter XIII Diseases of the musculoskeletal system and connective tissue,Deforming dorsopathies,38485,720,1.05 [0.96-1.14],0.2999135456069304
ARHGAP45,Rho GTPase-activating protein 45,Chapter XIII Diseases of the musculoskeletal system and connective tissue,Diseases of the musculoskeletal system and connective tissue,37021,12264,1.01 [0.99-1.04],0.21369913373119
ARHGAP45,Rho GTPase-activating protein 45,Chapter XIII Diseases of the musculoskeletal system and connective tissue,Disorders of continuity of bone,40456,200,0.87 [0.74-1.03],0.1095578048837055
ARHGAP45,Rho GTPase-activating protein 45,Chapter XIII Diseases of the musculoskeletal system and connective tissue,Disorders of muscles,37641,254,0.97 [0.84-1.13],0.7244487215543197
ARHGAP45,Rho GTPase-activating protein 45,Chapter XIII Diseases of the musculoskeletal system and connective tissue,Disorders of synovium and tendon,38364,977,1.06 [0.99-1.15],0.0997349657743823
ARHGAP45,Rho GTPase-activating protein 45,Chapter XIII Diseases of the musculoskeletal system and connective tissue,Dorsopathies,42218,4453,1.01 [0.97-1.04],0.763870866116688
ARHGAP45,Rho GTPase-activating protein 45,Chapter XIII Diseases of the musculoskeletal system and connective tissue,Fibroblastic disorders,37858,471,0.97 [0.87-1.08],0.6222503896446137
ARHGAP45,Rho GTPase-activating protein 45,Chapter XIII Diseases of the musculoskeletal system and connective tissue,Fibromyalgia,37769,382,1.16 [1.03-1.30],0.0163537714748393
ARHGAP45,Rho GTPase-activating protein 45,Chapter XIII Diseases of the musculoskeletal system and connective tissue,Ganglion,37620,233,1.16 [0.99-1.35],0.0600669026423532
ARHGAP45,Rho GTPase-activating protein 45,Chapter XIII Diseases of the musculoskeletal system and connective tissue,Giant cell arteritis,42677,116,0.92 [0.74-1.15],0.4861287206348689
ARHGAP45,Rho GTPase-activating protein 45,Chapter XIII Diseases of the musculoskeletal system and connective tissue,Gonarthrosis,33174,2831,1.00 [0.96-1.05],0.8629030645896087
ARHGAP45,Rho GTPase-activating protein 45,Chapter XIII Diseases of the musculoskeletal system and connective tissue,Gout,31331,988,1.08 [1.00-1.16],0.0405070187104134
ARHGAP45,Rho GTPase-activating protein 45,Chapter XIII Diseases of the musculoskeletal system and connective tissue,"Gout, unspecified",43677,973,1.08 [1.01-1.17],0.0323806321959428
ARHGAP45,Rho GTPase-activating protein 45,Chapter XIII Diseases of the musculoskeletal system and connective tissue,Hallux rigidus,30473,130,0.93 [0.75-1.14],0.4734264833105196
ARHGAP45,Rho GTPase-activating protein 45,Chapter XIII Diseases of the musculoskeletal system and connective tissue,Hallux valgus (acquired),30914,571,0.88 [0.80-0.97],0.0123961298510207
ARHGAP45,Rho GTPase-activating protein 45,Chapter XIII Diseases of the musculoskeletal system and connective tissue,Impingement syndrome of shoulder,37897,510,0.98 [0.89-1.09],0.7705563506918629
ARHGAP45,Rho GTPase-activating protein 45,Chapter XIII Diseases of the musculoskeletal system and connective tissue,Internal derangement of knee,31418,1075,1.01 [0.94-1.09],0.7129761410286393
ARHGAP45,Rho GTPase-activating protein 45,Chapter XIII Diseases of the musculoskeletal system and connective tissue,Kyphosis,37857,92,1.26 [0.99-1.60],0.0611475257375311
ARHGAP45,Rho GTPase-activating protein 45,Chapter XIII Diseases of the musculoskeletal system and connective tissue,Low back pain,38820,1055,1.01 [0.94-1.09],0.7750457069166924
ARHGAP45,Rho GTPase-activating protein 45,Chapter XIII Diseases of the musculoskeletal system and connective tissue,Lumbar disc prolapse,38271,506,1.03 [0.93-1.14],0.5684860728949568
ARHGAP45,Rho GTPase-activating protein 45,Chapter XIII Diseases of the musculoskeletal system and connective tissue,Meniscus derangement,31344,1001,1.00 [0.93-1.08],0.9051479241362148
ARHGAP45,Rho GTPase-activating protein 45,Chapter XIII Diseases of the musculoskeletal system and connective tissue,Myalgia,37512,125,1.19 [0.97-1.46],0.102107002333488
ARHGAP45,Rho GTPase-activating protein 45,Chapter XIII Diseases of the musculoskeletal system and connective tissue,"Neuralgia and neuritis, unspecified",37490,103,1.01 [0.80-1.27],0.9449401515240716
ARHGAP45,Rho GTPase-activating protein 45,Chapter XIII Diseases of the musculoskeletal system and connective tissue,Osteomyelitis,40378,122,1.05 [0.85-1.30],0.6490777989719382
ARHGAP45,Rho GTPase-activating protein 45,Chapter XIII Diseases of the musculoskeletal system and connective tissue,Osteopathies and chondropathies,43157,2901,0.97 [0.93-1.01],0.1543885428739676
ARHGAP45,Rho GTPase-activating protein 45,Chapter XIII Diseases of the musculoskeletal system and connective tissue,Osteoporosis,42151,1895,0.96 [0.91-1.02],0.1581317480107843
ARHGAP45,Rho GTPase-activating protein 45,Chapter XIII Diseases of the musculoskeletal system and connective tissue,"Other (seronegative) rheumatoid arthritis, wide",43562,762,1.11 [1.02-1.20],0.0190818664760015
ARHGAP45,Rho GTPase-activating protein 45,Chapter XIII Diseases of the musculoskeletal system and connective tissue,Other arthrosis,34531,4188,1.01 [0.97-1.05],0.6125324332438955
ARHGAP45,Rho GTPase-activating protein 45,Chapter XIII Diseases of the musculoskeletal system and connective tissue,Other articular cartilage disorders,30448,105,0.97 [0.77-1.21],0.7627974418312974
ARHGAP45,Rho GTPase-activating protein 45,Chapter XIII Diseases of the musculoskeletal system and connective tissue,Other bursopathies,37541,154,1.08 [0.90-1.31],0.3986315187416039
ARHGAP45,Rho GTPase-activating protein 45,Chapter XIII Diseases of the musculoskeletal system and connective tissue,Other crystal arthropathies,30431,88,0.93 [0.72-1.20],0.5713825583156418
ARHGAP45,Rho GTPase-activating protein 45,Chapter XIII Diseases of the musculoskeletal system and connective tissue,Other deformities of toe(s),30558,215,0.99 [0.84-1.16],0.889593080025214
ARHGAP45,Rho GTPase-activating protein 45,Chapter XIII Diseases of the musculoskeletal system and connective tissue,Other disorders of bone,40670,414,0.93 [0.83-1.05],0.2556566467975911
ARHGAP45,Rho GTPase-activating protein 45,Chapter XIII Diseases of the musculoskeletal system and connective tissue,Other disorders of bone density and structure,40889,633,0.96 [0.87-1.05],0.3517089971023462
ARHGAP45,Rho GTPase-activating protein 45,Chapter XIII Diseases of the musculoskeletal system and connective tissue,Other disorders of the musculoskeletal system and connective tissue,43759,166,1.12 [0.93-1.34],0.2339457438231552
ARHGAP45,Rho GTPase-activating protein 45,Chapter XIII Diseases of the musculoskeletal system and connective tissue,"Other dorsopathies, not elsewhere classified",40791,3026,1.02 [0.98-1.06],0.3814474356570412
ARHGAP45,Rho GTPase-activating protein 45,Chapter XIII Diseases of the musculoskeletal system and connective tissue,Other enthesopathies,37554,167,1.01 [0.84-1.21],0.9420166527020588
ARHGAP45,Rho GTPase-activating protein 45,Chapter XIII Diseases of the musculoskeletal system and connective tissue,Other hammer toe(s) (acquired),30583,240,0.91 [0.78-1.06],0.2226466120188042
ARHGAP45,Rho GTPase-activating protein 45,Chapter XIII Diseases of the musculoskeletal system and connective tissue,Other intervertebral disc disorders,38980,1215,1.01 [0.95-1.09],0.6636564529436162
ARHGAP45,Rho GTPase-activating protein 45,Chapter XIII Diseases of the musculoskeletal system and connective tissue,Other joint disorders,33980,3637,1.00 [0.96-1.04],0.9437111059412838
ARHGAP45,Rho GTPase-activating protein 45,Chapter XIII Diseases of the musculoskeletal system and connective tissue,Other necrotizing vasculopathies,42718,157,1.01 [0.84-1.22],0.9153946026767452
ARHGAP45,Rho GTPase-activating protein 45,Chapter XIII Diseases of the musculoskeletal system and connective tissue,Other psoriatic arthropathies,43779,125,0.96 [0.78-1.18],0.7123610240011791
ARHGAP45,Rho GTPase-activating protein 45,Chapter XIII Diseases of the musculoskeletal system and connective tissue,Other shoulder lesions,37525,138,1.10 [0.90-1.34],0.3645035039974791
ARHGAP45,Rho GTPase-activating protein 45,Chapter XIII Diseases of the musculoskeletal system and connective tissue,"Other soft tissue disorders, not elsewhere classified",39487,2100,1.04 [0.99-1.09],0.1543172713118243
ARHGAP45,Rho GTPase-activating protein 45,Chapter XIII Diseases of the musculoskeletal system and connective tissue,Other specified disorders of muscle,37535,148,1.02 [0.84-1.24],0.8266276526682588
ARHGAP45,Rho GTPase-activating protein 45,Chapter XIII Diseases of the musculoskeletal system and connective tissue,Other specified/unspecified arthritis,33092,2749,1.05 [1.00-1.09],0.0492032421448642
ARHGAP45,Rho GTPase-activating protein 45,Chapter XIII Diseases of the musculoskeletal system and connective tissue,Other specified/unspecified disorders of  bone/cartilage,40454,198,0.97 [0.82-1.15],0.7337161622717107
ARHGAP45,Rho GTPase-activating protein 45,Chapter XIII Diseases of the musculoskeletal system and connective tissue,Other specified/unspecified disorders of synovium and tendon +Other specified/unspecified bursopathies,37474,87,1.13 [0.88-1.45],0.3330770315327185
ARHGAP45,Rho GTPase-activating protein 45,Chapter XIII Diseases of the musculoskeletal system and connective tissue,Other specified/unspecified inflammatory spondylopathies,38030,265,0.91 [0.79-1.05],0.2117502936529527
ARHGAP45,Rho GTPase-activating protein 45,Chapter XIII Diseases of the musculoskeletal system and connective tissue,Other specified/unspecified soft tissue disorders,38305,918,1.00 [0.93-1.08],0.99967919438678
ARHGAP45,Rho GTPase-activating protein 45,Chapter XIII Diseases of the musculoskeletal system and connective tissue,Other systemic involvement of connective tissue,43166,605,1.10 [1.00-1.21],0.0429906898691112
ARHGAP45,Rho GTPase-activating protein 45,Chapter XIII Diseases of the musculoskeletal system and connective tissue,Other/unspecified dorsalgia,38729,964,0.99 [0.91-1.06],0.7227900576300282
ARHGAP45,Rho GTPase-activating protein 45,Chapter XIII Diseases of the musculoskeletal system and connective tissue,Other/unspecified rheumatoid arthritis,43582,742,1.11 [1.02-1.21],0.0192542412290869
ARHGAP45,Rho GTPase-activating protein 45,Chapter XIII Diseases of the musculoskeletal system and connective tissue,Other/unspecified seropositive rheumatoid arthritis,43772,88,1.34 [1.05-1.71],0.0203152857490559
ARHGAP45,Rho GTPase-activating protein 45,Chapter XIII Diseases of the musculoskeletal system and connective tissue,Other/unspecified synovitis and tenosynovitis,37710,323,1.02 [0.90-1.16],0.7542452665372137
ARHGAP45,Rho GTPase-activating protein 45,Chapter XIII Diseases of the musculoskeletal system and connective tissue,Pain in joint,34679,1269,1.06 [0.99-1.13],0.105510007118162
ARHGAP45,Rho GTPase-activating protein 45,Chapter XIII Diseases of the musculoskeletal system and connective tissue,Pain in limb,38362,975,1.00 [0.93-1.08],0.9499118603430772
ARHGAP45,Rho GTPase-activating protein 45,Chapter XIII Diseases of the musculoskeletal system and connective tissue,Palmar fascial fibromatosis [Dupuytren],37779,392,0.98 [0.87-1.10],0.708387580959563
ARHGAP45,Rho GTPase-activating protein 45,Chapter XIII Diseases of the musculoskeletal system and connective tissue,"Polyarthritis, unspecified",30442,99,0.92 [0.73-1.17],0.489393158014529
ARHGAP45,Rho GTPase-activating protein 45,Chapter XIII Diseases of the musculoskeletal system and connective tissue,Polyarthropathies,34541,4198,1.06 [1.02-1.10],0.0026540701916405
ARHGAP45,Rho GTPase-activating protein 45,Chapter XIII Diseases of the musculoskeletal system and connective tissue,Polyarthrosis,31438,1095,0.99 [0.92-1.06],0.8038210959370757
ARHGAP45,Rho GTPase-activating protein 45,Chapter XIII Diseases of the musculoskeletal system and connective tissue,Polymyalgia rheumatica,42945,384,1.11 [0.98-1.25],0.0970341860934185
ARHGAP45,Rho GTPase-activating protein 45,Chapter XIII Diseases of the musculoskeletal system and connective tissue,"Postprocedural musculoskeletal disorders, not elsewhere classified",43700,107,1.02 [0.81-1.27],0.8933303389871281
ARHGAP45,Rho GTPase-activating protein 45,Chapter XIII Diseases of the musculoskeletal system and connective tissue,"Primary gonarthrosis, bilateral",40181,83,1.29 [1.00-1.66],0.0517827234304817
ARHGAP45,Rho GTPase-activating protein 45,Chapter XIII Diseases of the musculoskeletal system and connective tissue,Psoriatic arthropathies,30471,128,0.94 [0.77-1.16],0.583301384052881
ARHGAP45,Rho GTPase-activating protein 45,Chapter XIII Diseases of the musculoskeletal system and connective tissue,Radiculopathy,37935,170,1.05 [0.88-1.26],0.5606651981247393
ARHGAP45,Rho GTPase-activating protein 45,Chapter XIII Diseases of the musculoskeletal system and connective tissue,Rheumatoid arthritis,31115,772,1.11 [1.02-1.20],0.0171001041682516
ARHGAP45,Rho GTPase-activating protein 45,Chapter XIII Diseases of the musculoskeletal system and connective tissue,Rotator cuff syndrome,37912,525,0.98 [0.88-1.08],0.6473871802606679
ARHGAP45,Rho GTPase-activating protein 45,Chapter XIII Diseases of the musculoskeletal system and connective tissue,Sciatica+with lumbago,38189,424,1.15 [1.03-1.28],0.0167508243501424
ARHGAP45,Rho GTPase-activating protein 45,Chapter XIII Diseases of the musculoskeletal system and connective tissue,Scoliosis,38071,306,1.01 [0.88-1.15],0.8872733074623468
ARHGAP45,Rho GTPase-activating protein 45,Chapter XIII Diseases of the musculoskeletal system and connective tissue,Seronegative rheumatoid arthritis,34267,103,1.20 [0.96-1.51],0.114006426929243
ARHGAP45,Rho GTPase-activating protein 45,Chapter XIII Diseases of the musculoskeletal system and connective tissue,"Seropositive rheumatoid arthritis, wide",43780,96,1.24 [0.98-1.57],0.0732518940440068
ARHGAP45,Rho GTPase-activating protein 45,Chapter XIII Diseases of the musculoskeletal system and connective tissue,Shoulder lesions,38381,994,1.00 [0.93-1.08],0.9440477854573894
ARHGAP45,Rho GTPase-activating protein 45,Chapter XIII Diseases of the musculoskeletal system and connective tissue,Sicca syndrome [Sjgren],42728,167,1.09 [0.91-1.31],0.3250331923273819
ARHGAP45,Rho GTPase-activating protein 45,Chapter XIII Diseases of the musculoskeletal system and connective tissue,Soft tissue disorders,41754,4367,1.02 [0.99-1.06],0.2405230663711634
ARHGAP45,Rho GTPase-activating protein 45,Chapter XIII Diseases of the musculoskeletal system and connective tissue,"Soft tissue disorders related to use, overuse and pressure",37612,225,0.96 [0.82-1.12],0.5912938570254547
ARHGAP45,Rho GTPase-activating protein 45,Chapter XIII Diseases of the musculoskeletal system and connective tissue,Spinal stenosis,38652,887,1.03 [0.95-1.11],0.4971310325684945
ARHGAP45,Rho GTPase-activating protein 45,Chapter XIII Diseases of the musculoskeletal system and connective tissue,Spondyloarthritis,41376,389,0.95 [0.85-1.07],0.4308774793935288
ARHGAP45,Rho GTPase-activating protein 45,Chapter XIII Diseases of the musculoskeletal system and connective tissue,Spondylolisthesis/Spondylolysis,38095,330,1.04 [0.92-1.19],0.5152649914133667
ARHGAP45,Rho GTPase-activating protein 45,Chapter XIII Diseases of the musculoskeletal system and connective tissue,Spondylopathies,40350,2585,0.99 [0.94-1.03],0.6068420798601127
ARHGAP45,Rho GTPase-activating protein 45,Chapter XIII Diseases of the musculoskeletal system and connective tissue,Spondylosis,39459,1694,0.98 [0.93-1.04],0.6028686420655811
ARHGAP45,Rho GTPase-activating protein 45,Chapter XIII Diseases of the musculoskeletal system and connective tissue,Synovial cyst of popliteal space [Baker],37474,87,1.01 [0.78-1.30],0.9431916251536684
ARHGAP45,Rho GTPase-activating protein 45,Chapter XIII Diseases of the musculoskeletal system and connective tissue,Systemic lupus erythematosus,42811,250,1.05 [0.91-1.22],0.4881112792813433
ARHGAP45,Rho GTPase-activating protein 45,Chapter XIII Diseases of the musculoskeletal system and connective tissue,Trigger finger,37669,282,1.08 [0.94-1.24],0.2683361374453064
ARHGAP45,Rho GTPase-activating protein 45,Chapter XIII Diseases of the musculoskeletal system and connective tissue,Trochanteric bursitis,37520,133,0.86 [0.70-1.06],0.1636377875977951
ARHGAP45,Rho GTPase-activating protein 45,Chapter XIII Diseases of the musculoskeletal system and connective tissue,Wrist or foot drop (acquired),30439,96,1.00 [0.79-1.27],0.998686896985735
ARHGAP45,Rho GTPase-activating protein 45,Chapter XIV Diseases of the genitourinary system,Acute renal failure,42224,2532,1.00 [0.96-1.05],0.9069501866729068
ARHGAP45,Rho GTPase-activating protein 45,Chapter XIV Diseases of the genitourinary system,Adenomyosis (Endometriosis of uterus),17745,86,1.10 [0.85-1.41],0.4763972473042296
ARHGAP45,Rho GTPase-activating protein 45,Chapter XIV Diseases of the genitourinary system,Benign mammary dysplasia,23115,100,0.94 [0.74-1.18],0.5794139698177176
ARHGAP45,Rho GTPase-activating protein 45,Chapter XIV Diseases of the genitourinary system,Calculus of kidney and ureter,43278,534,1.07 [0.96-1.18],0.2106270710397936
ARHGAP45,Rho GTPase-activating protein 45,Chapter XIV Diseases of the genitourinary system,Calculus of lower urinary tract,42888,144,0.94 [0.77-1.14],0.5304322979737055
ARHGAP45,Rho GTPase-activating protein 45,Chapter XIV Diseases of the genitourinary system,Chronic kidney disease,41974,2282,0.96 [0.92-1.01],0.1420626016264981
ARHGAP45,Rho GTPase-activating protein 45,Chapter XIV Diseases of the genitourinary system,Chronic nephritic syndrome,43472,104,0.76 [0.60-0.95],0.0188693637507465
ARHGAP45,Rho GTPase-activating protein 45,Chapter XIV Diseases of the genitourinary system,Cyst of kidney,43429,488,1.00 [0.90-1.11],0.9796831882403476
ARHGAP45,Rho GTPase-activating protein 45,Chapter XIV Diseases of the genitourinary system,Cystitis,38700,392,0.96 [0.86-1.09],0.5442880619374165
ARHGAP45,Rho GTPase-activating protein 45,Chapter XIV Diseases of the genitourinary system,Dialysis,39804,112,1.43 [1.15-1.77],0.0013095360316897
ARHGAP45,Rho GTPase-activating protein 45,Chapter XIV Diseases of the genitourinary system,Diseases of male genital organs,19048,2777,1.02 [0.98-1.07],0.3676799729261549
ARHGAP45,Rho GTPase-activating protein 45,Chapter XIV Diseases of the genitourinary system,Disorders of breast,23297,282,0.97 [0.84-1.11],0.6255116588525285
ARHGAP45,Rho GTPase-activating protein 45,Chapter XIV Diseases of the genitourinary system,Endometriosis,17808,149,1.01 [0.83-1.22],0.93888577888521
ARHGAP45,Rho GTPase-activating protein 45,Chapter XIV Diseases of the genitourinary system,"Excessive, frequent and irregular menstruation",17994,335,0.86 [0.76-0.98],0.0262911265671452
ARHGAP45,Rho GTPase-activating protein 45,Chapter XIV Diseases of the genitourinary system,Female genital prolapse,18515,856,1.05 [0.97-1.13],0.2723096648022853
ARHGAP45,Rho GTPase-activating protein 45,Chapter XIV Diseases of the genitourinary system,Genitourinary diseases,36589,8920,1.00 [0.98-1.03],0.9652160909796286
ARHGAP45,Rho GTPase-activating protein 45,Chapter XIV Diseases of the genitourinary system,Glomerular disorders in diseases classified elsewhere,43490,122,1.01 [0.82-1.25],0.904049457170098
ARHGAP45,Rho GTPase-activating protein 45,Chapter XIV Diseases of the genitourinary system,Hydrocele,16440,169,1.01 [0.84-1.21],0.9228939081383604
ARHGAP45,Rho GTPase-activating protein 45,Chapter XIV Diseases of the genitourinary system,Hydronephrosis,39640,469,1.04 [0.93-1.16],0.4770198782489753
ARHGAP45,Rho GTPase-activating protein 45,Chapter XIV Diseases of the genitourinary system,Hyperplasia of prostate,18448,2177,1.02 [0.97-1.08],0.3500970087024495
ARHGAP45,Rho GTPase-activating protein 45,Chapter XIV Diseases of the genitourinary system,Inflammatory diseases of female pelvic organs,23229,344,0.94 [0.83-1.07],0.3341674434686581
ARHGAP45,Rho GTPase-activating protein 45,Chapter XIV Diseases of the genitourinary system,Inflammatory diseases of prostate (prostatitis),16465,194,0.85 [0.72-1.01],0.0683915729197094
ARHGAP45,Rho GTPase-activating protein 45,Chapter XIV Diseases of the genitourinary system,Irregular menses,23311,107,0.67 [0.53-0.85],0.0008344201582665
ARHGAP45,Rho GTPase-activating protein 45,Chapter XIV Diseases of the genitourinary system,Menorrhagia,17921,262,1.00 [0.86-1.16],0.9935661076108891
ARHGAP45,Rho GTPase-activating protein 45,Chapter XIV Diseases of the genitourinary system,Neuromuscular dysfunction of bladder,38431,123,0.96 [0.78-1.19],0.7371898190706632
ARHGAP45,Rho GTPase-activating protein 45,Chapter XIV Diseases of the genitourinary system,Noninflammatory disorders of female genital tract,19753,2094,1.00 [0.95-1.05],0.9844815586465728
ARHGAP45,Rho GTPase-activating protein 45,Chapter XIV Diseases of the genitourinary system,Orchitis and epididymitis,16371,100,0.89 [0.70-1.13],0.3343311208615513
ARHGAP45,Rho GTPase-activating protein 45,Chapter XIV Diseases of the genitourinary system,Other abnormal uterine and vaginal bleeding,17780,121,1.01 [0.82-1.25],0.9142028430758304
ARHGAP45,Rho GTPase-activating protein 45,Chapter XIV Diseases of the genitourinary system,"Other chronic cystitis, drug-induced",43794,109,0.99 [0.79-1.24],0.949368154718736
ARHGAP45,Rho GTPase-activating protein 45,Chapter XIV Diseases of the genitourinary system,"Other cystitis, drug-induced",43792,115,0.86 [0.69-1.07],0.181089021567823
ARHGAP45,Rho GTPase-activating protein 45,Chapter XIV Diseases of the genitourinary system,Other diseases of urinary system,42027,3719,0.99 [0.96-1.03],0.7432935985035195
ARHGAP45,Rho GTPase-activating protein 45,Chapter XIV Diseases of the genitourinary system,Other disorders of  bladder,39516,1208,0.96 [0.90-1.03],0.2404313570977519
ARHGAP45,Rho GTPase-activating protein 45,Chapter XIV Diseases of the genitourinary system,Other disorders of breast,23114,99,1.04 [0.82-1.32],0.7408963196390018
ARHGAP45,Rho GTPase-activating protein 45,Chapter XIV Diseases of the genitourinary system,Other disorders of kidney and ureter,43701,760,1.05 [0.96-1.14],0.2832159790369046
ARHGAP45,Rho GTPase-activating protein 45,Chapter XIV Diseases of the genitourinary system,Other disorders of male genital organs,16529,258,1.02 [0.88-1.18],0.8076248835390419
ARHGAP45,Rho GTPase-activating protein 45,Chapter XIV Diseases of the genitourinary system,Other disorders of penis,16507,236,0.99 [0.85-1.16],0.9332107609133654
ARHGAP45,Rho GTPase-activating protein 45,Chapter XIV Diseases of the genitourinary system,Other disorders of prostate,16459,188,1.05 [0.89-1.25],0.5682966690789335
ARHGAP45,Rho GTPase-activating protein 45,Chapter XIV Diseases of the genitourinary system,Other disorders of the genitourinary system,43745,118,1.13 [0.91-1.40],0.2759949504393121
ARHGAP45,Rho GTPase-activating protein 45,Chapter XIV Diseases of the genitourinary system,Other disorders of urethra and urinary system,41152,2844,1.01 [0.96-1.05],0.7329706840189476
ARHGAP45,Rho GTPase-activating protein 45,Chapter XIV Diseases of the genitourinary system,Other female pelvic inflammatory diseases,23064,179,1.03 [0.87-1.23],0.7322949318644649
ARHGAP45,Rho GTPase-activating protein 45,Chapter XIV Diseases of the genitourinary system,Other noninflammatory disorders of cervix uteri,17792,133,1.22 [1.00-1.49],0.0542419352926251
ARHGAP45,Rho GTPase-activating protein 45,Chapter XIV Diseases of the genitourinary system,"Other noninflammatory disorders of uterus, except cervix",17994,335,1.03 [0.91-1.17],0.6609620663426965
ARHGAP45,Rho GTPase-activating protein 45,Chapter XIV Diseases of the genitourinary system,Other noninflammatory disorders of vagina,17762,103,1.09 [0.87-1.38],0.44181993306145
ARHGAP45,Rho GTPase-activating protein 45,Chapter XIV Diseases of the genitourinary system,Other noninflammatory disorders of vulva and perineum,17841,182,1.06 [0.89-1.26],0.496795446407911
ARHGAP45,Rho GTPase-activating protein 45,Chapter XIV Diseases of the genitourinary system,Other obstructive and reflux uropathy,39720,549,1.04 [0.94-1.15],0.3980981914854929
ARHGAP45,Rho GTPase-activating protein 45,Chapter XIV Diseases of the genitourinary system,Other specified disorders of kidney and ureter,43193,252,1.12 [0.97-1.29],0.1370658785872514
ARHGAP45,Rho GTPase-activating protein 45,Chapter XIV Diseases of the genitourinary system,Ovarian cyst,17911,252,1.04 [0.90-1.21],0.5921349920161407
ARHGAP45,Rho GTPase-activating protein 45,Chapter XIV Diseases of the genitourinary system,Pain and other conditions associated with female genital organs and menstrual cycle,17749,90,0.96 [0.75-1.24],0.7714455291785592
ARHGAP45,Rho GTPase-activating protein 45,Chapter XIV Diseases of the genitourinary system,Polyp of the female genital tract,18206,547,1.01 [0.91-1.11],0.9172510763447818
ARHGAP45,Rho GTPase-activating protein 45,Chapter XIV Diseases of the genitourinary system,Postmenopausal atrophic vaginitis,17798,139,1.11 [0.91-1.35],0.3077496997260845
ARHGAP45,Rho GTPase-activating protein 45,Chapter XIV Diseases of the genitourinary system,Postmenopausal bleeding,18164,505,1.00 [0.90-1.11],0.94144389840106
ARHGAP45,Rho GTPase-activating protein 45,Chapter XIV Diseases of the genitourinary system,Recurrent and persistent haematuria,43453,85,0.95 [0.74-1.23],0.7128308734182158
ARHGAP45,Rho GTPase-activating protein 45,Chapter XIV Diseases of the genitourinary system,"Redundant prepuce, phimosis and paraphimosis",16492,221,1.04 [0.89-1.22],0.5917904436108846
ARHGAP45,Rho GTPase-activating protein 45,Chapter XIV Diseases of the genitourinary system,Renal tubulo-interstitial diseases,43436,4265,1.00 [0.96-1.03],0.8859338349857222
ARHGAP45,Rho GTPase-activating protein 45,Chapter XIV Diseases of the genitourinary system,"Tubulo-interstitial nephritis, not specified as acute or chronic",39370,199,1.03 [0.87-1.22],0.7137821521420625
ARHGAP45,Rho GTPase-activating protein 45,Chapter XIV Diseases of the genitourinary system,Unspecified kidney failure,39892,200,0.96 [0.81-1.13],0.6185426526324092
ARHGAP45,Rho GTPase-activating protein 45,Chapter XIV Diseases of the genitourinary system,Unspecified renal colic,42837,93,1.08 [0.85-1.37],0.5374309071439755
ARHGAP45,Rho GTPase-activating protein 45,Chapter XIV Diseases of the genitourinary system,Urethral stricture,38677,369,1.05 [0.93-1.19],0.4202937085080336
ARHGAP45,Rho GTPase-activating protein 45,Chapter XIV Diseases of the genitourinary system,Urolithiasis,43412,668,1.04 [0.95-1.14],0.3874248527074523
ARHGAP45,Rho GTPase-activating protein 45,Chapter XIV Diseases of the genitourinary system,Uterine polyps,17778,119,1.10 [0.89-1.36],0.3900451513735596
